time 1960 1961 1962 1963 1964 1965 1966 1967 1968 1969 1970 1971 1972 1973 1974 1975 1976 1977 1978 1979 1980 1981 1982 1983 1984 1985 1986 1987 1988 1989 1990 1991 1992 1993 1994
0.001369863 10 18.3 18.9 16.7 22.8 13.9 15 16.7 15.6 20 15 18.3 16.1 13.3 17.2 13.9 11.1 14.4 18.9 11.7 18.3 26.7 18.3 13.9 20 15.6 22.2 17.8 13.3 15.6 18.3 15.6 16.1 15 19.4
0.004109589 10.6 16.7 19.4 16.7 22.2 15.6 12.8 15.6 16.1 18.3 12.2 16.7 17.8 14.4 12.8 12.2 10.6 15.6 18.9 8.9 20.6 26.1 16.1 14.4 20 15 21.1 20 12.8 16.1 16.1 15.6 15.6 17.2 20.6
0.006849315 10 17.8 20 14.4 19.4 16.7 13.3 13.9 16.1 22.8 12.2 8.9 17.2 16.1 11.7 12.8 11.7 15 17.8 10.6 17.2 26.7 12.2 15.6 21.1 15.6 20.6 22.2 11.7 18.3 16.1 15.6 12.8 13.9 21.1
0.009589041 10 17.2 19.4 17.2 19.4 17.8 15 16.7 16.1 22.2 14.4 6.1 8.9 13.9 13.3 15 15.6 13.3 18.3 16.7 18.9 25 15.6 16.7 22.8 17.2 20.6 18.9 15.6 14.4 11.7 12.2 11.7 11.1 22.2
0.01232877 12.8 20 19.4 18.9 17.2 17.8 17.2 16.7 15 22.2 12.2 6.1 11.7 11.7 13.3 15.6 18.3 13.9 20.6 13.3 18.9 22.8 17.2 18.9 19.4 18.9 21.7 16.1 13.3 16.1 16.1 13.3 16.1 14.4 23.9
0.01506849 14.4 19.4 22.2 18.9 16.7 15.6 18.3 15 15.6 23.9 12.8 7.2 16.1 11.7 12.2 18.3 16.7 16.7 20.6 14.4 16.7 21.7 16.7 20.6 22.2 17.2 22.2 16.1 13.9 12.2 17.2 15 13.9 13.3 21.1
0.01780822 17.2 21.7 26.1 20.6 16.7 17.8 21.1 13.9 17.2 25.6 12.8 7.2 15 12.8 13.9 19.4 16.7 12.8 20 15.6 21.1 20.6 12.8 21.1 22.8 12.8 21.1 15.6 15.6 11.1 16.1 16.1 13.9 16.7 15.6
0.02054795 20 23.3 25.6 18.9 16.1 17.8 22.8 14.4 17.2 23.3 16.1 10 16.7 12.8 13.3 18.9 18.3 12.8 20.6 15.6 19.4 21.7 15 22.2 22.2 15.6 24.4 12.8 15.6 11.7 17.8 14.4 13.9 16.1 16.1
0.02328767 20 23.3 24.4 20.6 13.9 14.4 21.1 17.2 18.3 18.9 18.3 14.4 16.7 16.7 15 16.1 21.1 11.7 15.6 13.3 16.7 21.7 17.8 21.1 21.1 15.6 19.4 13.3 17.8 12.2 22.8 14.4 15.6 15 16.1
0.0260274 16.7 21.7 20 19.4 13.9 17.8 21.7 20 18.9 18.3 20 17.2 17.8 16.1 15.6 13.9 18.3 12.8 16.1 15 18.9 24.4 13.9 21.7 23.3 16.7 22.2 14.4 18.3 17.2 24.4 15 18.3 13.3 18.3
0.02876712 16.1 23.3 10.6 16.7 13.3 20.6 21.7 22.2 19.4 20.6 18.3 20 19.4 17.2 15.6 15 18.9 15 14.4 18.9 18.9 21.7 17.8 23.9 20.6 15.6 25.6 16.7 20 12.8 25 15.6 17.8 13.9 18.3
0.03150685 15 21.7 12.8 8.3 13.9 20 20 20.6 17.2 23.3 15.6 18.9 19.4 17.2 17.8 15 18.3 17.8 14.4 20 20 17.2 17.8 24.4 17.8 15.6 25.6 19.4 20 12.2 25 17.8 14.4 14.4 19.4
0.03424658 15 20.6 13.3 6.7 13.9 21.7 20 21.1 19.4 20.6 17.8 16.7 20 20.6 17.8 17.8 20 15.6 16.1 20 23.3 21.1 17.2 23.9 18.3 15.6 24.4 17.8 16.1 13.9 21.7 20 13.3 16.1 20.6
0.0369863 12.2 22.8 12.8 10.6 13.3 22.2 20 23.9 20.6 17.2 19.4 16.7 21.1 23.3 18.3 20 21.7 17.2 17.2 17.2 22.2 22.2 17.2 23.3 18.3 17.2 19.4 11.1 19.4 15.6 18.9 21.7 14.4 18.9 21.7
0.03972603 10 23.9 13.3 13.9 16.1 21.7 18.9 24.4 20.6 18.3 19.4 20 21.1 23.3 20 21.7 22.2 16.7 18.9 15.6 19.4 23.3 18.3 25.6 18.3 18.9 21.7 8.9 19.4 14.4 16.1 21.1 17.8 16.1 21.7
0.04246575 10 25 16.1 15.6 17.2 26.1 18.3 23.3 20.6 18.9 18.9 20.6 21.1 21.1 22.2 20.6 26.7 19.4 15.6 15.6 21.7 22.2 20 23.3 16.1 17.2 22.2 7.2 19.4 16.1 17.2 20 15.6 16.7 21.7
0.04520548 11.7 25.6 17.2 16.7 18.3 25.6 15 21.7 19.4 19.4 21.1 22.8 20.6 18.3 22.2 23.9 26.7 21.7 17.2 15.6 20 22.8 22.2 19.4 16.1 18.3 21.1 10 18.3 16.7 13.3 19.4 16.7 20 21.7
0.04794521 12.8 23.3 18.3 18.9 17.8 23.9 12.2 19.4 18.3 19.4 20.6 28.3 22.2 19.4 20.6 23.3 26.7 23.3 17.2 15.6 19.4 21.1 19.4 20 13.9 20 25 12.2 12.2 21.7 7.8 18.9 16.7 18.9 23.3
0.05068493 14.4 22.2 20 16.7 18.9 24.4 13.3 21.7 18.9 23.9 21.7 29.4 22.2 18.3 21.7 25.6 21.7 24.4 15 15.6 13.3 21.7 17.8 20.6 13.9 20.6 27.8 12.2 11.1 21.7 12.2 19.4 18.3 16.1 24.4
0.05342466 16.1 19.4 20.6 13.9 20.6 22.2 12.2 22.8 20.6 21.7 20.6 30.6 21.1 13.3 21.7 22.8 24.4 23.3 16.1 15.6 17.8 22.2 18.3 15 17.2 21.1 24.4 12.8 11.7 23.3 13.3 17.2 16.1 17.8 23.9
0.05616438 17.8 22.2 17.8 16.7 19.4 20 11.7 22.8 22.2 22.2 22.2 28.9 20 12.8 18.9 23.3 22.8 21.1 16.7 13.9 18.3 25 16.7 15.6 15.6 21.1 22.2 13.9 13.3 22.2 17.2 15.6 17.8 17.2 23.9
0.05890411 19.4 20.6 16.1 18.9 16.7 21.7 13.3 20.6 23.9 20.6 23.3 22.2 18.3 14.4 16.7 20 22.2 21.1 17.8 12.8 18.3 23.9 12.2 17.2 17.2 16.7 23.9 17.8 14.4 23.3 16.1 14.4 18.3 20 23.3
0.06164384 19.4 22.8 15 20 15 23.3 13.9 16.7 24.4 18.9 23.3 20.6 23.3 16.1 16.7 18.3 22.2 19.4 14.4 14.4 17.8 22.8 14.4 18.3 19.4 16.1 23.9 20 16.1 22.2 17.8 16.7 19.4 20 23.3
0.06438356 21.1 21.1 12.2 22.2 14.4 21.7 13.9 15 22.2 16.1 23.3 21.1 21.7 17.2 18.3 20.6 21.1 20 12.8 10 20 21.1 18.3 18.3 21.1 17.2 22.8 18.9 19.4 17.8 19.4 19.4 21.1 16.1 23.3
0.06712329 22.2 21.7 13.9 21.7 16.1 16.7 16.1 17.8 22.8 15.6 19.4 21.7 21.1 18.9 20.6 25 20 17.2 15 11.7 21.7 20 23.9 19.4 23.9 18.3 22.8 20.6 17.2 15 19.4 19.4 21.1 18.3 18.3
0.06986301 21.1 18.3 16.1 20.6 17.8 17.8 17.2 19.4 21.1 22.8 23.3 24.4 20.6 17.8 19.4 27.2 20 17.2 18.3 10 21.1 18.9 25.6 22.2 21.1 17.8 24.4 22.8 20.6 16.7 18.9 18.9 23.3 20 15.6
0.07260274 20.6 18.3 18.3 20 18.9 17.8 16.7 20.6 18.9 20.6 24.4 25.6 19.4 16.7 17.2 26.1 21.7 20 18.3 12.2 20 21.1 22.2 20.6 22.2 17.2 25.6 22.8 21.7 12.8 17.2 18.9 21.7 20.6 13.9
0.07534247 21.7 17.2 23.3 21.1 22.2 21.1 16.7 22.8 17.8 15 20 26.7 17.2 18.9 16.7 17.2 24.4 20.6 20.6 9.4 17.2 21.1 20.6 17.2 23.3 17.8 26.1 26.1 24.4 14.4 17.2 20 22.8 19.4 15
0.07808219 23.9 18.3 23.3 21.7 21.7 22.8 18.3 24.4 18.9 12.2 19.4 23.3 16.7 21.7 18.9 15 26.7 21.1 22.2 12.8 16.7 19.4 17.2 16.1 25 16.1 26.7 22.2 24.4 18.3 19.4 15 22.8 18.9 17.2
0.08082192 20.6 18.3 23.9 21.1 21.7 23.9 17.2 25.6 21.7 13.9 18.3 25 15 21.1 18.9 13.9 24.4 22.8 19.4 11.7 18.3 16.1 18.3 16.7 25.6 13.3 24.4 20.6 20 21.7 21.7 15 23.3 16.7 18.9
0.08356164 21.1 22.2 23.9 25 23.3 26.1 16.1 21.7 20 15 18.3 24.4 15.6 18.3 22.2 15 25 22.8 17.8 11.7 20.6 15.6 18.9 16.1 24.4 7.8 23.9 22.8 20.6 21.7 18.3 19.4 24.4 14.4 17.2
0.08630137 21.1 23.9 23.3 26.7 23.3 25.6 17.2 21.1 21.1 17.2 20 26.7 17.8 NA 23.3 16.7 25.6 20 19.4 14.4 21.1 17.2 17.8 16.1 25 7.8 22.2 21.7 18.9 21.7 13.9 22.2 24.4 16.1 13.3
0.0890411 20 22.2 23.9 27.8 22.2 22.8 18.9 20.6 22.8 17.8 18.9 24.4 16.1 NA 21.7 18.3 25.6 18.3 20.6 15.6 23.3 18.9 16.7 15 22.2 7.2 23.9 23.3 12.2 20 15 22.8 24.4 17.8 15
0.09178082 17.8 23.9 23.3 28.9 17.2 26.1 20.6 24.4 23.9 20 18.9 22.2 15 NA 22.2 16.7 26.1 20.6 22.2 19.4 25 19.4 18.9 10.6 23.3 7.2 21.7 23.3 15.6 18.3 16.1 23.3 21.7 18.3 18.9
0.09452055 21.1 21.7 23.9 29.4 18.3 26.1 22.8 26.1 23.9 22.2 19.4 16.7 15.6 NA 22.2 16.1 23.3 20.6 21.7 13.9 23.9 20 16.7 13.3 25 10.6 21.1 22.2 16.7 19.4 18.3 25 23.3 21.7 17.2
0.09726027 21.7 21.7 23.9 29.4 20.6 26.1 22.2 26.1 25 22.2 23.9 19.4 20.6 NA 18.9 17.8 18.3 21.1 20 15 24.4 21.7 12.2 15.6 25.6 10 19.4 24.4 19.4 10.6 16.1 26.1 23.3 22.8 17.8
0.1 22.2 21.1 26.1 30 19.4 22.8 20.6 20.6 26.1 17.2 24.4 21.1 20 NA 16.7 19.4 18.9 22.2 20 17.8 22.2 21.1 13.3 16.1 25.6 13.3 15.6 26.1 19.4 6.7 18.9 26.1 21.7 22.8 20.6
0.1027397 23.3 21.7 23.3 32.2 16.7 14.4 16.1 23.9 25.6 22.8 26.7 21.7 22.2 NA 17.8 20.6 23.9 23.3 18.9 20.6 21.7 21.7 15 18.3 24.4 16.7 16.1 25.6 19.4 7.8 19.4 25.6 16.7 21.7 15.6
0.1054795 26.1 22.8 20 29.4 21.1 16.1 12.8 20.6 23.9 18.9 30 21.7 21.7 NA 16.1 22.2 20.6 25 20 21.1 20.6 22.8 16.7 19.4 23.9 18.9 13.3 26.7 20.6 10 15.6 22.8 19.4 20 17.2
0.1082192 23.3 23.9 21.1 26.1 22.2 16.1 13.9 21.1 22.8 19.4 28.9 23.9 19.4 NA 19.4 23.3 20 23.3 23.3 21.7 18.9 16.7 18.3 18.3 23.9 21.1 13.3 26.1 23.3 17.8 17.2 25.6 20.6 20 18.3
0.1109589 16.7 27.2 28.3 23.9 25 13.3 12.2 24.4 17.8 21.7 26.1 24.4 20 NA 21.7 22.2 17.8 23.9 23.3 22.8 18.9 18.9 16.7 19.4 21.7 18.3 15 26.1 24.4 19.4 20 26.7 19.4 17.2 19.4
0.1136986 17.8 29.4 26.1 18.3 22.2 13.9 16.1 25.6 19.4 24.4 21.1 29.4 22.2 NA 23.9 21.7 18.3 26.1 14.4 23.3 21.1 21.7 17.2 22.2 18.3 19.4 17.2 22.2 22.8 19.4 22.8 25.6 18.3 18.9 17.8
0.1164384 20.6 26.7 20 17.8 20.6 13.9 20.6 25.6 19.4 22.2 23.3 28.3 21.1 NA 25.6 23.9 20 25.6 16.7 23.9 21.1 22.8 18.9 23.9 20.6 21.1 20 25 23.9 17.8 25 26.7 18.3 18.3 16.1
0.1191781 19.4 23.3 21.7 17.8 18.9 16.7 17.8 27.8 17.8 20 22.2 28.3 22.8 NA 22.8 22.2 19.4 25.6 15 26.7 19.4 24.4 20.6 22.8 24.4 25.6 21.7 25 23.9 15.6 22.8 25.6 18.3 18.9 18.9
0.1219178 18.3 24.4 23.3 20 16.7 16.7 17.2 27.2 18.9 20.6 21.1 29.4 23.9 NA 20.6 21.1 17.2 27.8 19.4 22.8 23.9 25.6 23.3 21.1 22.2 25 23.3 25 23.9 16.7 18.9 27.8 18.3 17.8 20.6
0.1246575 18.9 27.2 23.9 20.6 17.8 17.2 17.2 21.1 20.6 20 23.3 28.9 23.3 NA 22.8 20.6 18.9 27.2 16.7 20.6 21.1 26.7 24.4 21.1 21.1 24.4 21.7 21.7 21.7 18.9 8.9 25 18.3 18.3 23.3
0.1273973 21.1 22.2 21.1 20.6 16.7 18.3 16.7 18.9 22.2 20 26.1 25.6 25 NA 25 19.4 20 28.3 13.9 20 17.2 26.7 26.7 22.2 23.9 26.7 21.1 20 22.8 21.7 12.8 26.1 16.7 16.7 22.2
0.130137 17.8 21.1 19.4 21.1 19.4 22.2 19.4 21.1 23.3 21.7 25.6 23.3 26.7 NA 23.3 16.1 21.1 29.4 16.1 21.1 21.7 27.8 26.1 25 18.9 27.8 23.3 19.4 20.6 23.3 18.9 21.7 17.8 18.9 23.3
0.1328767 21.1 20.6 19.4 22.2 22.8 25.6 22.8 23.3 24.4 19.4 22.8 18.9 26.7 NA 18.9 16.7 25.6 28.9 16.1 22.2 23.9 30 24.4 27.2 17.2 25 25.6 19.4 17.2 25.6 19.4 19.4 19.4 18.3 17.2
0.1356164 17.8 20.6 20.6 25 24.4 25.6 23.9 22.8 26.7 16.1 21.1 21.7 28.9 NA 21.7 18.9 25.6 30.6 19.4 20 22.8 32.2 26.7 23.9 18.3 23.9 24.4 16.1 20 26.1 14.4 20.6 21.1 18.3 16.1
0.1383562 17.2 24.4 20.6 27.2 23.3 26.1 23.3 21.7 27.8 16.1 21.7 21.1 29.4 NA 20.6 21.1 22.8 28.9 21.1 19.4 19.4 29.4 27.2 21.7 21.7 22.2 24.4 17.8 22.2 24.4 16.1 24.4 22.8 17.8 20
0.1410959 18.9 25.6 16.1 27.2 23.3 29.4 23.9 22.2 27.2 16.1 22.8 17.8 28.9 NA 18.9 19.4 18.9 32.2 22.8 18.3 20.6 22.8 29.4 23.3 21.7 15 23.3 18.9 22.8 22.8 19.4 26.7 23.9 17.2 17.8
0.1438356 18.3 26.7 17.2 24.4 21.7 27.2 23.3 23.9 27.2 14.4 22.2 19.4 25.6 NA 21.7 13.9 23.9 29.4 23.9 18.3 21.1 25 30 23.3 21.1 20.6 24.4 19.4 23.9 25 22.8 28.3 23.9 17.8 18.3
0.1465753 14.4 23.3 17.8 26.1 20.6 23.9 22.2 26.7 28.9 13.9 21.7 17.8 25.6 NA 19.4 19.4 24.4 23.9 25.6 19.4 21.1 27.2 29.4 21.7 20 21.1 27.2 18.3 25.6 29.4 25.6 26.1 22.8 20.6 17.8
0.1493151 13.3 20.6 18.3 27.2 21.7 20.6 20.6 28.3 30.6 18.3 23.3 20.6 25.6 NA 21.1 23.3 21.1 19.4 25.6 19.4 22.8 27.8 26.1 26.7 23.9 21.1 31.1 14.4 26.1 30.6 27.8 25.6 23.3 18.3 21.1
0.1520548 16.1 26.1 16.7 29.4 20 26.1 19.4 27.8 31.1 22.8 25.6 23.3 25.6 NA 23.9 23.9 24.4 17.2 25.6 22.8 24.4 25.6 23.9 20.6 21.1 24.4 31.7 13.3 25.6 30.6 27.8 25.6 25.6 16.7 25
0.1547945 18.9 23.3 15 30.6 17.8 28.3 18.3 23.9 30.6 21.1 25 22.2 28.9 NA 26.7 26.7 25.6 17.8 25 22.8 26.7 19.4 24.4 17.8 19.4 25.6 32.2 13.3 24.4 31.7 28.3 25 24.4 19.4 25.6
0.1575342 18.9 19.4 15 28.3 19.4 28.9 20.6 26.1 27.8 20 23.9 14.4 31.1 NA 27.2 28.3 25 21.1 21.7 21.1 28.9 22.2 27.2 22.8 22.2 26.7 32.2 17.2 25.6 28.3 28.3 25 25.6 16.7 24.4
0.160274 18.3 23.3 13.9 23.9 21.7 24.4 22.2 27.8 29.4 22.2 22.2 15 31.1 NA 27.2 30 26.7 23.3 18.9 22.8 29.4 23.3 24.4 24.4 25 24.4 33.3 18.3 27.2 27.8 28.3 23.9 27.2 16.7 23.3
0.1630137 19.4 22.2 17.8 NA 20.6 20 21.7 30.6 27.2 21.7 20.6 14.4 25.6 22.8 27.8 30 22.8 20.6 18.9 21.1 25.6 22.2 26.1 23.9 27.8 23.9 33.3 19.4 21.1 30.6 26.7 18.3 26.1 16.7 25.6
0.1657534 20 28.3 19.4 NA 17.8 17.2 20 31.1 25.6 20 16.7 14.4 26.7 22.8 26.7 27.8 20.6 18.9 19.4 16.7 25 18.3 24.4 21.7 28.3 20.6 31.1 22.2 21.1 22.8 28.3 20 20 20 28.3
0.1684932 23.9 27.8 20 NA 16.7 17.8 14.4 27.8 27.2 19.4 17.2 18.3 28.3 21.1 23.3 28.9 16.1 17.8 21.7 19.4 21.7 18.9 22.8 16.1 27.2 16.1 30.6 26.7 23.3 17.2 27.2 22.2 17.2 22.2 29.4
0.1712329 25 20 21.7 NA 20.6 18.9 16.1 25 28.3 15.6 17.8 25 31.7 20 18.3 28.9 16.1 18.9 21.1 22.8 21.1 21.1 22.2 18.9 22.2 19.4 30.6 30 24.4 16.1 27.2 26.7 20.6 22.2 30
0.1739726 26.7 20.6 23.3 NA 23.3 21.7 20 19.4 27.8 18.9 16.1 23.9 33.9 18.3 21.7 25.6 16.7 20 20.6 23.9 24.4 19.4 21.7 21.7 19.4 22.2 32.2 27.8 26.7 21.7 24.4 25 21.1 23.3 29.4
0.1767123 29.4 21.7 23.9 NA 21.1 23.9 24.4 21.1 25.6 18.9 21.1 18.9 33.3 19.4 25.6 23.9 18.9 22.2 20.6 27.2 22.2 15.6 21.1 21.7 22.2 20 32.2 23.3 27.8 27.2 21.7 22.8 22.2 24.4 25.6
0.1794521 33.9 21.7 22.8 NA 16.7 23.3 27.8 24.4 22.2 16.7 23.3 23.3 32.8 17.8 23.3 24.4 20.6 25.6 23.9 27.2 20 19.4 25 22.8 25.6 22.2 30.6 24.4 26.1 30.6 23.9 20 22.2 26.1 21.1
0.1821918 29.4 25.6 19.4 NA 22.2 22.8 28.9 25.6 20 17.8 23.3 25 33.3 17.2 15.6 25 22.2 28.9 25.6 29.4 21.1 22.2 25.6 23.9 27.8 22.2 28.3 24.4 23.9 32.2 26.1 21.1 16.7 26.7 21.1
0.1849315 28.9 27.8 19.4 NA 20 24.4 28.9 25 18.9 18.3 21.7 27.2 35 17.8 15.6 25 23.3 27.8 25.6 28.3 22.8 25 28.3 27.8 27.8 25.6 21.1 23.9 27.2 32.2 26.1 25 17.2 27.2 26.7
0.1876712 28.3 27.2 17.2 NA 20.6 22.8 28.9 22.2 20 15.6 19.4 25.6 34.4 19.4 18.3 21.1 22.2 25.6 22.2 26.7 20 25.6 28.9 28.3 28.9 27.2 17.2 26.1 17.2 33.3 22.8 23.3 20 26.7 26.7
0.190411 28.9 27.2 17.2 NA 23.3 20 28.9 22.8 21.7 16.1 19.4 26.1 33.3 18.3 22.2 16.1 21.1 20.6 19.4 27.2 20 25.6 25.6 28.3 28.3 23.3 21.1 27.2 18.3 31.1 20 21.7 23.3 26.1 25.6
0.1931507 28.9 27.8 18.3 NA 22.8 20 31.1 23.9 23.3 20 22.2 27.8 33.3 16.7 25.6 18.3 19.4 23.9 16.1 28.9 22.8 26.1 20.6 27.8 28.3 21.7 21.7 28.9 18.9 32.8 18.3 20.6 25 25 27.8
0.1958904 25.6 28.9 15.6 NA 21.7 20.6 31.1 22.2 25.6 18.9 24.4 26.1 33.9 16.7 26.7 19.4 21.7 21.1 20 26.1 21.7 22.8 22.2 28.3 31.7 25 20 27.8 21.1 29.4 18.3 20.6 26.7 25 27.8
0.1986301 25 30.6 18.3 NA 23.3 22.8 30.6 23.9 23.9 16.7 28.3 20.6 32.8 16.1 31.7 18.9 25 18.3 21.7 23.9 25.6 20 22.2 23.3 27.2 25.6 20 27.8 22.8 28.9 18.9 18.9 27.8 23.3 28.9
0.2013699 21.1 28.9 21.1 NA 25 21.7 30 28.3 24.4 21.1 26.7 25.6 32.2 18.9 32.8 20.6 27.2 22.8 23.9 25.6 26.7 25 20 20.6 26.7 22.2 23.3 21.7 25.6 30 22.8 16.7 27.2 25 31.7
0.2041096 22.8 22.2 22.8 NA 27.8 21.1 29.4 31.1 27.2 23.3 25 27.2 32.2 22.2 33.3 21.1 26.7 23.3 27.2 22.8 21.1 26.7 20 22.2 26.1 23.9 22.2 19.4 25.6 29.4 23.3 17.2 25 27.2 30.6
0.2068493 22.2 23.9 22.2 NA 27.8 22.8 28.3 30.6 25.6 22.8 25.6 27.8 32.8 23.3 31.1 20 25.6 18.9 30 17.2 22.2 25.6 21.1 20.6 26.7 26.1 18.3 22.8 22.8 26.7 26.7 20.6 22.8 28.3 31.1
0.209589 27.2 22.2 22.8 NA 28.9 23.9 28.9 27.8 21.7 29.4 24.4 26.7 32.8 22.8 28.9 24.4 31.1 21.7 28.3 18.9 23.3 27.2 18.9 20 23.3 26.1 21.1 26.1 28.3 30.6 30.6 24.4 23.3 26.7 29.4
0.2123288 31.7 26.7 22.2 NA 27.8 23.9 30.6 25.6 20.6 28.9 20 23.3 32.2 22.2 26.7 28.3 27.8 23.9 29.4 15.6 19.4 27.8 16.7 22.2 27.2 22.8 23.3 21.1 28.9 29.4 32.8 22.2 25 28.3 25.6
0.2150685 32.8 27.8 19.4 NA 24.4 25.6 29.4 28.3 23.3 27.8 21.7 26.7 32.2 21.1 26.1 27.8 22.8 25 28.9 14.4 24.4 23.3 26.7 21.1 29.4 26.7 26.7 21.1 31.7 26.1 32.8 16.7 26.7 26.7 22.2
0.2178082 35 29.4 20 NA 26.7 28.3 29.4 29.4 24.4 27.8 24.4 29.4 33.9 16.7 25.6 26.7 28.3 25.6 28.9 18.3 23.3 23.9 21.7 18.3 32.2 26.7 30.6 21.1 31.7 27.2 33.3 15.6 25.6 28.9 26.1
0.2205479 34.4 32.2 21.1 NA 25 27.8 27.2 33.3 26.1 22.8 27.8 31.1 32.2 16.1 26.1 25.6 30.6 30 24.4 20 19.4 26.7 22.8 21.1 30.6 25 31.7 18.3 29.4 30 33.9 19.4 23.3 30.6 26.1
0.2232877 28.9 30.6 19.4 NA 17.8 27.2 22.8 31.7 26.1 27.8 28.9 32.8 30.6 20.6 26.1 21.7 30.6 28.9 24.4 22.2 22.8 28.9 23.9 21.1 25 27.8 32.2 21.1 32.2 29.4 33.3 22.8 22.2 31.7 23.9
0.2260274 28.9 30.6 23.3 NA 16.7 22.8 25 30.6 28.9 22.2 29.4 30.6 30 21.7 26.1 26.7 31.1 26.7 26.7 24.4 23.9 30.6 26.1 21.1 28.3 31.1 31.7 23.9 31.7 29.4 34.4 25.6 23.3 30 24.4
0.2287671 29.4 21.1 27.8 NA 20 22.2 23.3 26.1 29.4 25.6 28.9 31.1 31.1 23.9 27.8 26.1 28.3 18.3 29.4 25.6 21.7 32.8 26.7 20.6 28.9 28.9 31.1 23.3 32.8 26.7 32.8 23.9 26.1 27.8 20
0.2315068 30 22.2 32.2 NA 23.3 25 22.2 25 28.3 28.3 28.3 32.2 30.6 22.8 28.3 20.6 25 17.8 31.7 27.8 18.9 30 23.3 21.1 27.8 25 32.8 23.9 35 20.6 30 18.9 24.4 25 18.3
0.2342466 31.1 25 32.8 NA 27.2 27.2 23.3 28.9 30 30.6 28.3 31.1 24.4 19.4 25.6 16.1 25 25.6 32.8 25.6 22.8 20 25.6 24.4 25.6 23.3 35.6 23.3 33.9 23.9 28.3 14.4 19.4 19.4 24.4
0.2369863 27.8 23.3 31.1 NA 30.6 24.4 28.3 28.9 31.7 32.8 23.9 33.3 20.6 17.2 27.8 15.6 22.8 22.8 30.6 22.2 20.6 23.9 25.6 23.3 25 21.7 35 18.3 25 29.4 25.6 18.3 21.7 20 24.4
0.239726 27.8 18.3 28.3 NA 32.8 27.8 30.6 26.1 33.3 33.9 22.8 34.4 22.2 18.9 30.6 16.1 20.6 19.4 30.6 20 23.9 26.7 19.4 25.6 29.4 19.4 32.8 20.6 22.2 30 22.8 21.7 25 20.6 28.3
0.2424658 30.6 24.4 25.6 NA 32.8 30 33.3 20.6 32.8 32.8 22.8 35 22.2 21.1 30.6 22.2 23.9 23.9 30.6 22.2 27.2 25.6 22.8 29.4 27.2 21.1 33.9 22.2 23.3 32.2 23.9 22.8 23.9 25 29.4
0.2452055 27.2 27.8 28.3 NA 31.7 28.9 35 21.1 30.6 31.7 21.1 32.8 27.8 23.3 28.3 25 28.9 20.6 27.8 21.7 22.8 28.3 26.7 31.1 27.2 27.8 32.8 28.3 21.7 33.9 23.9 28.3 20.6 27.8 31.7
0.2479452 29.4 31.1 33.3 26.1 28.9 27.2 36.1 20 29.4 34.4 22.2 26.7 30 22.2 27.8 20.6 31.1 21.1 24.4 22.2 18.3 31.1 25.6 28.9 20 30.6 31.1 31.1 25 30.6 23.9 23.3 20 29.4 31.7
0.2506849 29.4 33.3 30.6 20 21.7 20.6 36.1 25 26.7 31.1 25 29.4 30.6 20.6 25 20.6 31.7 19.4 23.9 22.2 18.9 21.1 20 30 23.9 33.3 22.8 32.2 28.3 30.6 25.6 25 21.7 29.4 30.6
0.2534247 30 37.2 28.9 25.6 21.7 20.6 35 25.6 25.6 31.1 27.8 32.2 32.2 23.9 23.3 27.2 31.7 20 25.6 21.7 22.8 22.8 26.1 20 26.7 34.4 24.4 25.6 30.6 32.2 28.3 28.9 26.1 26.7 31.1
0.2561644 34.4 38.9 30 28.9 22.2 15.6 29.4 25.6 27.2 30.6 25.6 30.6 32.8 22.8 25.6 26.7 26.7 25 25 25.6 26.7 26.1 26.7 19.4 29.4 33.9 27.2 19.4 31.7 33.9 26.7 31.1 28.9 31.7 28.3
0.2589041 36.7 35 34.4 30 22.8 18.9 31.1 23.9 30 31.7 29.4 31.7 35.6 25 31.1 23.9 21.7 30.6 24.4 29.4 27.8 30.6 27.8 21.1 29.4 33.9 29.4 23.9 34.4 36.1 26.7 34.4 27.2 27.2 25.6
0.2616438 36.7 35 31.1 33.3 21.7 22.8 32.2 27.8 28.3 26.7 32.2 33.9 32.8 28.9 30.6 20 24.4 33.9 27.8 31.1 26.7 31.7 26.1 20.6 27.8 33.3 26.1 28.9 37.2 38.3 28.3 36.1 28.3 23.9 28.3
0.2643836 35.6 27.8 34.4 32.2 24.4 22.2 33.3 27.8 26.7 23.9 30 32.8 30.6 27.8 31.7 18.3 28.9 35.6 25.6 28.3 28.9 30.6 22.2 22.2 26.7 36.1 26.1 29.4 36.7 39.4 27.8 33.3 30 25.6 26.7
0.2671233 35.6 28.9 34.4 27.2 28.3 20.6 33.3 25 28.3 27.8 29.4 28.3 32.8 22.8 34.4 18.3 30.6 34.4 18.9 28.9 29.4 30 25.6 23.9 30 37.8 26.1 30.6 33.3 39.4 27.8 28.9 30.6 27.2 26.1
0.269863 37.2 30 33.3 26.1 30.6 19.4 32.8 27.2 30.6 29.4 32.2 31.1 33.9 25.6 31.1 16.1 28.9 32.2 20 27.8 32.2 32.2 26.7 27.8 25.6 36.7 29.4 33.3 29.4 38.3 29.4 29.4 31.7 31.1 24.4
0.2726027 36.1 27.2 31.7 23.9 31.7 18.3 31.1 28.3 32.2 27.8 33.3 32.2 33.3 30.6 23.3 20 30.6 28.3 27.2 22.8 32.8 32.8 30.6 25 31.1 36.1 30.6 35 31.7 37.8 33.3 30.6 32.8 31.1 23.3
0.2753425 35 29.4 32.8 27.2 32.8 17.8 27.8 26.7 31.7 28.3 32.2 33.9 31.1 32.2 27.2 20.6 30.6 27.8 32.2 24.4 31.1 32.2 32.2 23.3 31.7 36.1 32.2 32.8 33.9 36.1 33.3 27.2 33.3 30.6 27.2
0.2780822 26.1 31.7 35.6 31.1 32.2 17.2 28.9 14.4 30 31.1 30.6 32.2 26.7 32.2 30.6 21.7 28.9 31.1 33.3 26.7 26.7 32.2 30.6 18.9 32.2 36.7 30 29.4 33.9 33.9 35.6 21.1 35 26.7 30.6
0.2808219 27.2 29.4 37.8 36.1 33.3 21.1 31.7 22.2 29.4 31.1 29.4 35.6 25.6 31.1 29.4 26.1 18.3 33.3 32.2 30.6 26.7 33.3 30.6 21.1 35.6 37.8 26.1 29.4 25 33.3 37.8 24.4 33.3 23.9 32.2
0.2835616 32.8 31.1 38.9 32.8 35.6 24.4 34.4 26.1 32.2 30 27.2 34.4 21.7 29.4 27.8 28.3 14.4 29.4 30 33.3 30.6 35 30 23.3 37.8 38.3 27.8 33.3 26.7 35 36.7 28.3 30 26.7 32.8
0.2863014 32.2 29.4 37.8 26.7 37.2 28.3 35 26.7 32.2 28.9 22.8 25 26.7 25.6 29.4 28.9 18.3 28.9 28.3 33.3 32.8 35 28.9 26.1 38.3 36.7 32.2 36.7 21.1 35.6 35.6 30 28.9 28.3 33.9
0.2890411 32.2 35.6 38.3 25 35.6 31.1 35.6 23.9 30.6 27.2 24.4 28.3 31.1 27.2 32.8 27.2 16.7 30.6 27.8 34.4 35 35.6 28.9 29.4 39.4 36.7 22.8 37.2 17.8 36.1 32.2 28.9 30 30 37.8
0.2917808 32.8 37.2 38.3 21.1 32.8 32.8 35 27.8 22.2 29.4 19.4 27.8 30 29.4 34.4 22.2 21.1 35 25 32.8 37.2 34.4 30.6 34.4 30.6 32.8 24.4 37.2 23.9 34.4 30 27.8 30.6 32.8 37.8
0.2945205 35.6 35.6 39.4 21.1 30.6 31.7 33.3 28.3 20.6 31.1 25 22.2 28.3 28.3 32.2 22.8 23.9 33.9 29.4 24.4 37.8 31.1 32.2 26.7 30 26.1 25.6 32.2 25 37.2 27.8 27.8 29.4 29.4 37.8
0.2972603 37.8 36.7 37.2 24.4 27.2 35 22.2 26.7 25 30.6 26.7 21.7 20.6 23.9 29.4 26.1 26.7 31.1 30.6 26.7 39.4 24.4 31.1 28.9 27.8 27.8 28.9 25 28.3 38.3 30 30 26.7 28.3 37.2
0.3 36.1 27.8 33.9 25 23.9 36.1 23.3 20.6 26.1 34.4 26.7 24.4 25.6 22.8 27.2 30 32.2 30 30.6 30.6 37.2 26.7 27.8 26.7 23.9 26.7 32.8 28.9 26.7 38.9 32.8 31.1 28.9 32.8 38.3
0.3027397 36.7 28.9 30.6 23.3 28.9 38.9 27.2 22.2 24.4 36.7 26.1 23.9 29.4 25.6 30 32.8 35 33.3 30.6 32.8 34.4 32.2 28.9 23.3 28.3 23.9 36.7 35 20.6 39.4 31.1 27.8 33.3 36.1 37.2
0.3054795 31.7 26.1 34.4 25.6 30 36.1 28.3 22.8 22.8 35 21.1 24.4 32.2 29.4 35 29.4 33.3 33.3 30 34.4 23.3 34.4 24.4 27.8 31.1 27.2 35.6 33.9 21.7 34.4 30 28.3 31.7 34.4 35
0.3082192 22.8 25 34.4 27.2 27.8 35 31.1 25 26.7 33.9 25.6 26.7 34.4 30.6 33.3 28.3 32.2 37.8 30.6 32.2 21.1 34.4 27.8 31.7 33.9 32.2 33.3 35.6 20.6 30.6 30 28.9 32.8 31.7 32.8
0.3109589 21.7 23.9 36.7 31.1 22.2 36.1 32.2 24.4 30 30 27.8 26.7 34.4 32.2 31.1 30.6 33.9 35 33.3 30.6 26.7 35.6 31.7 30 33.9 33.3 31.7 36.7 23.9 28.9 30 30.6 35 29.4 27.8
0.3136986 26.1 31.1 32.2 27.8 23.3 31.7 35 25 30.6 26.7 30.6 26.1 31.7 34.4 30.6 28.9 34.4 36.1 33.3 32.2 30 35 32.8 26.7 24.4 31.7 32.2 36.1 28.9 24.4 30 26.1 35.6 32.2 27.8
0.3164384 27.2 31.1 30.6 22.8 27.2 31.7 35 30.6 32.8 25 30 22.2 28.9 35.6 28.3 23.3 32.8 36.7 31.1 33.9 33.3 33.9 33.3 28.3 20.6 26.1 28.3 37.2 32.2 23.3 33.3 26.7 38.9 34.4 27.8
0.3191781 23.9 31.7 32.2 24.4 31.7 33.9 33.9 31.1 32.8 28.3 28.9 26.7 32.2 37.8 28.9 23.9 30.6 34.4 28.9 31.1 33.3 33.9 34.4 31.1 22.2 25 28.9 36.7 33.9 26.7 34.4 29.4 38.9 33.3 27.8
0.3219178 21.7 34.4 30.6 31.7 30 36.1 33.3 30 31.7 32.2 17.2 27.8 33.3 35.6 31.1 27.8 30 32.2 31.7 33.9 30.6 37.2 36.7 31.1 22.2 25 35.6 36.1 29.4 28.9 35.6 25.6 39.4 34.4 23.9
0.3246575 26.1 36.1 28.3 33.3 28.3 36.1 33.3 26.1 34.4 32.8 22.2 30 33.3 33.3 31.1 27.2 31.7 33.9 33.3 35.6 23.9 38.3 34.4 28.9 26.7 31.7 35.6 35 31.7 31.1 35.6 30 39.4 36.1 26.7
0.3273973 30.6 35.6 30.6 34.4 28.9 38.3 35 22.2 36.7 32.8 25.6 33.3 33.9 28.3 35 30 36.1 33.3 27.8 33.9 21.7 36.1 35.6 24.4 27.8 36.7 35.6 32.2 31.7 33.3 27.8 32.2 37.8 36.1 30
0.330137 32.8 38.3 32.8 34.4 28.3 36.1 38.9 25 36.1 32.8 27.8 35 34.4 27.2 36.1 30 35.6 31.7 22.8 31.1 23.9 35 35.6 25 29.4 39.4 33.9 30 NA 35 24.4 31.7 35 32.8 30
0.3328767 31.1 37.8 36.7 35 25.6 35 37.8 27.2 33.9 32.2 31.7 33.9 36.7 31.7 35 31.7 37.2 32.8 29.4 26.1 32.2 35 34.4 27.2 31.1 38.9 37.2 28.3 25 36.7 28.3 26.7 36.1 33.9 32.8
0.3356164 28.9 31.7 39.4 35 26.1 30.6 37.8 31.1 32.8 30.6 33.9 32.8 37.8 35 34.4 33.9 33.9 32.8 33.3 31.7 33.9 32.2 34.4 30.6 35 37.8 31.1 32.8 30.6 37.8 32.2 25.6 36.7 34.4 34.4
0.3383562 25.6 26.7 38.9 34.4 25 26.1 37.2 30 33.9 25.6 36.1 26.7 36.1 33.3 31.7 31.7 30.6 31.1 33.9 35 36.1 33.3 32.2 33.9 35.6 35.6 35 35 33.9 38.3 35.6 28.9 35.6 32.8 35.6
0.3410959 28.9 27.2 38.9 35.6 22.2 30 38.3 27.8 32.2 22.2 36.1 26.7 33.9 32.2 31.1 22.8 28.9 29.4 32.8 37.2 35.6 32.8 29.4 28.9 35 34.4 32.2 37.8 28.9 40 36.7 32.8 33.3 28.3 35
0.3438356 33.3 28.3 38.9 40.6 21.7 28.9 39.4 30 30.6 23.3 33.9 24.4 32.2 29.4 33.3 25 28.9 27.8 26.1 35 37.8 32.2 32.8 27.2 35 34.4 26.1 38.3 23.3 40.6 36.1 35 31.1 32.2 32.2
0.3465753 37.2 27.8 43.3 40 21.1 26.1 39.4 34.4 32.2 27.2 28.3 24.4 31.1 32.2 36.1 28.9 26.7 25 28.9 28.9 35.6 32.8 35.6 33.3 34.4 35 24.4 36.1 28.9 41.7 37.2 37.2 32.8 32.2 27.8
0.3493151 38.3 35 38.9 37.8 26.7 25.6 37.2 36.7 32.8 32.2 31.1 25 32.8 34.4 36.7 32.2 27.2 29.4 31.7 26.7 32.2 34.4 34.4 34.4 37.2 38.3 27.8 36.7 27.2 42.2 35.6 37.2 34.4 32.2 25.6
0.3520548 38.9 38.9 38.3 34.4 30 28.9 32.8 35.6 31.1 36.1 32.2 28.9 31.7 37.8 37.2 34.4 33.3 25.6 35 25 29.4 33.9 30 32.2 39.4 37.2 30 36.7 31.7 39.4 35.6 33.9 34.4 31.7 27.2
0.3547945 41.7 36.7 37.8 33.3 33.9 31.1 27.2 32.2 32.8 38.9 33.9 32.2 32.2 39.4 35 36.1 36.1 25 32.8 27.2 27.2 37.2 25 31.7 40 28.3 33.3 36.1 36.7 32.2 32.8 25.6 32.8 38.3 31.1
0.3575342 43.9 35 36.1 28.9 37.2 33.3 29.4 27.8 32.8 37.8 32.8 33.9 34.4 40 38.9 37.2 37.8 30 33.9 31.1 23.9 37.2 25 29.4 40 27.8 34.4 35.6 40 27.8 29.4 26.1 33.3 40 31.7
0.360274 42.8 25.6 30.6 35 38.9 31.1 32.2 27.8 30.6 37.2 32.2 35 36.1 38.3 37.2 37.8 38.9 27.8 37.8 35 26.7 36.7 28.9 30 40.6 29.4 33.3 37.2 40.6 27.2 32.8 30.6 35.6 36.7 33.9
0.3630137 39.4 29.4 28.9 32.8 37.8 29.4 35 27.8 27.8 37.2 33.3 35 36.1 39.4 35.6 37.2 38.9 25.6 40.6 38.3 30 36.1 32.8 31.1 40.6 33.3 35 37.8 40 29.4 34.4 34.4 36.7 36.7 36.1
0.3657534 35 33.9 25.6 33.9 37.2 30 35.6 32.2 27.2 35.6 35 36.7 37.8 36.7 35 40 41.7 27.2 41.1 40 29.4 35.6 35 32.2 39.4 32.8 35.6 36.7 39.4 27.2 34.4 32.2 37.2 37.8 37.2
0.3684932 32.8 35.6 24.4 35 38.9 33.9 35.6 36.1 30.6 35 37.8 36.1 38.3 35.6 35 38.9 40 30.6 36.1 37.8 30 32.2 32.8 33.9 36.1 37.8 32.8 32.2 39.4 27.8 33.3 31.7 36.7 33.9 36.7
0.3712329 32.2 35.6 23.3 37.8 36.7 37.2 35 38.9 32.8 38.3 41.1 36.1 37.8 36.7 33.9 35 39.4 26.7 32.2 35.6 33.3 28.9 35.6 31.1 35 35.6 35 35.6 39.4 28.9 35 35 37.2 33.9 32.8
0.3739726 33.3 35 27.2 40 35.6 38.3 37.2 38.9 33.9 40 42.2 35 36.1 40 31.7 32.8 38.9 25 30.6 35 35 31.1 37.8 29.4 35.6 36.7 32.8 37.2 33.3 32.2 36.7 34.4 37.2 33.3 32.8
0.3767123 31.7 36.1 32.2 40 38.3 37.8 38.3 38.3 37.2 40.6 41.1 28.3 33.9 41.7 30 32.2 37.2 26.7 35 34.4 36.7 36.1 36.1 32.2 37.2 37.2 37.2 35.6 32.2 35.6 34.4 32.2 37.8 36.7 27.2
0.3794521 30 35 33.3 38.3 40 38.3 40 39.4 39.4 38.9 39.4 32.2 29.4 40.6 27.8 33.3 36.7 29.4 37.2 33.3 38.3 32.2 36.1 33.9 38.9 35.6 40 32.8 34.4 35.6 33.3 31.7 37.2 37.2 27.2
0.3821918 35 32.2 32.8 40 40 37.8 39.4 41.7 38.3 37.8 36.1 34.4 25 37.8 28.3 31.7 36.1 32.8 37.8 30.6 40 27.2 36.7 33.3 40.6 35.6 40 30.6 35.6 40 31.7 33.3 35 38.3 31.1
0.3849315 36.1 36.7 27.8 38.3 39.4 36.7 37.2 41.7 37.2 38.9 35.6 33.3 27.2 36.1 33.9 24.4 35 35 37.8 32.8 40 31.1 37.2 37.8 40 34.4 40 30.6 37.8 38.3 36.7 31.7 32.2 36.1 34.4
0.3876712 32.8 35.6 32.2 36.1 38.9 33.3 36.7 42.8 33.9 38.9 36.7 26.7 31.1 36.1 36.7 28.9 35 36.7 38.3 37.8 34.4 33.3 37.2 40 41.1 37.8 34.4 32.2 39.4 38.3 36.7 31.7 30 35 35
0.390411 27.8 36.7 34.4 34.4 38.3 27.2 36.1 40.6 30.6 39.4 37.8 31.1 34.4 37.8 35.6 32.2 36.7 32.2 36.7 38.3 30.6 35.6 38.9 42.2 42.8 38.9 36.7 33.3 40 37.8 36.7 35.6 31.1 35.6 36.7
0.3931507 28.9 37.2 31.1 34.4 38.9 26.7 38.9 37.8 31.7 38.9 36.7 35 35 36.7 36.1 35.6 35 24.4 31.1 39.4 25.6 37.2 38.9 42.8 42.2 40.6 37.8 32.8 38.3 36.7 33.9 38.3 31.7 36.1 33.3
0.3958904 31.7 37.2 30 35.6 36.1 29.4 40 36.7 35 40 35.6 37.8 34.4 35 41.7 37.8 35.6 28.9 31.7 37.2 25.6 37.2 38.9 42.8 42.2 40 40 31.7 40 33.9 35 38.3 35 37.2 30.6
0.3986301 36.7 36.1 27.2 36.1 35.6 32.8 40 36.1 38.9 40 33.9 36.7 35 34.4 43.9 38.3 38.3 30.6 32.2 34.4 30 34.4 37.2 42.8 42.8 38.3 40.6 26.1 40 37.2 35 37.8 35.6 35.6 32.2
0.4013699 37.8 36.7 25 36.7 32.8 35.6 38.3 35.6 41.7 40 35 35 38.3 38.3 43.3 37.8 40.6 33.9 35 34.4 30 32.8 32.8 44.4 42.8 36.1 40 28.3 40 37.8 36.7 34.4 36.7 37.8 36.7
0.4041096 40 33.9 28.3 35 30.6 37.8 37.8 33.3 42.8 41.1 34.4 23.9 38.9 40.6 40.6 34.4 40.6 35.6 38.3 36.1 28.9 31.1 32.8 46.1 43.9 37.2 41.1 32.2 37.2 37.2 33.3 34.4 36.1 35 38.9
0.4068493 38.3 31.7 33.3 32.8 33.9 39.4 37.2 31.7 41.1 41.7 36.7 25 37.8 41.7 37.8 33.9 37.2 37.2 40.6 35.6 32.2 35 35 42.2 45 35 40.6 33.9 24.4 33.3 29.4 35.6 35.6 35 38.9
0.409589 37.8 33.3 34.4 35.6 35.6 38.3 36.1 30.6 40 42.8 38.3 28.9 36.7 40.6 35.6 36.1 34.4 39.4 41.1 36.1 32.8 38.9 33.9 40.6 41.7 35.6 39.4 36.1 26.1 31.7 33.3 32.8 36.7 38.3 41.1
0.4123288 38.9 32.8 37.8 36.1 37.8 35.6 35 30 38.9 41.1 39.4 29.4 36.7 39.4 36.1 40.6 36.7 41.7 38.3 37.2 32.8 38.3 37.8 38.3 41.7 35.6 39.4 37.8 30.6 33.3 32.2 31.1 37.8 37.8 38.9
0.4150685 41.1 29.4 40 35 40 31.7 36.1 29.4 41.1 40.6 40 30.6 37.8 34.4 37.8 42.2 39.4 43.3 38.3 37.8 32.2 38.9 34.4 34.4 41.1 32.8 40 38.3 35 36.1 32.2 26.7 40 34.4 38.9
0.4178082 43.9 31.7 41.1 36.1 37.8 31.1 36.1 33.3 42.8 40 42.2 31.7 37.8 32.8 38.9 41.7 40 43.3 37.8 36.1 33.9 38.3 35.6 31.1 40 33.3 40 40.6 40.6 36.7 37.2 31.7 41.1 32.8 41.7
0.4205479 41.7 35.6 40 36.1 36.7 30.6 36.1 35.6 42.8 37.2 43.9 30 39.4 35 39.4 38.9 38.3 42.8 38.9 37.2 35 38.9 35.6 35 37.8 28.3 40.6 42.2 42.8 37.8 41.7 36.7 40.6 33.3 41.7
0.4232877 38.3 37.2 34.4 35 37.2 33.9 37.8 36.1 40.6 38.9 42.2 33.9 38.9 37.8 39.4 37.8 37.8 40.6 38.9 37.8 36.1 40.6 37.2 35.6 35.6 36.1 41.1 42.2 41.7 36.7 45 37.8 42.2 34.4 39.4
0.4260274 38.3 38.3 34.4 33.3 38.9 37.8 37.8 36.1 37.8 41.1 40.6 35 37.8 40.6 38.9 39.4 38.3 40.6 40 38.3 36.7 43.9 37.2 37.8 31.7 40 39.4 37.8 36.7 35.6 43.9 36.7 40.6 32.8 38.9
0.4287671 36.1 39.4 35.6 31.7 38.3 39.4 38.3 31.7 30.6 40 38.9 36.7 36.1 42.8 39.4 40.6 39.4 41.7 40 40.6 34.4 43.3 35.6 40 34.4 43.3 38.9 36.1 32.8 36.1 41.1 37.2 38.3 28.3 38.9
0.4315068 38.9 36.7 36.7 31.7 37.2 38.3 35.6 36.1 28.9 38.9 38.9 36.1 35.6 44.4 37.2 39.4 38.3 41.7 43.3 38.3 36.1 44.4 35.6 41.1 33.3 46.1 39.4 38.3 33.3 38.9 40.6 38.9 35.6 28.3 37.2
0.4342466 37.8 40 38.3 33.3 31.1 36.7 34.4 36.1 30 36.7 37.2 36.7 33.3 46.7 35 38.3 36.7 38.3 45.6 33.9 40 43.3 36.1 38.9 35 46.1 36.7 39.4 34.4 37.2 42.8 39.4 36.1 32.8 38.3
0.4369863 38.3 39.4 40 35.6 30 32.2 34.4 34.4 30 36.1 36.1 36.7 34.4 46.1 38.3 40 37.2 38.9 45.6 36.7 41.7 43.3 37.8 36.1 37.8 45 37.8 40 38.9 37.8 38.3 38.9 37.8 35.6 42.2
0.439726 38.9 40 38.3 33.3 30.6 36.1 37.2 33.3 35 30.6 33.3 35 35 43.3 41.1 39.4 35 37.2 42.8 40.6 42.2 43.3 38.9 38.9 37.8 43.9 39.4 41.1 39.4 37.8 35 40 37.8 38.3 43.9
0.4424658 40.6 40.6 39.4 30.6 35 38.9 38.3 35 38.3 32.2 33.3 33.9 37.8 40 43.3 40.6 30.6 36.7 40.6 42.8 41.1 40.6 40 38.3 37.8 42.8 41.7 41.7 38.9 38.9 36.7 37.2 37.8 40.6 43.9
0.4452055 42.8 40.6 40 31.1 36.7 39.4 40 33.3 40 33.3 33.9 36.7 40 36.7 44.4 43.3 35.6 36.7 42.2 44.4 40 39.4 38.9 37.2 37.8 43.9 42.8 41.7 35.6 38.9 38.9 38.9 37.8 40 42.8
0.4479452 44.4 43.9 37.2 32.2 38.9 39.4 43.9 31.1 40 36.1 32.2 38.9 38.9 35.6 45 43.3 37.8 39.4 42.8 45 39.4 36.7 39.4 37.8 38.3 43.3 43.3 43.3 38.3 42.8 37.8 37.8 35.6 40.6 41.7
0.4506849 44.4 44.4 35 35.6 41.1 37.8 46.1 32.8 41.7 38.3 32.8 40 38.3 34.4 45 42.8 37.2 40.6 42.2 48.3 38.9 36.1 36.7 39.4 37.8 43.9 43.3 43.9 40 44.4 35 37.8 33.3 43.3 40.6
0.4534247 42.8 46.1 28.3 38.3 41.1 34.4 45 38.3 41.7 37.2 34.4 42.2 39.4 33.3 45.6 43.9 38.3 41.7 40.6 42.2 40.6 37.8 37.8 41.1 37.2 45 43.3 38.9 41.7 43.9 32.2 37.8 32.8 43.9 38.3
0.4561644 42.8 43.3 29.4 40.6 38.3 30.6 43.9 39.4 43.3 35.6 36.1 43.3 40.6 36.7 45 41.7 41.7 41.7 40.6 40.6 43.3 42.2 39.4 41.7 37.8 45 43.3 40 43.3 42.2 35 40 32.8 42.8 39.4
0.4589041 42.8 43.9 36.7 43.3 36.7 32.8 42.8 38.9 44.4 35.6 38.3 43.3 40 37.2 44.4 41.1 40.6 41.7 42.2 34.4 44.4 45.6 41.7 42.8 40 45 42.8 40 43.3 43.3 40 42.2 37.2 40.6 39.4
0.4616438 45.6 43.9 41.7 42.8 36.1 35.6 42.2 37.8 45.6 37.8 40.6 42.2 40 40 41.7 35.6 42.2 39.4 44.4 31.1 41.7 45 41.1 42.2 40.6 46.1 41.7 39.4 40 46.7 40 42.2 40 38.9 41.1
0.4643836 44.4 46.1 43.9 42.2 36.7 36.1 40 36.1 45 40 43.3 41.7 41.7 38.9 41.7 32.2 43.3 38.3 41.7 35.6 42.2 44.4 41.1 41.1 40.6 43.9 41.1 41.7 41.1 45 40.6 40 39.4 41.7 42.8
0.4671233 43.9 45.6 42.8 41.7 37.8 38.3 39.4 39.4 43.9 40 43.9 42.8 41.7 42.2 42.2 31.7 43.3 38.9 43.3 38.9 42.8 46.1 40.6 40 40.6 42.2 42.2 40 41.1 45 43.9 37.8 40.6 43.3 40
0.469863 44.4 47.8 42.8 39.4 38.3 40 41.1 42.2 45 38.3 44.4 43.9 42.2 43.9 43.9 36.1 42.8 38.3 44.4 40 41.1 45.6 39.4 39.4 40.6 41.1 41.7 40.6 40.6 43.3 45 38.3 42.2 40.6 38.9
0.4726027 46.1 44.4 43.9 37.8 40.6 39.4 38.3 42.8 46.7 38.3 43.3 43.9 41.1 43.9 44.4 38.3 40.6 40 43.9 40.6 42.8 46.1 41.1 41.1 41.1 42.2 42.8 40 44.4 39.4 45 37.8 41.7 39.4 42.2
0.4753425 43.9 44.4 43.9 36.1 43.9 38.3 39.4 41.1 43.9 39.4 43.3 43.3 36.1 43.3 46.1 38.9 39.4 41.7 43.3 41.1 40.6 45 42.2 41.7 42.8 44.4 43.3 40.6 45.6 39.4 45 38.9 40.6 40 44.4
0.4780822 41.7 45 45 34.4 45 37.2 39.4 41.1 42.2 37.8 46.1 43.3 36.7 45 46.7 38.9 41.1 42.8 43.9 43.3 41.1 45 41.7 40.6 40.6 38.3 43.3 42.2 42.8 39.4 45.6 36.7 42.2 42.2 46.1
0.4808219 42.8 46.7 45 39.4 44.4 35.6 42.8 41.1 41.1 37.2 48.3 42.8 37.8 45.6 43.9 36.7 43.3 43.3 43.3 44.4 42.2 46.1 42.2 40 36.1 38.3 43.3 41.1 43.3 37.8 46.7 33.3 41.1 43.3 46.7
0.4835616 41.7 44.4 44.4 41.1 40.6 34.4 42.2 40.6 42.8 35.6 47.2 42.2 38.9 46.1 45.6 39.4 45.6 43.3 41.1 46.1 43.3 45 42.8 40 41.7 40 44.4 43.9 42.2 41.1 47.8 36.1 39.4 45.6 46.7
0.4863014 42.8 43.3 41.7 40 41.7 36.7 43.9 41.1 42.2 38.3 43.9 41.1 40.6 47.8 46.7 41.1 46.1 45 39.4 47.2 44.4 43.3 43.9 38.3 44.4 42.8 45.6 43.9 42.2 40 45.6 35.6 41.7 45.6 47.8
0.4890411 43.3 43.3 39.4 40.6 41.7 39.4 44.4 42.2 41.7 39.4 42.2 40 43.9 47.2 46.7 42.2 46.1 46.1 38.9 46.7 46.7 41.7 45 38.9 44.4 45 43.3 42.8 36.7 41.1 46.7 36.7 42.8 45 48.3
0.4917808 42.2 42.2 39.4 37.2 40.6 42.2 42.8 43.9 39.4 42.2 38.9 37.8 45 46.1 45.6 41.7 45 46.1 40.6 45.6 46.1 43.3 42.8 41.1 40 42.8 36.7 41.7 41.7 41.7 45.6 36.7 41.1 42.8 48.9
0.4945205 43.9 41.1 41.1 41.1 42.2 42.2 39.4 44.4 38.9 43.3 40 40 46.7 43.3 43.9 41.7 42.8 45.6 40 45.6 42.8 43.9 42.2 40 40.6 43.3 39.4 41.1 42.8 42.2 43.9 38.9 37.8 42.8 46.7
0.4972603 45 42.2 41.1 41.1 43.3 41.7 41.7 45.6 41.1 45.6 40.6 42.2 46.1 44.4 41.7 41.1 42.2 43.3 41.1 42.8 37.8 42.2 40 39.4 42.2 43.9 41.1 40.6 43.9 42.2 45.6 42.8 33.9 42.8 45
0.5 43.9 39.4 40.6 41.1 43.3 42.8 41.1 47.8 43.3 45.6 41.7 40.6 44.4 46.1 40.6 41.7 41.1 41.7 42.2 40 40.6 42.2 37.2 40 41.1 45.6 41.7 41.7 41.7 43.3 43.3 45 37.8 41.1 45
0.5027397 41.7 36.7 40 40 43.3 43.9 43.3 46.7 42.8 45.6 43.9 40.6 44.4 46.7 41.7 40 41.1 37.8 39.4 39.4 40.6 43.3 39.4 41.1 43.9 47.2 41.1 42.2 42.8 44.4 40.6 44.4 40 40 45
0.5054795 42.2 38.9 40.6 41.7 41.7 45 43.9 42.8 42.8 45 44.4 41.7 46.1 46.7 43.9 40.6 42.8 40 40 40 43.3 46.1 38.9 43.9 46.1 45.6 36.7 40.6 42.8 47.2 41.1 42.8 42.8 39.4 41.1
0.5082192 42.2 40 42.2 41.1 41.7 43.3 43.3 41.7 41.1 43.3 43.9 41.7 44.4 46.1 43.9 42.2 45 41.1 40.6 40 43.9 46.1 36.1 46.1 45.6 45 39.4 41.7 42.2 45.6 43.3 42.8 44.4 38.3 41.1
0.5109589 43.3 41.1 42.8 41.1 43.3 44.4 44.4 37.8 36.7 38.9 44.4 41.7 43.3 45 41.7 43.9 46.7 42.2 42.8 40 42.8 44.4 37.8 46.7 45.6 44.4 40 41.1 42.8 45.6 41.1 38.3 43.3 41.7 40
0.5136986 43.3 43.3 43.9 41.1 43.3 44.4 44.4 38.9 32.8 38.3 41.1 42.8 43.3 43.3 40.6 43.3 47.2 44.4 43.3 42.8 40.6 43.3 34.4 42.8 40.6 45.6 38.3 42.2 42.2 44.4 38.3 37.8 37.8 43.3 43.9
0.5164384 42.2 46.1 42.8 39.4 36.7 43.3 41.1 42.8 38.3 39.4 38.3 42.8 42.8 43.3 40 42.2 45 43.9 44.4 43.3 42.8 42.2 40 41.7 37.8 47.2 41.7 42.2 43.3 45 36.7 39.4 38.9 43.3 45.6
0.5191781 40.6 46.1 42.8 40 37.8 41.7 40.6 42.8 40.6 40 40.6 44.4 42.8 44.4 39.4 43.3 43.9 43.9 44.4 46.1 43.3 43.3 40.6 40.6 41.1 42.8 40.6 41.1 44.4 40 36.1 40 40 41.7 44.4
0.5219178 40.6 46.7 42.8 41.1 41.7 41.7 38.9 41.1 42.8 41.1 41.1 43.9 42.8 46.1 38.3 44.4 42.2 43.3 43.9 45.6 44.4 43.3 42.8 41.7 42.8 43.9 40.6 40.6 42.8 41.1 40.6 40.6 41.1 40.6 43.9
0.5246575 41.7 46.7 43.3 41.7 45 41.1 42.2 41.7 43.3 40.6 43.3 45 43.9 45 38.3 45.6 40 42.8 43.3 44.4 43.9 41.1 43.9 42.2 42.2 45 41.7 41.1 40.6 37.2 42.2 40 38.9 41.1 44.4
0.5273973 42.8 45.6 41.7 43.3 46.7 41.7 41.1 42.2 43.9 41.7 44.4 45.6 45.6 40 42.2 43.9 40.6 43.3 43.9 44.4 42.8 39.4 45.6 43.9 43.3 46.7 41.7 42.2 41.7 40.6 43.9 41.7 37.8 40 43.3
0.530137 43.9 44.4 37.2 45.6 43.3 42.2 41.7 41.7 41.1 42.8 45 45.6 45 40 41.1 41.7 40.6 43.3 45 43.3 41.1 40 45 46.1 40.6 45 40.6 43.9 43.3 43.9 41.7 43.3 38.9 40 43.3
0.5328767 45 45 40.6 45.6 42.2 38.9 42.8 42.8 38.9 42.2 43.3 45.6 45 42.2 38.9 42.2 42.2 43.3 46.1 43.9 42.2 41.1 46.1 45 37.8 43.3 37.2 45 43.9 45 32.8 42.8 41.1 40.6 43.3
0.5356164 46.7 46.1 40.6 43.3 40.6 40 44.4 41.7 40.6 43.3 46.1 43.3 42.8 41.7 37.8 43.3 43.3 42.8 45 45.6 44.4 41.7 45 41.7 38.3 41.7 37.8 45 44.4 43.3 33.9 42.2 40.6 41.1 42.2
0.5383562 47.8 43.9 42.2 41.7 42.8 41.7 43.9 41.7 41.1 41.7 44.4 40 40 40.6 40.6 42.8 41.1 43.9 45 45 45.6 42.8 43.9 41.1 41.1 40 40 40.6 43.3 42.8 36.7 42.2 43.3 39.4 42.8
0.5410959 46.1 41.7 42.8 42.8 43.9 40 43.9 40.6 41.1 36.7 45.6 40 39.4 40 41.7 40.6 38.3 43.9 43.9 43.9 45.6 43.3 42.8 42.2 39.4 39.4 37.8 37.8 43.9 42.8 40.6 42.8 45 40 40
0.5438356 48.3 42.8 41.1 43.9 44.4 37.2 44.4 41.7 41.7 37.8 43.9 42.8 40.6 40.6 40 41.7 39.4 43.3 45 44.4 45.6 43.3 42.2 42.8 40 35 40.6 36.1 40 44.4 43.3 42.2 45 39.4 36.7
0.5465753 43.9 46.1 41.7 43.3 44.4 41.1 43.3 43.3 43.3 39.4 43.9 43.3 40.6 42.2 37.8 42.2 41.7 41.7 46.1 40 44.4 43.9 43.9 42.2 40.6 36.7 41.7 38.9 40 45.6 44.4 39.4 43.9 40 32.8
0.5493151 44.4 43.3 43.3 41.7 43.3 42.2 41.1 44.4 43.9 38.9 42.2 42.2 40 41.7 37.2 42.8 42.8 40.6 46.1 35 43.3 43.3 43.3 40 35.6 39.4 43.3 40.6 40.6 45.6 41.7 37.8 44.4 40 38.3
0.5520548 43.9 41.1 41.1 44.4 42.2 40 35.6 44.4 40.6 42.2 40 43.9 40.6 40.6 37.8 42.2 41.7 42.8 45.6 38.3 46.1 45 43.3 36.7 36.1 40.6 35 38.9 40 43.3 41.7 38.3 41.7 40 42.2
0.5547945 39.4 41.1 43.9 44.4 42.2 36.7 35.6 42.2 41.1 42.8 41.1 41.7 41.7 40.6 40.6 41.7 40 43.3 42.8 42.2 44.4 44.4 42.2 40 32.2 41.7 33.9 38.9 42.8 38.9 43.3 41.7 41.1 38.9 42.8
0.5575342 41.1 39.4 42.8 45.6 43.3 41.1 41.7 41.1 38.3 41.7 42.2 42.8 41.1 42.2 40.6 41.7 37.8 36.7 42.2 42.8 43.3 45 43.3 40.6 37.8 41.7 36.7 41.1 43.3 42.2 41.7 41.1 40.6 40 42.8
0.560274 43.9 38.9 43.9 46.1 40 40 43.9 44.4 41.1 40.6 42.8 43.3 40 43.3 43.3 43.9 40 40 38.3 44.4 45 45 41.7 40.6 41.1 42.2 38.3 42.8 43.9 44.4 40.6 41.7 38.3 38.3 42.8
0.5630137 44.4 41.7 43.3 45.6 39.4 41.7 41.1 42.8 42.2 42.2 42.2 42.2 39.4 45 45.6 44.4 40 43.9 41.1 44.4 46.1 45.6 37.2 41.7 43.3 42.2 40 44.4 44.4 44.4 40.6 41.1 38.3 38.9 43.3
0.5657534 43.9 43.3 41.7 43.3 38.3 41.7 43.3 42.2 38.9 39.4 41.1 44.4 43.3 44.4 45 43.3 38.3 42.8 40.6 44.4 45 43.3 35.6 41.7 41.1 43.9 39.4 42.2 42.8 42.2 40.6 41.1 40.6 40 43.3
0.5684932 41.7 41.7 41.1 42.2 42.8 42.2 42.8 40 40.6 40.6 42.2 45 44.4 42.2 44.4 40 38.9 43.3 42.8 44.4 46.7 45 38.9 41.7 32.8 45.6 41.1 39.4 42.2 40 41.7 42.8 43.3 41.1 43.9
0.5712329 40.6 43.3 43.3 41.7 45.6 41.7 41.7 41.7 38.3 42.2 42.8 43.9 46.7 42.2 43.3 37.8 40.6 45 45.6 45.6 48.3 45.6 41.7 40.6 35 43.3 42.2 37.2 41.1 38.3 42.8 45 42.8 43.9 43.9
0.5739726 41.7 41.1 42.8 41.7 42.8 40.6 38.9 43.9 36.7 42.8 42.2 42.2 45.6 41.7 41.7 36.7 40.6 43.9 45.6 43.9 45.6 45 43.9 42.2 36.7 41.7 42.8 40.6 42.2 40 43.3 45 41.7 43.3 42.2
0.5767123 41.7 37.8 42.8 41.7 38.9 41.1 35 41.7 37.2 45.6 42.8 42.2 45 40.6 42.2 37.8 37.8 42.2 45.6 41.7 42.8 46.1 44.4 42.8 40 41.1 43.9 41.1 36.7 41.7 43.3 43.3 37.2 44.4 42.2
0.5794521 43.3 39.4 43.9 40.6 37.8 42.8 37.8 42.8 38.3 45.6 43.9 41.1 46.1 41.7 42.8 40 40 44.4 43.3 41.7 42.8 44.4 43.9 43.3 41.1 41.7 45 41.7 39.4 42.8 42.8 38.9 39.4 43.9 42.8
0.5821918 43.9 42.2 42.8 38.3 33.3 43.9 42.2 43.3 40 44.4 43.9 43.3 46.1 43.3 42.8 42.2 40.6 43.9 40.6 44.4 43.3 45.6 38.3 41.1 42.2 41.1 44.4 40 40 42.8 41.1 40 42.2 47.2 43.3
0.5849315 45 39.4 40.6 40.6 35 42.8 42.8 43.9 40 45.6 42.8 41.7 45 43.3 41.7 43.9 41.1 43.3 40.6 45 43.9 45 42.2 42.2 41.1 40.6 42.8 38.3 40.6 41.1 39.4 42.2 42.2 43.9 44.4
0.5876712 43.9 40 41.7 41.1 38.9 43.3 43.3 43.3 41.7 46.1 40 40.6 44.4 42.2 39.4 44.4 39.4 43.9 42.2 43.9 41.1 44.4 41.1 43.9 42.8 40.6 43.3 40.6 41.1 40.6 40.6 41.7 42.2 44.4 45
0.590411 42.8 39.4 40 42.2 41.1 42.2 44.4 41.7 40 44.4 36.7 40 40.6 38.9 37.8 46.1 37.8 44.4 42.2 42.8 41.7 43.3 42.2 42.8 43.9 42.8 44.4 42.8 37.8 41.1 42.8 42.2 40.6 42.8 45
0.5931507 42.8 41.1 40.6 39.4 39.4 43.9 45.6 40.6 36.7 47.2 40.6 40.6 40.6 38.3 38.3 45.6 41.7 45.6 43.3 43.9 42.2 42.8 43.9 43.9 43.3 43.3 44.4 39.4 38.3 41.1 42.2 40.6 35.6 43.3 44.4
0.5958904 44.4 44.4 41.7 36.1 42.2 44.4 42.8 37.8 39.4 46.7 43.3 39.4 40.6 39.4 41.7 45.6 42.8 43.9 42.8 40 43.9 43.3 40.6 43.9 42.8 43.3 43.3 40.6 41.7 42.2 41.1 38.9 39.4 43.9 44.4
0.5986301 45 43.3 43.3 37.8 45.6 42.8 42.2 40.6 37.8 45.6 45 40.6 41.7 40.6 43.3 44.4 41.7 43.3 42.2 42.2 45 43.9 42.2 41.7 43.9 41.1 43.9 42.2 40 42.8 43.3 41.1 40 40 43.3
0.6013699 41.7 45 40 40 43.3 42.8 43.3 41.7 40.6 41.1 42.8 40.6 41.7 41.7 41.7 45.6 42.2 43.3 42.8 43.3 45.6 43.9 43.9 39.4 44.4 41.7 39.4 42.8 40.6 39.4 41.7 43.3 40.6 40 38.9
0.6041096 41.1 40.6 42.2 41.1 38.9 45 43.9 42.8 38.9 40 41.7 40.6 40.6 42.2 40.6 42.8 40 42.2 43.3 43.3 44.4 43.3 44.4 33.3 39.4 42.8 42.2 42.2 41.7 38.9 43.3 42.8 42.2 41.7 37.2
0.6068493 37.2 40.6 42.8 42.8 42.8 42.8 42.2 42.8 39.4 42.8 42.2 40 41.1 42.2 38.3 43.9 42.2 42.2 44.4 42.8 44.4 42.8 45 35.6 38.3 42.2 41.1 41.1 43.3 34.4 43.3 38.9 42.2 43.3 41.1
0.609589 40.6 40.6 45 43.3 39.4 40 41.7 42.2 39.4 43.9 41.7 39.4 40 42.8 40.6 41.7 41.7 43.3 41.7 41.1 46.1 40.6 41.1 36.7 39.4 40.6 38.9 37.2 41.1 37.2 42.8 38.9 44.4 42.8 45.6
0.6123288 45 43.3 46.7 43.9 38.9 41.1 41.7 45 37.2 41.7 40.6 38.3 38.3 44.4 40.6 41.7 43.3 43.3 38.3 35 45 38.3 30.6 40.6 41.7 41.1 39.4 40.6 40.6 40 36.1 38.3 42.2 41.7 42.8
0.6150685 46.1 42.8 46.1 42.8 40 42.2 41.7 45 37.8 41.7 41.7 36.7 37.8 43.3 41.1 41.7 41.1 42.2 40 33.9 42.8 37.8 36.1 43.9 38.9 41.1 42.8 41.1 41.1 42.8 36.1 40 41.1 40 42.2
0.6178082 43.3 41.1 46.7 41.1 40 41.1 42.2 43.9 35.6 41.1 42.2 38.9 38.3 42.2 41.7 40.6 40 41.1 38.9 36.1 40.6 36.7 38.9 43.3 35 41.7 43.3 38.3 42.2 43.3 35.6 41.7 42.8 39.4 43.3
0.6205479 42.2 38.9 46.1 39.4 41.1 40 43.9 41.7 36.7 42.8 40.6 37.8 37.8 44.4 41.7 40.6 36.7 36.7 41.7 36.1 40 37.8 40 36.1 36.7 42.2 42.8 36.7 41.7 43.3 32.2 40.6 44.4 39.4 43.9
0.6232877 40.6 37.8 43.9 37.2 41.7 40 41.7 40 37.8 43.3 34.4 39.4 38.3 42.2 42.2 40.6 37.8 30.6 41.7 35.6 38.9 42.2 41.1 36.7 38.3 43.3 42.2 38.3 41.1 42.8 37.2 40.6 45.6 41.1 43.3
0.6260274 42.8 41.1 40 36.7 43.3 38.9 39.4 38.9 36.1 43.3 37.2 38.9 38.9 39.4 42.8 40.6 38.3 34.4 40 35.6 40 43.3 38.3 28.9 38.9 42.2 42.2 40.6 43.9 40.6 38.3 41.1 45 41.7 41.1
0.6287671 43.9 39.4 42.2 40 41.1 37.2 38.9 41.1 36.7 40.6 39.4 37.8 37.8 43.3 43.9 40.6 36.7 37.2 39.4 33.9 38.9 42.2 43.9 27.8 35.6 42.2 38.9 42.8 43.3 39.4 40.6 42.8 45 42.8 42.8
0.6315068 43.3 40.6 41.7 41.1 42.2 37.8 39.4 41.7 37.2 42.8 40.6 37.8 38.3 44.4 42.2 38.3 38.9 39.4 40.6 35.6 37.8 42.2 43.9 33.3 34.4 41.7 42.8 42.2 42.8 40.6 38.3 41.7 43.9 41.7 42.2
0.6342466 40 42.8 42.8 41.7 41.7 39.4 40.6 41.7 37.2 43.9 40 36.1 38.9 43.3 40.6 37.8 41.7 42.8 42.2 36.7 38.3 44.4 41.7 34.4 33.9 41.1 43.3 39.4 34.4 39.4 37.2 41.7 43.3 41.7 41.7
0.6369863 37.8 43.3 41.7 40.6 41.1 38.9 40.6 42.8 34.4 45 38.9 31.1 41.1 41.1 39.4 38.9 41.1 41.7 42.2 38.3 41.1 44.4 41.7 35.6 37.2 41.1 43.3 41.1 31.1 37.2 38.3 41.7 40 40.6 42.8
0.639726 37.8 36.7 40.6 36.1 43.3 38.9 41.1 42.8 36.1 45 41.7 34.4 43.3 42.2 41.1 40 40.6 39.4 41.1 40 41.1 42.2 42.2 36.1 37.8 42.8 40.6 34.4 35.6 38.3 38.9 40.6 37.2 40.6 39.4
0.6424658 37.2 35.6 41.7 37.2 44.4 38.9 41.1 41.1 36.7 45.6 42.2 36.1 43.3 42.2 42.2 41.7 41.1 36.1 40 41.1 38.9 43.3 32.2 37.8 38.9 45 39.4 34.4 38.3 38.9 40 41.7 35.6 42.8 41.7
0.6452055 38.9 38.9 43.9 38.9 42.8 41.1 41.1 41.1 39.4 42.8 40.6 37.8 41.1 40.6 41.7 41.1 42.2 38.3 40 41.7 38.3 44.4 31.1 38.9 38.3 47.2 33.3 40.6 34.4 37.2 38.3 43.3 33.9 41.1 43.3
0.6479452 38.3 40.6 45 41.1 41.1 41.7 42.2 42.8 40.6 42.2 42.2 39.4 38.9 39.4 42.2 41.7 43.3 40 39.4 42.2 38.3 44.4 32.8 38.9 37.2 46.1 38.3 38.9 38.3 38.3 37.8 40.6 35.6 32.2 41.7
0.6506849 39.4 41.7 42.8 38.9 40 42.2 41.1 43.9 38.3 41.1 40 37.8 35.6 38.3 43.3 42.2 42.2 38.9 39.4 41.7 41.1 44.4 34.4 42.2 38.3 41.7 37.2 37.8 38.3 37.8 38.3 40 37.8 34.4 39.4
0.6534247 39.4 42.2 42.8 40 38.3 43.3 40.6 43.9 38.9 41.1 38.9 40.6 36.7 36.1 42.8 40 41.7 37.2 40 42.8 41.7 46.1 37.8 42.8 40.6 42.2 35 38.9 35 38.3 38.9 39.4 40 34.4 41.1
0.6561644 40.6 41.7 43.3 40.6 38.3 42.8 40.6 43.9 41.7 41.7 41.1 39.4 38.3 38.9 40.6 38.9 43.3 39.4 41.7 41.1 41.1 45.6 39.4 41.1 41.7 43.9 38.3 41.7 37.8 40 40 38.3 40.6 36.1 41.7
0.6589041 42.2 37.8 40.6 40.6 37.8 41.1 40 45 42.2 38.9 43.3 41.1 37.8 40.6 42.2 39.4 42.2 41.7 42.2 40 40 45.6 41.7 40 44.4 45.6 38.3 42.2 33.9 41.1 42.8 40 39.4 36.1 42.2
0.6616438 41.7 35.6 38.9 37.8 38.3 39.4 40 43.3 41.1 39.4 43.3 41.1 38.3 40.6 42.8 41.7 42.2 41.7 43.3 40.6 40 43.3 41.1 42.2 45.6 44.4 37.8 42.2 35.6 41.1 42.2 40 37.8 35.6 41.7
0.6643836 37.8 36.7 41.7 37.2 38.3 38.9 37.2 40.6 37.8 43.3 43.3 40.6 40.6 39.4 42.8 43.3 43.9 40 42.2 39.4 40 40 42.2 42.8 43.9 41.7 38.9 43.9 37.8 40 40.6 40 33.9 36.7 40.6
0.6671233 31.7 37.8 41.7 38.9 36.1 40 35 31.7 39.4 44.4 42.8 40.6 40.6 37.8 39.4 41.7 42.8 40.6 41.7 41.7 38.9 40.6 43.3 41.7 40.6 40 41.1 41.7 39.4 41.1 38.3 38.9 35.6 38.9 40.6
0.669863 36.7 37.2 42.2 40 36.1 37.8 35.6 30 39.4 42.2 41.7 39.4 41.1 37.2 38.9 40 38.9 40.6 42.2 41.1 40.6 41.1 44.4 42.8 38.3 40.6 39.4 40.6 40 40.6 38.9 38.9 36.7 40 41.7
0.6726027 36.7 34.4 41.1 39.4 39.4 37.8 39.4 31.1 39.4 41.7 40 37.8 39.4 39.4 40.6 41.7 37.8 40 41.1 42.2 40.6 41.1 43.9 43.9 42.2 38.3 41.1 40 40 39.4 39.4 41.7 37.2 42.2 37.2
0.6753425 37.8 35 38.9 32.8 42.2 38.3 40.6 34.4 39.4 41.1 38.9 37.8 41.1 41.7 40 41.1 38.9 43.3 39.4 42.2 38.3 37.8 42.2 41.7 42.8 33.9 41.7 35 37.2 41.7 32.8 38.3 36.7 41.7 39.4
0.6780822 37.2 38.3 39.4 40 42.8 36.1 41.1 35 41.7 40.6 32.8 39.4 40.6 41.7 40 41.1 38.3 42.8 38.9 43.3 37.8 38.9 41.7 40.6 41.1 31.7 42.8 36.7 37.2 43.3 31.1 38.9 36.7 40.6 40
0.6808219 37.8 40 40 40 39.4 34.4 41.7 34.4 42.2 40.6 32.8 40.6 38.3 40.6 40.6 37.8 35.6 43.3 37.8 42.8 40 37.2 43.3 40.6 40.6 30 43.3 37.8 38.9 42.2 37.2 33.3 37.8 40 42.2
0.6835616 38.3 38.9 40 42.2 38.3 36.1 41.7 36.7 42.8 39.4 36.7 40.6 35.6 42.2 42.2 33.3 35.6 44.4 36.1 45 38.9 32.8 32.8 39.4 40.6 33.3 42.8 37.8 38.9 40 40 37.8 38.3 40.6 42.8
0.6863014 38.9 36.7 37.2 42.8 38.3 35.6 41.7 37.2 43.3 41.1 39.4 42.2 35.6 38.9 43.3 36.1 38.9 43.9 37.2 44.4 36.7 37.2 30.6 40.6 39.4 35 38.3 38.9 40 37.8 42.8 38.9 39.4 41.7 42.2
0.6890411 40.6 38.9 38.3 43.3 38.9 37.8 41.7 37.8 43.9 43.3 40 42.2 36.7 37.8 43.9 36.1 37.2 42.2 39.4 43.9 35 38.9 35 40.6 38.3 35 36.1 40.6 40.6 38.3 43.9 38.9 40 42.8 41.7
0.6917808 40 36.7 38.9 42.2 38.9 40 41.1 37.8 43.3 43.3 43.3 44.4 37.2 37.2 43.9 38.9 32.8 39.4 37.8 43.9 35.6 39.4 36.7 41.7 34.4 33.9 33.3 40 38.9 38.9 45 35.6 40 41.7 39.4
0.6945205 42.2 38.9 40 43.9 41.1 38.9 38.9 38.3 42.2 38.9 42.2 45 36.1 38.3 40.6 38.9 32.8 34.4 35 43.3 36.1 40.6 33.3 39.4 36.1 32.8 35.6 39.4 38.3 38.3 44.4 34.4 40 41.1 38.3
0.6972603 43.3 38.9 38.3 43.9 41.7 38.9 36.7 38.9 41.1 36.7 40 45.6 36.1 40 37.8 36.7 33.3 36.1 35.6 42.2 37.2 40.6 32.8 42.2 37.2 32.8 36.7 37.8 32.8 37.2 42.2 35.6 40.6 39.4 36.7
0.7 42.8 35 38.9 39.4 40 40.6 35.6 37.2 40.6 32.2 37.8 43.9 37.8 39.4 38.3 36.7 36.1 37.8 34.4 40.6 37.8 40.6 33.9 42.2 39.4 37.2 35.6 30.6 32.8 37.8 42.2 35.6 39.4 37.8 34.4
0.7027397 40 36.7 39.4 37.8 37.2 40.6 29.4 36.1 37.8 32.2 35.6 43.3 38.9 38.9 37.8 36.7 36.7 38.3 34.4 39.4 37.8 40.6 33.9 43.3 41.7 38.9 34.4 33.9 34.4 37.2 39.4 36.7 38.3 34.4 33.9
0.7054795 38.3 33.9 40.6 37.2 36.1 40.6 35 37.2 35.6 32.2 35.6 43.9 40 40 36.7 40 35.6 37.2 32.8 37.8 38.9 40.6 33.9 41.1 39.4 40 33.3 37.2 36.7 38.9 38.9 36.1 38.3 36.1 36.7
0.7082192 38.9 37.2 42.8 37.2 38.3 38.3 37.2 37.2 35.6 32.8 37.2 42.2 40 38.9 37.2 41.7 34.4 34.4 33.3 36.1 39.4 40.6 26.7 38.9 40.6 38.9 33.9 36.7 37.8 36.1 38.3 37.8 38.3 36.1 38.3
0.7109589 38.3 32.8 44.4 34.4 38.3 35 36.7 37.2 35 35 37.8 40.6 38.9 38.9 36.1 37.8 35 31.7 34.4 35.6 42.2 40.6 31.7 38.9 40.6 37.2 34.4 37.2 37.2 34.4 37.8 40 38.9 32.2 39.4
0.7136986 37.8 31.7 43.9 35.6 36.1 31.7 39.4 36.7 37.8 37.2 38.3 34.4 35.6 37.8 36.1 40 35 35.6 31.1 37.2 43.3 40.6 33.9 39.4 42.2 30.6 34.4 35.6 33.9 32.8 35.6 36.7 40.6 31.1 40.6
0.7164384 37.2 32.2 43.9 31.7 36.1 27.2 33.3 33.9 36.7 37.8 37.8 32.2 31.1 37.2 34.4 39.4 35.6 36.1 30 38.9 43.3 39.4 35.6 37.8 41.7 26.7 33.3 37.8 36.7 30 34.4 36.1 37.8 34.4 39.4
0.7191781 39.4 33.3 41.7 31.7 35.6 29.4 37.2 36.7 35 35 36.7 34.4 35 38.3 36.1 39.4 34.4 33.3 30.6 40 43.3 38.9 37.8 28.3 41.7 29.4 28.9 38.9 35.6 30 33.3 35 36.7 36.1 38.9
0.7219178 37.2 31.7 39.4 33.3 32.8 31.7 41.1 37.8 30.6 32.2 33.3 33.3 38.3 37.8 35 38.3 36.7 35 33.9 40.6 37.8 40 40 38.9 37.8 33.3 30 36.7 30.6 36.7 32.8 34.4 37.2 38.3 35.6
0.7246575 33.9 30 35 36.7 33.9 35 42.2 36.1 30.6 35 33.3 33.3 36.7 38.3 35.6 37.8 36.7 36.1 37.2 40.6 37.8 36.7 42.2 35.6 36.1 34.4 25 36.1 30.6 40 35.6 34.4 39.4 37.2 36.1
0.7273973 36.7 31.1 30.6 38.3 35.6 37.8 42.8 38.3 32.8 37.2 35 34.4 36.1 37.2 36.1 36.1 33.3 34.4 38.3 40.6 38.3 35 42.8 36.1 37.2 37.2 20 36.1 32.8 39.4 35 37.2 40 36.7 38.9
0.730137 38.9 33.9 35 39.4 36.1 38.9 41.1 37.2 36.1 38.9 36.1 33.9 35 34.4 36.7 36.7 27.8 37.2 37.2 41.7 39.4 36.7 41.7 30 35.6 37.8 22.8 33.3 35 40 36.1 38.9 40.6 35.6 37.8
0.7328767 40.6 35 33.9 42.8 33.3 38.3 38.3 35.6 38.3 38.9 36.1 33.3 32.2 32.8 36.1 38.3 27.2 38.9 38.3 40.6 40 35.6 40.6 35.6 33.3 38.3 27.8 35 35.6 41.1 36.7 40.6 37.8 35.6 37.8
0.7356164 41.7 37.8 33.9 40.6 34.4 38.3 37.2 36.1 39.4 39.4 35.6 30.6 33.3 32.2 36.7 38.3 28.9 37.8 38.3 37.8 41.1 37.8 36.7 32.2 31.1 35 25.6 37.2 36.7 40 36.1 41.1 36.7 38.9 37.8
0.7383562 41.7 39.4 32.8 41.1 36.1 36.1 34.4 37.2 39.4 38.9 33.9 29.4 33.3 35 35 38.3 31.1 33.9 39.4 37.2 38.9 37.8 31.7 34.4 35.6 32.2 29.4 37.2 36.1 38.3 35 40 37.8 40 39.4
0.7410959 40 38.9 31.1 41.1 37.2 33.9 33.3 36.1 37.8 41.1 32.8 33.3 35.6 36.7 36.7 38.3 32.2 35 40 39.4 41.1 39.4 28.3 34.4 37.2 30.6 26.7 37.2 35 38.9 32.8 36.7 40.6 38.9 41.1
0.7438356 36.7 35 32.8 40.6 38.3 27.8 33.3 36.7 35 42.2 32.2 31.7 37.8 37.8 38.3 38.9 34.4 37.8 41.1 39.4 42.8 36.1 32.2 26.1 38.3 30.6 27.8 38.9 35 38.9 33.9 38.3 39.4 38.3 37.8
0.7465753 35.6 37.2 36.1 38.9 38.9 32.8 32.8 36.1 34.4 40.6 33.9 26.7 37.8 38.9 38.3 36.1 35.6 35 41.7 38.9 42.8 36.1 28.9 27.8 36.7 32.8 30 38.3 35.6 37.8 33.9 38.3 38.3 37.8 37.8
0.7493151 35 37.2 39.4 37.8 38.3 35 33.9 36.7 32.2 38.3 35 25.6 39.4 37.2 40 36.7 33.9 34.4 39.4 38.3 42.8 30 28.9 28.3 31.1 33.3 32.8 37.2 37.8 36.7 29.4 37.8 38.3 38.3 34.4
0.7520548 35 36.7 37.8 39.4 38.3 38.3 32.2 35.6 33.3 36.1 33.9 26.7 37.8 35.6 39.4 37.8 29.4 37.2 38.9 38.9 42.8 28.9 31.7 28.3 29.4 33.9 25.6 38.9 38.3 35 30.6 38.9 37.2 38.9 35
0.7547945 33.3 36.1 37.8 39.4 39.4 38.3 28.9 35 31.7 33.3 33.3 29.4 32.2 33.9 36.7 37.8 28.9 38.9 38.9 38.9 42.8 29.4 33.3 30 29.4 35.6 25.6 38.9 39.4 32.2 32.8 38.9 35.6 39.4 35
0.7575342 35 36.1 34.4 36.7 40 37.2 25 33.9 26.1 26.7 31.1 32.2 30 35 35 38.3 29.4 37.8 39.4 38.9 40.6 31.1 33.9 33.3 31.7 33.9 27.8 38.3 38.3 30 36.1 37.8 32.8 40.6 31.7
0.760274 36.7 37.8 27.2 34.4 40.6 36.1 29.4 34.4 30.6 27.8 32.8 33.9 30 35 31.7 38.9 31.7 36.7 39.4 38.3 40 32.2 32.2 30 31.1 37.2 30 40 37.2 31.7 37.2 38.3 33.3 37.2 26.1
0.7630137 37.8 36.7 30.6 36.7 40.6 37.2 31.1 33.9 33.3 30.6 32.2 33.9 27.8 33.3 28.3 37.8 34.4 32.2 38.9 39.4 40.6 34.4 32.2 28.9 31.7 35 32.2 40 35.6 32.8 36.1 38.9 34.4 34.4 25.6
0.7657534 37.8 34.4 32.2 37.8 38.3 37.2 31.7 32.8 32.8 33.3 26.7 33.3 27.2 31.7 32.2 32.8 32.8 30.6 38.3 40 40.6 35 29.4 31.1 32.2 27.8 33.3 38.9 35 33.9 31.1 38.9 32.8 30.6 30
0.7684932 37.8 31.1 33.3 38.9 39.4 38.3 33.3 34.4 31.1 35.6 25.6 34.4 29.4 30 34.4 30 31.1 32.2 38.3 36.1 39.4 29.4 26.7 31.1 36.1 26.7 32.8 36.1 34.4 35 28.3 38.3 31.7 32.2 33.3
0.7712329 30.6 23.9 35 37.2 38.9 39.4 35.6 33.9 32.2 33.3 29.4 35.6 29.4 25.6 35 32.2 35 33.3 36.7 35.6 37.8 32.2 27.2 33.3 36.1 23.9 32.8 34.4 35 35.6 29.4 38.3 33.9 31.7 32.8
0.7739726 23.3 27.2 34.4 36.7 39.4 38.3 33.9 35 31.1 31.7 30 36.1 26.1 24.4 32.8 33.3 35.6 33.9 36.7 40 37.8 32.2 25.6 32.2 34.4 23.9 21.1 35 35.6 37.2 31.1 40 34.4 32.8 32.8
0.7767123 26.7 30.6 34.4 35.6 38.3 38.9 31.1 35.6 30.6 27.8 31.1 35 28.3 26.7 32.8 32.2 35 33.9 37.2 37.2 36.1 31.1 26.7 32.2 32.2 24.4 25 27.8 32.2 37.2 32.8 37.2 35 32.2 33.3
0.7794521 26.7 32.2 34.4 31.1 37.8 40 31.7 36.7 32.2 25.6 33.3 35.6 30.6 29.4 30.6 28.3 33.3 34.4 37.8 34.4 35.6 23.9 28.9 32.2 26.7 26.7 22.8 26.7 33.9 36.7 32.8 35 36.7 33.9 34.4
0.7821918 29.4 37.2 35 31.7 36.7 36.7 30.6 35.6 33.9 27.8 32.8 35.6 32.2 35 31.1 25.6 33.9 33.9 38.3 35 32.8 22.8 30.6 34.4 36.7 27.2 25 25.6 34.4 37.8 34.4 35 35 33.3 30
0.7849315 26.7 37.2 32.8 33.3 35 35.6 25 36.1 32.2 27.8 32.8 35 32.2 37.8 33.3 27.2 31.7 35 38.3 31.7 31.1 24.4 32.2 30 31.1 27.2 28.3 28.3 31.1 35 34.4 36.7 32.2 31.1 25
0.7876712 21.7 35.6 28.3 35 32.2 33.9 26.1 34.4 26.7 27.2 31.1 33.3 30 37.2 33.9 29.4 33.3 36.7 38.3 32.2 23.3 23.9 32.2 29.4 24.4 30.6 26.7 28.3 31.1 30 33.3 37.2 32.2 29.4 22.2
0.790411 23.3 35.6 27.8 31.7 27.8 26.7 25.6 32.8 27.2 30.6 28.9 26.1 31.1 37.8 35 31.7 32.8 36.1 36.1 33.9 22.2 23.9 33.3 30.6 23.3 27.2 30.6 31.7 34.4 31.1 33.3 38.3 33.3 26.7 21.7
0.7931507 26.1 35.6 26.7 29.4 28.9 23.9 26.7 33.3 27.2 28.9 31.7 18.9 28.3 37.8 36.1 33.3 32.8 36.7 36.1 33.3 23.9 27.2 33.9 28.9 26.7 25.6 30.6 32.2 35 33.3 32.2 36.7 32.8 25.6 23.3
0.7958904 26.7 34.4 25.6 29.4 34.4 27.2 31.1 36.1 30 26.1 30.6 18.3 25.6 36.1 37.2 33.3 31.1 35 35 33.3 26.7 32.2 32.2 29.4 23.3 28.3 24.4 32.2 35 32.8 33.3 36.1 34.4 25.6 25.6
0.7986301 30 35 25.6 23.9 33.3 30 33.3 35.6 30.6 23.9 30.6 22.8 21.7 36.7 36.1 33.3 30.6 33.3 35.6 30.6 28.9 32.2 30.6 31.7 22.2 30.6 24.4 32.8 31.1 31.1 31.1 36.1 33.3 26.7 27.8
0.8013699 30.6 33.3 28.3 27.8 32.8 34.4 32.8 35 30.6 26.7 30 26.1 20.6 35 33.9 28.3 31.7 31.1 31.1 29.4 30.6 32.2 28.3 32.8 23.9 31.7 24.4 34.4 31.1 30.6 26.7 33.9 33.9 28.9 28.9
0.8041096 33.3 33.3 32.2 30 34.4 35 30 34.4 31.1 23.3 27.2 28.9 21.7 33.9 33.3 30 28.3 28.9 21.7 25 31.7 34.4 30.6 32.8 24.4 29.4 25.6 35 33.3 29.4 25.6 31.7 30.6 30 29.4
0.8068493 33.9 28.3 33.3 28.9 34.4 34.4 29.4 35 31.7 21.7 26.7 29.4 24.4 33.9 29.4 30.6 25 30 27.8 28.9 31.1 32.2 31.1 33.3 23.3 25.6 26.7 30.6 33.9 27.2 28.3 29.4 29.4 29.4 28.9
0.809589 30.6 28.3 32.2 28.9 34.4 35.6 31.7 32.8 32.8 25.6 28.3 28.3 26.7 30.6 25.6 27.8 25.6 32.2 27.8 29.4 32.8 32.8 32.8 33.9 23.9 27.8 27.8 27.8 33.9 29.4 30 27.8 32.8 30.6 28.3
0.8123288 31.7 27.8 32.2 31.7 31.7 35.6 33.9 32.8 33.9 27.8 25.6 22.2 26.1 30 28.9 20 25.6 32.8 24.4 32.2 28.9 30.6 31.1 30.6 23.3 30.6 28.3 23.3 33.3 29.4 32.2 26.1 23.3 31.7 31.7
0.8150685 32.8 31.7 32.2 31.7 32.8 36.1 33.3 32.8 34.4 29.4 23.3 19.4 21.7 29.4 31.1 22.8 27.2 32.2 24.4 34.4 30.6 30.6 30 31.7 25 31.7 30.6 26.7 33.3 26.1 34.4 25 25.6 31.7 30
0.8178082 33.9 31.7 32.2 31.7 31.7 36.7 34.4 32.2 33.3 29.4 23.9 21.1 23.3 28.3 27.8 28.3 25 33.9 27.8 31.1 26.7 31.7 27.8 31.1 26.7 32.2 31.1 29.4 33.3 26.1 33.9 26.1 27.2 29.4 30.6
0.8205479 30.6 28.9 32.8 31.7 31.7 36.1 33.3 31.7 33.3 30.6 21.7 24.4 21.1 31.1 24.4 28.3 25.6 32.2 28.9 31.1 24.4 27.8 23.9 30 25.6 33.9 31.7 29.4 33.3 24.4 33.3 22.8 26.1 28.3 31.7
0.8232877 29.4 27.8 32.8 31.1 33.3 34.4 32.2 33.3 33.9 30.6 23.3 23.3 23.3 31.7 23.3 28.3 23.9 30.6 30 31.1 24.4 26.7 23.3 29.4 26.7 31.1 32.2 32.8 30 24.4 35 18.9 26.7 27.8 32.8
0.8260274 29.4 19.4 33.9 32.2 32.2 33.9 34.4 30 31.7 28.3 26.1 14.4 22.2 29.4 18.9 31.1 24.4 28.9 30 26.7 25.6 25 25 30 28.9 31.1 32.8 25.6 29.4 22.2 33.9 21.1 25.6 28.3 32.8
0.8287671 28.9 20.6 33.3 29.4 27.8 34.4 34.4 25 28.3 26.1 28.3 16.7 18.9 27.2 18.3 32.2 25.6 26.1 27.8 21.7 27.8 23.3 27.8 31.1 29.4 29.4 33.3 25 31.7 22.2 33.3 16.7 25 26.1 28.3
0.8315068 27.8 16.7 33.3 28.9 29.4 34.4 33.3 29.4 27.2 27.8 30 18.3 16.1 28.9 21.1 26.1 26.7 26.7 26.1 23.3 28.3 25.6 26.7 30 26.1 28.9 26.1 21.1 34.4 24.4 30 16.7 24.4 24.4 27.8
0.8342466 30.6 18.3 31.7 28.9 29.4 33.9 34.4 30.6 25.6 28.9 28.3 20.6 20 30 21.1 26.7 28.3 27.2 26.7 24.4 29.4 28.3 25.6 28.3 27.2 27.2 22.8 22.8 32.8 23.9 26.7 20.6 25.6 25 31.1
0.8369863 30 22.2 32.8 24.4 26.1 31.1 31.7 29.4 28.3 27.8 28.3 23.9 21.1 27.8 18.9 27.8 30.6 28.9 27.8 25 30 28.9 25.6 28.9 27.8 28.3 24.4 20.6 28.3 22.8 21.7 23.9 27.2 25 26.1
0.839726 30 25.6 32.8 24.4 27.2 32.2 30.6 27.8 26.7 27.2 27.8 25.6 26.7 27.2 20 30.6 30.6 31.1 28.9 26.7 29.4 30 25 31.1 28.3 31.1 24.4 21.7 29.4 24.4 20.6 24.4 25 26.7 19.4
0.8424658 26.7 27.2 32.2 25.6 28.9 32.2 30 29.4 24.4 28.9 27.2 27.2 26.1 24.4 22.2 32.2 31.7 30.6 30 24.4 33.3 30.6 25.6 28.9 29.4 30 24.4 26.7 30 26.1 22.2 25.6 22.2 28.3 16.7
0.8452055 22.8 23.9 32.2 25.6 29.4 32.2 29.4 29.4 25.6 27.8 27.8 28.3 24.4 26.7 22.8 33.9 30.6 27.2 27.8 25 34.4 31.1 26.1 29.4 30.6 27.8 25.6 20.6 30 27.8 25.6 27.2 20.6 25.6 21.1
0.8479452 25.6 25 33.3 26.7 29.4 32.2 25.6 30.6 26.1 26.1 28.3 25.6 23.9 29.4 24.4 29.4 30.6 22.8 27.8 22.2 33.3 29.4 23.9 29.4 28.9 28.3 25 21.7 32.8 26.7 21.1 28.9 21.7 22.8 26.1
0.8506849 23.9 25.6 30.6 23.3 30 31.1 25 29.4 24.4 22.8 25.6 26.1 25.6 29.4 26.1 28.3 30.6 21.1 27.8 25.6 32.8 25.6 24.4 30.6 24.4 29.4 19.4 21.7 31.1 25.6 18.3 30.6 23.9 23.3 26.1
0.8534247 21.7 22.8 31.1 20.6 27.2 28.9 21.7 29.4 23.9 22.2 23.9 27.2 23.9 31.1 24.4 27.8 29.4 23.9 29.4 22.8 32.2 27.8 21.7 27.2 22.8 28.3 21.1 24.4 28.3 25.6 22.2 32.2 25.6 25.6 20.6
0.8561644 23.3 25.6 31.1 24.4 25.6 28.9 18.3 29.4 26.7 22.8 25.6 29.4 22.2 31.1 24.4 25 27.8 21.1 30.6 22.8 32.2 29.4 21.1 22.8 33.3 24.4 21.1 26.7 25 26.7 27.8 27.8 21.7 26.7 24.4
0.8589041 23.3 27.2 29.4 27.2 21.7 27.8 19.4 29.4 28.9 21.7 26.1 30 22.8 30.6 25 21.1 27.2 25 27.2 23.3 32.2 29.4 18.9 26.7 25.6 23.9 23.9 26.7 27.2 29.4 27.8 23.9 20 26.7 23.3
0.8616438 22.2 26.7 30 28.9 18.9 26.1 22.2 30.6 27.8 24.4 27.8 30 19.4 31.1 27.2 22.8 26.7 28.3 19.4 23.3 30.6 27.2 16.1 29.4 27.2 22.8 24.4 24.4 23.3 30.6 29.4 25 17.2 24.4 22.8
0.8643836 25.6 22.8 31.1 28.9 22.2 25.6 23.9 32.2 25.6 23.3 25.6 25.6 16.7 32.2 27.8 23.3 22.8 29.4 17.8 23.9 25.6 28.9 19.4 27.8 28.3 14.4 26.1 25.6 26.1 29.4 31.1 27.2 20.6 21.1 16.7
0.8671233 23.9 22.2 27.8 28.9 20.6 26.1 26.7 32.2 22.8 24.4 23.9 22.2 18.3 28.3 25 26.1 20 29.4 18.3 23.9 23.3 29.4 19.4 27.8 24.4 13.9 27.2 24.4 27.8 27.8 30 26.7 23.9 19.4 17.2
0.869863 19.4 21.1 25.6 28.9 15 23.3 28.3 31.1 19.4 25 22.8 20.6 19.4 22.2 27.2 26.1 16.1 26.7 15.6 26.7 20 28.3 21.1 24.4 23.9 15 27.2 22.8 23.9 26.1 30.6 23.3 25.6 15.6 16.7
0.8726027 21.1 21.1 23.3 27.2 12.2 21.7 28.9 32.2 18.3 20.6 22.8 18.3 19.4 25 25.6 25.6 21.7 27.2 15 26.7 18.3 30 21.1 26.1 22.2 17.2 23.9 18.9 17.8 24.4 28.3 19.4 26.1 14.4 17.8
0.8753425 21.1 19.4 23.9 23.9 12.2 20.6 27.8 29.4 20.6 20.6 22.8 17.2 19.4 23.9 26.1 28.9 25.6 28.3 17.8 26.7 19.4 29.4 22.2 26.7 23.3 18.3 23.3 18.3 19.4 25.6 28.3 16.7 26.1 16.7 19.4
0.8780822 23.3 17.8 20.6 23.3 14.4 21.7 27.2 30 21.7 18.3 22.2 17.8 18.3 23.3 26.1 24.4 26.1 29.4 18.9 25.6 19.4 27.2 18.9 26.7 22.2 18.3 21.7 19.4 20.6 25.6 28.9 21.1 25.6 20.6 18.3
0.8808219 26.1 20 18.3 20 12.8 23.9 26.7 30 23.9 16.1 22.8 16.1 17.8 21.7 26.7 21.7 25 26.7 20.6 22.8 19.4 23.3 21.1 23.9 23.9 18.9 21.7 21.7 17.8 26.1 27.8 20.6 21.7 21.1 16.7
0.8835616 23.3 19.4 18.3 21.7 13.9 24.4 27.8 25 24.4 20 22.2 19.4 19.4 18.3 26.7 16.7 22.2 23.3 23.3 16.7 20 25.6 22.8 20 22.2 18.3 22.2 22.2 16.7 27.8 25 20 21.7 20 16.1
0.8863014 23.9 19.4 22.8 20.6 14.4 22.8 28.9 24.4 27.2 21.1 23.9 17.2 17.2 18.9 26.1 19.4 25 18.9 24.4 15.6 22.2 25.6 19.4 22.8 23.9 16.1 23.9 24.4 17.8 28.3 21.7 21.1 17.8 18.3 18.3
0.8890411 26.1 17.8 26.1 15.6 18.3 21.7 26.1 23.3 26.7 21.7 23.9 18.9 16.7 18.9 28.3 19.4 25 21.1 21.7 15.6 23.3 24.4 18.3 17.8 22.8 19.4 26.1 21.1 19.4 25 20.6 21.7 15.6 18.9 16.7
0.8917808 25 17.2 25 16.7 20 18.9 24.4 20 25.6 20 24.4 18.3 16.7 17.8 23.9 17.2 25.6 23.3 18.9 16.7 21.1 25.6 17.8 15 18.3 22.8 25.6 21.1 23.3 25 21.7 20 19.4 21.1 17.2
0.8945205 25.6 21.7 23.3 18.9 20 22.2 20 20.6 27.2 22.2 23.9 20.6 17.2 15.6 21.7 20.6 25.6 22.8 15.6 18.3 24.4 27.2 19.4 16.7 17.8 23.9 25.6 20.6 25 26.1 23.3 18.3 17.2 25 18.9
0.8972603 26.7 20 26.1 21.7 21.1 20.6 19.4 21.7 25.6 23.9 27.2 22.8 17.8 15.6 23.9 23.9 25 24.4 15 21.7 19.4 29.4 21.1 18.9 18.3 21.1 20 20.6 22.2 24.4 25 22.2 15 19.4 19.4
0.9 27.2 17.8 26.1 22.2 22.8 19.4 19.4 23.3 20 24.4 26.7 23.9 20 13.3 25 23.9 23.3 28.3 17.2 22.2 20.6 22.8 20.6 16.1 14.4 16.7 20.6 18.3 11.7 22.2 26.7 24.4 15.6 15 22.2
0.9027397 24.4 22.2 25 22.2 22.8 17.2 19.4 23.9 19.4 23.3 24.4 22.8 21.1 15.6 22.8 20 23.9 27.8 16.1 23.9 20 18.3 22.2 15.6 14.4 18.9 21.7 17.2 15 21.7 23.9 22.8 19.4 15.6 17.8
0.9054795 22.2 21.7 26.1 21.7 20 16.7 22.2 20.6 18.3 23.9 20.6 22.2 23.3 16.1 24.4 18.3 18.9 25 16.1 21.1 22.2 20 20.6 16.1 15 17.8 21.7 18.3 17.2 19.4 18.3 26.1 20 15 12.8
0.9082192 22.2 22.8 26.1 20.6 21.7 17.8 25.6 20.6 18.3 21.1 18.9 20.6 21.1 18.3 21.7 17.2 11.7 26.7 15.6 18.3 23.9 16.7 21.1 16.1 18.3 17.8 20.6 18.9 18.3 16.7 17.2 19.4 18.9 21.7 15
0.9109589 17.2 18.9 20 22.2 23.3 18.3 26.1 18.9 18.9 21.1 20.6 20 19.4 22.2 19.4 12.8 15.6 22.8 18.3 18.3 27.8 15.6 21.1 18.9 16.7 18.9 23.9 17.8 19.4 18.9 18.3 18.3 17.8 23.3 16.7
0.9136986 22.2 21.7 17.2 19.4 25.6 17.2 26.7 18.9 18.9 21.7 19.4 18.9 18.9 23.9 19.4 14.4 18.3 25 20 19.4 25 16.1 18.9 21.1 17.8 17.8 20 18.3 20.6 18.9 18.3 16.1 17.2 20.6 18.9
0.9164384 21.1 22.8 19.4 21.7 24.4 19.4 26.7 17.8 17.8 22.8 19.4 18.3 20 23.9 20.6 16.7 22.8 23.9 22.2 21.7 24.4 16.7 14.4 17.8 19.4 18.3 19.4 18.3 22.8 18.9 18.9 12.2 17.2 20 22.2
0.9191781 23.3 23.9 21.1 21.1 22.2 21.1 25.6 17.8 16.7 23.9 19.4 18.3 22.8 22.2 22.2 21.7 21.1 23.9 18.9 22.8 26.1 19.4 15 20 19.4 15.6 20.6 21.1 23.3 21.7 21.1 13.3 17.8 19.4 22.2
0.9219178 19.4 21.1 21.7 21.7 20.6 22.8 21.7 20 17.2 21.1 18.3 16.7 21.7 16.7 22.2 23.3 21.1 25 13.9 22.2 26.7 22.2 15.6 19.4 11.7 20.6 22.2 22.2 22.2 22.8 18.9 16.7 18.3 20 21.1
0.9246575 20 20 23.9 21.1 20 24.4 21.1 18.9 18.3 20 19.4 13.9 22.2 16.7 17.8 22.2 22.2 24.4 15 23.9 23.3 23.3 17.8 17.8 17.2 21.1 17.8 18.9 22.8 20.6 19.4 17.2 11.7 21.7 20.6
0.9273973 16.1 20.6 24.4 21.1 20 23.9 21.7 20 18.9 18.3 21.1 15.6 20 18.3 16.1 22.8 20 24.4 18.3 26.7 22.2 23.9 19.4 14.4 16.7 18.3 22.2 17.8 22.8 23.3 18.3 18.3 13.9 20.6 18.3
0.930137 13.9 20 22.8 20.6 17.8 22.8 26.1 19.4 20 16.1 21.7 17.8 13.3 20.6 17.2 21.7 18.3 26.7 16.7 23.9 18.9 23.3 20 16.7 22.2 19.4 22.2 20.6 21.7 23.9 20.6 20.6 15.6 22.2 17.2
0.9328767 11.1 18.3 23.9 21.7 16.7 22.2 23.9 18.3 22.2 16.1 23.3 16.1 15.6 21.7 17.2 22.8 19.4 26.7 8.9 24.4 18.9 23.3 20.6 18.3 20 18.3 15.6 20 19.4 22.2 18.9 21.1 16.1 22.2 17.2
0.9356164 11.1 16.7 23.3 21.7 17.2 23.3 19.4 17.8 20.6 18.3 21.7 10.6 15.6 21.1 18.9 25 21.1 26.1 6.7 25 16.7 23.3 13.9 22.2 19.4 18.3 15 19.4 21.7 22.2 19.4 21.1 14.4 18.3 14.4
0.9383562 12.8 15.6 26.1 21.1 18.9 17.8 17.8 15 21.1 18.3 21.1 13.3 13.3 22.8 17.8 26.1 22.2 25.6 10 24.4 16.1 27.8 15.6 23.3 18.9 13.9 15.6 18.9 20 23.3 21.7 21.7 15 21.7 13.3
0.9410959 15.6 16.7 25.6 18.3 20.6 17.2 17.2 18.3 22.2 17.2 19.4 14.4 6.7 22.8 16.1 26.1 18.3 25.6 16.1 26.1 19.4 23.9 14.4 22.2 14.4 13.9 12.8 20.6 19.4 19.4 22.2 17.8 17.2 22.2 14.4
0.9438356 15.6 12.8 21.7 15.6 21.1 16.1 20 21.1 20.6 19.4 18.3 13.3 7.2 25 16.7 24.4 20 25 18.3 21.1 22.2 23.3 17.2 22.8 18.3 9.4 14.4 20.6 19.4 17.2 24.4 16.7 19.4 23.9 13.9
0.9465753 20 10 21.7 12.8 18.3 17.8 21.1 19.4 16.1 20 18.9 15.6 10 23.3 17.2 20 20 22.8 17.2 16.1 16.7 19.4 18.3 20 16.7 12.2 15.6 13.9 21.7 13.3 20.6 17.2 14.4 18.9 16.7
0.9493151 20.6 13.9 22.8 14.4 16.1 17.8 22.2 12.8 17.2 20.6 21.7 14.4 10 23.9 18.3 16.7 23.3 22.2 18.9 19.4 21.7 20.6 18.3 21.1 13.9 12.2 17.2 10 23.9 16.1 21.7 17.8 13.9 16.7 16.7
0.9520548 20 12.2 22.8 17.2 20.6 14.4 21.7 5.6 20 20 17.8 12.2 12.2 20.6 16.7 14.4 21.7 24.4 20 19.4 22.8 21.7 16.7 19.4 12.8 14.4 16.7 11.1 23.9 17.8 17.2 20 15 19.4 16.1
0.9547945 21.1 10.6 24.4 18.3 20.6 12.8 20.6 5 19.4 21.1 18.3 13.9 13.9 21.1 17.2 13.3 21.7 26.1 17.2 19.4 23.9 22.8 17.8 21.1 14.4 17.2 18.9 11.1 18.9 17.8 16.7 19.4 13.3 15 16.1
0.9575342 18.9 12.8 23.9 20 19.4 11.7 22.8 7.2 18.3 20 16.7 13.9 16.1 22.2 21.7 13.9 25 23.3 17.8 21.1 27.2 22.8 18.3 22.2 12.2 19.4 16.7 16.7 20.6 17.8 14.4 20 11.1 15 16.7
0.960274 19.4 12.8 22.8 20 20 9.4 21.1 10 16.7 22.2 17.2 12.8 15.6 23.9 21.7 18.3 22.2 22.2 14.4 23.9 28.3 21.1 28.9 23.3 13.9 20 18.9 11.7 18.9 18.3 13.9 17.8 11.7 15.6 19.4
0.9630137 20.6 13.3 16.7 21.1 18.3 12.8 18.3 10 12.8 21.1 15 17.2 18.3 20.6 18.3 20.6 22.2 21.1 16.1 25 26.1 23.9 17.8 21.1 16.7 21.7 20 13.9 17.2 18.9 16.1 18.3 11.7 16.1 20.6
0.9657534 21.1 15 18.9 19.4 16.7 13.3 22.2 10.6 20.6 20.6 15 18.3 19.4 20 17.8 22.2 22.8 18.9 13.9 23.9 23.9 21.1 19.4 18.3 17.2 20.6 20 12.8 15.6 18.3 16.7 18.3 11.1 15.6 19.4
0.9684932 21.1 18.3 20 19.4 19.4 15 21.1 10.6 12.8 24.4 13.9 19.4 21.7 19.4 19.4 19.4 20 15.6 15 24.4 23.9 25.6 21.1 17.8 15 22.2 14.4 13.3 16.7 17.8 11.7 18.3 11.1 14.4 21.1
0.9712329 20 19.4 19.4 18.9 22.2 16.7 21.1 10.6 7.8 24.4 12.8 18.9 21.1 18.9 21.7 17.8 18.3 16.7 12.2 20.6 23.3 21.1 20 19.4 12.8 21.7 18.3 14.4 14.4 17.8 6.7 17.8 12.2 13.3 22.2
0.9739726 22.2 20.6 18.9 18.9 23.9 15.6 19.4 12.2 8.9 22.8 14.4 18.3 23.9 18.3 18.3 18.9 17.2 19.4 15 20.6 25 17.8 18.3 20 12.8 21.1 18.3 18.3 15.6 20 6.1 17.8 14.4 15 20.6
0.9767123 22.8 20.6 18.9 20 22.8 12.2 19.4 16.7 12.8 22.2 15 23.9 22.2 17.2 11.1 17.2 18.3 18.3 15 17.2 23.9 15.6 16.1 22.2 12.2 20.6 16.7 13.3 15 21.1 4.4 16.1 16.1 15.6 20
0.9794521 24.4 22.2 17.8 18.3 22.8 13.3 18.3 17.8 16.1 22.8 15.6 23.3 21.1 18.3 11.1 18.3 16.1 23.3 15.6 19.4 24.4 16.1 12.8 21.7 15.6 23.3 16.7 8.3 17.2 21.7 8.3 18.3 16.1 14.4 16.7
0.9821918 21.7 21.7 12.8 18.3 23.3 15.6 18.9 20 12.8 23.3 11.7 23.3 22.2 18.3 12.8 20 17.2 17.8 16.1 20.6 23.3 16.7 15 19.4 16.7 22.2 16.7 8.3 14.4 21.1 10.6 17.2 16.1 18.3 16.7
0.9849315 22.2 18.9 11.1 19.4 22.2 15 13.3 20.6 15.6 20 12.8 22.2 20 18.9 12.2 20 17.8 13.3 17.8 15.6 25.6 18.9 14.4 17.8 14.4 21.7 16.7 8.9 11.7 18.9 11.7 18.3 17.8 19.4 17.8
0.9876712 19.4 18.3 11.1 20 20.6 17.8 12.8 20.6 13.9 13.9 16.7 17.8 17.8 20 15 18.9 15.6 17.8 17.8 15.6 26.7 19.4 14.4 21.7 12.8 21.7 17.2 9.4 8.9 20.6 12.8 20.6 14.4 18.3 16.7
0.990411 18.3 17.2 13.9 22.8 19.4 21.1 11.7 20.6 14.4 12.8 16.1 16.1 16.1 21.1 15 18.3 18.9 18.3 16.7 16.1 25 19.4 10.6 18.9 14.4 22.2 17.2 12.8 10 18.3 12.8 16.7 12.2 18.9 15.6
0.9931507 19.4 18.3 16.1 23.3 16.1 21.7 12.8 18.3 15 13.3 16.1 13.9 12.8 20 13.3 16.7 17.2 20 14.4 16.1 27.8 21.1 10 16.1 16.7 22.2 19.4 16.7 10 15 14.4 17.8 17.2 19.4 13.9
0.9958904 18.9 16.1 18.3 20.6 16.1 20.6 11.1 16.7 16.7 13.9 16.1 13.9 12.2 20.6 11.7 17.8 15 20.6 13.9 16.1 27.8 20 11.7 19.4 15.6 22.8 18.3 12.2 11.7 16.7 11.1 16.7 17.8 19.4 13.3
0.9986301 20.6 19.4 18.3 20 13.9 20.6 12.2 15.6 18.9 14.4 16.7 13.9 12.2 17.2 12.8 14.4 12.8 18.3 12.8 18.3 25 21.1 13.3 20.6 15.6 18.9 18.3 12.8 15.6 18.3 13.3 15 15.6 19.4 15.6
