time 1960 1961 1962 1963 1964 1965 1966 1967 1968 1969 1970 1971 1972 1973 1974 1975 1976 1977 1978 1979 1980 1981 1982 1983 1984 1985 1986 1987 1988 1989 1990 1991 1992 1993 1994
0.001369863 15.6 21.1 18.3 18.3 20.6 25.6 25.6 27.2 27.2 23.3 21.1 13.9 26.7 27.2 26.7 27.2 20 20 18.3 26.1 21.1 16.1 27.2 18.3 9.4 25.6 22.8 16.7 20 27.2 26.7 28.9 17.2 23.3 17.2
0.004109589 21.1 18.3 12.8 17.2 15.6 26.1 25.6 27.8 27.2 14.4 12.2 18.9 26.1 28.3 27.8 25.6 22.8 12.2 17.8 24.4 13.9 18.9 23.9 18.9 13.9 26.7 23.3 15.6 23.3 25.6 18.9 27.8 16.7 23.3 18.3
0.006849315 25 16.7 16.1 17.8 18.9 24.4 25.6 28.3 25 17.8 10 23.3 27.2 28.3 26.7 25.6 25.6 23.3 15 11.1 16.7 14.4 24.4 26.1 17.2 26.1 23.3 12.8 23.3 26.1 20.6 23.3 22.8 24.4 21.1
0.009589041 23.3 14.4 19.4 18.3 22.2 21.1 22.8 21.7 26.7 15.6 10.6 27.8 26.7 28.3 26.7 26.7 22.2 16.7 21.1 14.4 18.3 17.8 26.1 18.3 16.7 21.7 24.4 15 16.1 24.4 23.9 23.9 19.4 23.9 21.1
0.01232877 26.1 17.2 24.4 22.2 21.1 21.7 26.1 17.2 24.4 10 17.2 26.1 28.3 26.1 26.1 23.3 18.3 21.1 23.3 21.1 19.4 18.9 25 16.7 16.1 14.4 26.7 17.2 12.8 17.8 25.6 21.1 15.6 25 15.6
0.01506849 28.9 19.4 26.1 19.4 23.3 20 23.3 20 26.7 16.1 19.4 25 25.6 26.7 27.2 22.8 15.6 21.1 25 23.9 10 12.2 18.3 12.8 18.3 12.2 17.2 15 12.2 21.1 24.4 26.1 18.3 26.1 11.1
0.01780822 26.1 24.4 17.8 15 23.9 22.8 19.4 23.9 23.9 18.9 19.4 17.2 17.8 23.9 27.2 21.1 25.6 20 23.9 26.1 11.1 19.4 25 17.2 19.4 16.1 17.8 20 17.8 24.4 26.1 26.7 21.1 22.2 20
0.02054795 20 18.9 18.9 13.9 26.7 24.4 17.8 21.1 20 20 7.2 26.7 23.3 27.2 27.2 26.1 21.1 18.3 22.2 22.2 18.9 21.1 26.7 20 19.4 20 16.7 21.1 21.1 26.1 27.2 27.8 20.6 25 21.7
0.02328767 23.9 16.1 21.7 17.2 27.8 25 20 26.7 24.4 24.4 5 25 26.1 22.2 27.8 27.2 12.2 22.8 NA 17.8 23.3 14.4 21.1 19.4 17.2 18.3 15.6 20.6 15.6 26.7 21.1 22.2 22.8 27.2 15.6
0.0260274 25.6 20.6 17.2 21.7 23.3 26.7 22.2 25.6 25 21.7 7.2 18.9 28.3 8.9 27.8 27.8 19.4 21.1 13.3 20 23.9 15.6 18.3 25.6 20.6 19.4 20 19.4 10 27.2 20 20.6 26.1 22.2 15
0.02876712 23.3 22.8 11.7 24.4 17.2 23.3 21.1 15.6 23.9 17.8 15.6 19.4 28.3 11.1 27.8 26.7 20 12.8 13.3 22.2 22.8 16.1 12.2 18.9 20.6 22.8 18.9 25.6 10.6 20.6 20 26.1 22.8 21.7 21.1
0.03150685 25 21.7 7.2 28.3 21.7 18.9 22.2 20.6 17.2 15.6 21.7 25.6 27.8 10.6 27.2 27.2 25 13.3 21.1 20.6 26.1 12.8 4.4 18.9 12.2 23.3 17.2 23.9 14.4 25 21.7 27.8 15.6 25.6 22.2
0.03424658 26.7 22.2 15 28.3 19.4 21.1 22.8 22.2 16.7 17.8 15 25 28.3 13.3 21.7 25 25 18.9 20.6 25 18.9 7.2 12.2 16.7 11.1 8.3 20 14.4 19.4 27.8 22.2 24.4 23.9 26.7 24.4
0.0369863 24.4 22.8 23.9 20.6 7.2 20 23.3 26.1 10.6 17.2 17.2 26.7 26.1 16.1 26.1 12.2 25 25 18.3 24.4 16.7 10.6 21.1 12.2 12.8 13.9 17.8 18.3 21.1 27.2 12.2 13.9 27.8 26.7 16.7
0.03972603 27.2 21.7 26.7 15.6 13.9 18.3 23.9 25 12.2 20 16.7 26.1 18.3 20.6 26.7 16.7 23.3 22.8 9.4 16.1 18.3 16.7 18.3 17.2 9.4 14.4 16.1 22.2 16.1 27.2 20 19.4 20.6 16.7 15
0.04246575 24.4 18.9 24.4 13.9 17.8 18.9 18.9 15.6 14.4 21.1 18.9 22.2 10.6 17.8 27.2 22.8 21.1 18.3 16.7 22.8 18.3 19.4 12.8 21.1 13.9 15 19.4 25 12.2 27.8 23.9 21.1 12.2 18.3 17.8
0.04520548 23.9 18.3 21.7 26.1 16.7 10.6 16.7 21.1 19.4 21.1 23.9 17.2 16.7 23.9 25.6 22.2 17.8 15.6 22.8 24.4 22.8 20 18.3 15 15 18.9 21.1 25.6 18.3 25.6 23.3 25 11.7 14.4 15.6
0.04794521 25 19.4 25 28.3 13.3 12.8 16.1 18.3 22.8 22.2 23.9 21.1 21.1 26.7 26.1 25 9.4 10 20.6 25 22.8 10 17.8 16.1 22.8 25.6 22.2 25.6 21.1 23.3 25.6 18.3 15.6 16.7 21.7
0.05068493 20 21.1 25 26.1 17.2 16.7 13.9 23.9 23.3 21.1 21.1 18.3 23.3 25.6 25.6 26.1 15.6 8.9 23.9 21.1 22.8 13.9 22.8 16.7 24.4 13.9 22.8 27.2 24.4 22.8 26.7 20.6 19.4 18.9 16.1
0.05342466 12.8 17.8 22.8 29.4 22.8 21.1 10.6 21.1 23.3 22.2 18.3 9.4 25.6 22.2 26.7 25 20.6 10.6 17.8 23.9 23.3 17.8 25.6 17.8 17.8 18.9 21.1 27.8 26.1 23.9 26.1 26.1 12.8 22.8 9.4
0.05616438 12.2 14.4 17.8 27.2 18.9 22.8 17.8 24.4 22.8 20 15.6 17.8 25.6 23.3 27.8 22.2 19.4 12.8 12.2 22.8 22.2 17.2 25.6 18.9 10 21.1 17.8 18.3 26.1 26.1 27.8 21.7 15 22.2 11.7
0.05890411 12.8 12.2 27.2 17.8 23.3 25 21.1 25 25 21.1 14.4 22.8 24.4 22.8 28.3 23.3 16.1 14.4 18.3 15 22.8 17.2 26.1 22.8 8.3 1.7 20 20 21.1 16.7 27.8 20 20 24.4 16.1
0.06164384 10.6 20 28.3 17.8 20.6 27.2 18.3 25 25 25.6 19.4 26.7 25 19.4 27.8 26.7 19.4 17.2 19.4 20 23.9 14.4 25.6 21.7 17.8 8.9 21.1 18.3 12.8 15.6 23.3 14.4 23.9 25.6 17.2
0.06438356 14.4 21.1 28.3 18.9 26.1 25.6 16.7 25.6 18.3 25.6 17.8 27.2 26.7 20 28.3 27.2 22.8 21.1 23.9 18.3 22.8 15.6 27.2 15 22.2 13.9 23.3 11.7 10.6 20 23.3 18.3 22.2 23.9 18.9
0.06712329 17.2 18.9 25.6 19.4 26.1 21.1 18.9 26.7 12.8 23.3 21.7 27.2 28.3 19.4 27.8 25.6 25 16.7 27.2 11.7 13.9 16.7 17.8 16.1 26.1 19.4 19.4 16.1 15.6 22.2 27.8 27.2 16.1 24.4 21.7
0.06986301 21.1 26.7 27.8 17.8 18.9 28.9 20 27.8 11.7 20.6 23.3 25.6 25.6 25 27.8 23.9 27.8 13.9 25 15.6 20.6 20 21.1 16.7 23.3 19.4 21.1 22.2 18.3 23.3 29.4 14.4 17.2 24.4 23.3
0.07260274 23.9 21.7 29.4 22.8 18.9 25.6 11.7 26.1 21.1 23.9 22.2 22.8 26.7 25 28.3 26.7 27.2 11.7 15 23.3 20 21.7 15 16.1 24.4 11.1 15 14.4 12.2 24.4 15 17.2 26.7 13.9 22.2
0.07534247 26.7 11.7 27.2 16.1 19.4 17.8 16.7 17.2 23.3 24.4 25.6 16.1 27.8 23.3 27.8 28.3 18.9 24.4 12.8 22.2 21.7 22.2 17.2 21.7 25.6 18.9 10.6 10 11.1 25 21.7 21.1 26.7 16.1 23.3
0.07808219 25 11.1 17.2 22.8 17.8 19.4 15.6 18.9 25 23.3 26.7 20.6 27.8 17.2 27.2 28.3 16.7 22.2 12.8 14.4 17.8 20.6 21.1 13.9 20 23.9 7.2 18.3 12.8 25 25.6 22.8 20 19.4 24.4
0.08082192 21.7 16.7 21.1 25.6 19.4 24.4 13.3 21.1 24.4 23.3 24.4 25 27.8 14.4 26.1 28.3 19.4 14.4 13.9 20.6 19.4 19.4 21.7 20 21.1 16.7 17.8 20 18.9 26.7 27.2 26.1 20.6 21.1 23.3
0.08356164 13.3 22.8 22.8 26.7 22.2 22.2 11.1 22.2 25.6 23.9 13.9 26.7 22.8 21.7 27.8 28.9 22.8 11.7 15 16.7 22.2 22.2 23.3 25 21.7 20 21.7 23.9 20.6 26.7 27.2 30 23.3 20.6 20
0.08630137 16.1 23.3 23.3 23.9 21.7 21.7 18.3 22.8 24.4 25 19.4 21.1 21.1 22.2 27.2 27.8 20.6 13.3 11.1 15.6 23.3 18.9 28.3 22.2 12.8 28.9 21.1 20 23.9 25.6 22.2 22.2 20 20.6 20
0.0890411 23.3 21.1 23.9 27.8 19.4 20 21.1 26.7 26.1 25.6 19.4 20 20.6 25.6 28.3 28.9 17.8 18.3 17.8 14.4 8.9 23.9 21.1 25.6 15.6 30 22.2 21.1 25.6 25.6 28.9 18.3 20.6 20.6 13.3
0.09178082 20.6 18.9 25 25 17.8 18.3 13.3 26.1 23.3 23.9 21.1 25 24.4 19.4 28.3 26.7 23.3 23.9 16.7 21.1 10.6 19.4 27.8 20 21.1 29.4 23.9 23.9 26.1 28.3 30 22.8 21.1 16.7 11.7
0.09452055 23.9 17.8 24.4 12.8 17.2 18.9 11.1 23.9 22.8 18.9 11.1 23.9 17.8 18.3 27.8 26.7 24.4 23.3 12.8 19.4 10.6 9.4 26.7 17.2 23.9 20.6 25.6 21.7 26.1 28.3 30 24.4 21.1 17.8 14.4
0.09726027 26.1 21.7 25.6 10 23.3 22.2 11.1 21.1 21.1 17.8 15.6 26.1 16.1 22.2 21.7 26.7 26.7 18.9 17.8 16.1 13.3 13.9 26.7 15.6 22.8 15 26.1 21.1 26.7 27.2 30 24.4 22.8 18.3 21.1
0.1 22.2 22.2 23.3 11.1 18.9 25 17.8 26.7 20 18.3 15.6 26.7 23.9 22.8 26.1 24.4 25 16.1 17.2 26.1 16.1 17.2 28.3 19.4 16.7 27.8 26.7 19.4 15.6 28.3 18.3 25 26.1 21.1 23.9
0.1027397 17.8 20 17.2 22.2 21.7 25.6 21.7 25 18.3 26.1 19.4 26.1 22.8 23.3 27.8 22.8 19.4 15.6 12.2 25 18.9 19.4 26.1 18.9 11.1 25.6 26.1 21.1 9.4 28.3 23.9 25 20.6 19.4 25.6
0.1054795 18.9 19.4 25 21.1 17.2 27.8 22.8 18.9 15 23.9 21.7 22.8 22.2 24.4 27.8 20 16.1 17.2 13.9 18.3 13.3 25.6 21.7 16.1 12.8 17.8 23.3 18.9 17.2 28.9 27.2 25.6 17.8 20 26.1
0.1082192 22.2 13.3 23.9 17.2 16.1 27.2 22.8 13.3 13.9 18.9 21.7 14.4 13.9 23.9 20.6 23.3 18.3 16.1 13.3 15.6 19.4 21.7 22.2 14.4 17.8 12.8 20 20 13.9 24.4 26.1 14.4 17.2 10.6 25.6
0.1109589 26.7 13.9 19.4 20 19.4 26.7 23.9 18.9 16.7 18.3 16.7 10 17.8 19.4 16.1 22.2 22.2 21.1 15 17.8 23.9 20.6 28.3 19.4 21.7 17.8 22.8 12.2 18.3 16.1 27.8 20.6 17.2 18.9 27.8
0.1136986 26.7 18.9 16.1 27.2 17.8 27.8 25 24.4 18.9 18.9 18.3 19.4 19.4 11.1 19.4 25.6 24.4 23.9 18.3 18.3 18.9 25.6 21.1 18.3 22.8 21.1 27.8 16.7 20.6 16.1 26.7 25 21.7 16.7 27.2
0.1164384 26.1 22.2 21.1 24.4 17.2 28.3 25 23.9 17.8 21.1 20.6 24.4 25.6 18.3 21.7 27.2 25.6 24.4 22.2 22.2 14.4 24.4 18.3 19.4 23.9 21.7 22.2 20 21.7 18.9 21.1 23.9 22.2 22.2 28.9
0.1191781 24.4 24.4 27.2 13.3 22.2 27.8 22.8 19.4 17.2 20 21.1 23.3 24.4 21.7 23.9 25 27.2 23.3 24.4 21.1 17.2 13.9 26.7 15.6 23.9 11.7 15 21.1 15.6 20.6 22.8 22.2 22.8 23.3 25
0.1219178 16.7 25.6 27.2 15 20.6 27.2 23.3 21.1 19.4 20 23.9 13.9 19.4 25.6 26.7 24.4 27.2 20.6 22.2 23.9 20 16.1 19.4 16.7 21.1 12.8 12.2 23.9 15.6 25.6 25 26.1 23.3 16.7 22.2
0.1246575 17.2 25.6 25.6 17.8 26.7 20.6 28.3 23.3 23.9 18.3 25 20 17.8 23.9 25.6 26.7 27.2 23.9 19.4 26.7 17.8 16.7 22.8 15.6 23.9 17.2 20.6 21.1 19.4 27.8 25 24.4 25 19.4 22.2
0.1273973 19.4 25.6 26.1 17.2 25 25.6 28.9 24.4 18.9 18.3 24.4 22.8 15.6 20 26.1 28.9 27.8 22.2 18.3 25.6 21.7 21.7 26.1 20.6 23.9 14.4 20.6 23.9 21.7 27.8 29.4 18.3 26.1 21.1 21.7
0.130137 19.4 25.6 26.1 17.2 22.8 28.3 28.9 23.9 20.6 13.9 20 25.6 18.9 12.2 23.3 29.4 27.8 13.9 17.2 24.4 24.4 24.4 28.3 18.3 24.4 16.7 22.8 23.3 16.1 27.2 29.4 10.6 28.3 25.6 21.1
0.1328767 16.7 28.9 28.9 21.1 22.2 27.2 22.2 27.2 18.3 15 17.8 23.3 24.4 12.2 21.7 29.4 28.9 20.6 24.4 NA 12.2 22.8 25 17.2 26.1 20.6 27.2 20.6 19.4 26.7 30 19.4 25.6 18.3 18.3
0.1356164 15 27.8 28.3 22.8 17.2 23.9 20 25 11.7 15.6 21.7 23.9 17.8 16.1 26.1 28.9 27.8 23.9 21.7 NA 16.1 23.3 26.1 21.7 25.6 23.9 22.2 21.7 22.8 17.2 28.3 25 23.9 18.3 21.7
0.1383562 18.3 28.9 25.6 18.3 15 23.3 21.7 27.8 18.3 19.4 20.6 27.8 15.6 18.3 23.3 25.6 27.2 20.6 12.8 NA 21.7 26.7 26.1 21.7 28.9 26.7 27.8 19.4 28.9 16.1 30 27.2 23.3 13.3 23.3
0.1410959 23.9 28.9 29.4 21.1 16.1 24.4 23.9 26.7 21.1 18.9 17.8 27.2 20.6 18.3 27.8 20.6 27.2 17.2 18.3 NA 24.4 25.6 23.9 22.8 26.7 25 26.7 16.1 27.8 26.7 22.2 29.4 22.2 21.7 26.7
0.1438356 22.2 29.4 30 18.3 16.1 22.2 19.4 21.1 20 18.3 20 30.6 23.9 18.9 26.7 27.2 27.2 20 13.3 NA 26.1 25 24.4 21.1 21.1 23.3 27.8 16.7 15 28.9 25.6 31.7 21.1 22.8 27.2
0.1465753 19.4 28.3 30.6 18.3 13.9 20 22.2 18.3 16.7 22.8 21.1 24.4 25 18.9 22.2 28.9 20 24.4 16.7 26.7 27.8 27.8 18.9 23.3 21.7 23.9 28.3 26.1 19.4 20.6 29.4 29.4 23.9 22.8 25.6
0.1493151 22.2 29.4 30.6 23.9 16.7 26.1 18.9 19.4 11.7 18.9 23.3 23.3 26.1 21.1 22.2 27.8 19.4 23.3 18.3 28.3 28.3 20.6 22.8 22.8 20.6 26.7 21.1 17.8 22.2 9.4 18.3 25 28.3 18.9 28.3
0.1520548 25 28.3 30.6 20.6 23.9 25 18.9 16.7 16.1 19.4 22.2 22.2 27.2 24.4 21.1 19.4 22.2 27.2 20.6 25 27.2 22.2 25.6 22.2 22.8 27.8 23.3 20 22.8 10.6 19.4 25 24.4 17.8 18.3
0.1547945 20 22.8 30 19.4 19.4 14.4 20 12.2 18.9 20.6 18.3 30.6 28.9 25.6 14.4 23.3 25.6 27.8 22.8 18.3 25.6 23.9 26.1 22.8 21.7 26.7 15 22.2 16.1 14.4 17.8 25 24.4 21.1 22.2
0.1575342 19.4 23.9 30 13.3 17.8 20.6 21.1 20 17.8 21.1 18.3 30 27.8 24.4 19.4 24.4 26.1 28.9 21.7 18.9 13.9 25 22.8 15 23.9 28.3 20.6 24.4 16.1 21.1 20.6 26.1 23.9 21.7 20
0.160274 22.2 30 30 20.6 21.7 22.2 27.8 21.1 20 22.8 21.1 29.4 23.3 21.7 21.7 23.9 27.2 19.4 20.6 21.7 17.8 27.2 26.1 17.2 25.6 28.9 25.6 28.3 21.1 22.8 22.8 17.8 18.3 13.3 20
0.1630137 25.6 29.4 29.4 26.1 23.3 24.4 24.4 20.6 11.1 21.7 22.8 29.4 26.7 23.3 24.4 24.4 28.9 18.9 25 25 24.4 26.7 22.8 23.9 15 26.1 14.4 28.3 23.9 28.9 23.3 22.2 23.9 18.3 21.1
0.1657534 27.2 28.9 26.1 24.4 28.3 26.7 24.4 23.9 18.3 18.9 22.8 30 28.9 25.6 24.4 24.4 29.4 21.1 22.8 26.7 23.9 26.1 17.8 18.9 13.9 28.3 11.1 27.8 24.4 25.6 22.2 29.4 27.2 18.9 22.2
0.1684932 25.6 27.2 16.7 22.2 31.1 26.1 27.2 22.8 21.1 18.3 24.4 29.4 27.8 27.8 26.7 18.3 28.9 24.4 21.1 26.7 15 25 21.7 25 18.3 27.8 15 17.8 24.4 18.3 26.1 27.8 26.7 23.9 23.3
0.1712329 16.1 28.9 16.7 26.7 30 19.4 29.4 28.3 19.4 16.1 23.9 17.2 26.1 27.2 26.7 18.3 28.3 30 17.8 26.7 10 23.3 25 25 21.1 25.6 21.7 23.3 26.7 28.9 22.2 25.6 25.6 26.1 15
0.1739726 13.9 29.4 18.9 30 28.3 16.1 27.8 29.4 20.6 15.6 21.7 20.6 25.6 27.2 28.3 17.8 28.3 29.4 15.6 26.7 20.6 25.6 28.3 25.6 24.4 27.8 23.3 23.9 25 31.1 23.3 17.2 24.4 21.1 20
0.1767123 13.9 30 15 28.3 22.8 15 14.4 30.6 20 21.1 25.6 25 21.1 28.9 28.9 24.4 27.2 31.1 22.8 20 25 26.1 25 26.7 27.8 30 18.3 21.1 20.6 30 25 23.3 25.6 20.6 23.9
0.1794521 18.3 30 15.6 21.1 27.8 17.8 16.1 28.3 21.1 18.9 25 23.3 25 28.3 30 27.2 28.3 30.6 24.4 21.7 27.8 23.9 26.7 29.4 29.4 26.7 21.7 22.2 18.9 28.9 25 28.3 26.7 20.6 25.6
0.1821918 18.3 29.4 21.1 21.1 28.9 16.7 17.8 22.8 23.3 21.7 24.4 16.7 28.3 27.8 30.6 25 28.3 21.7 23.3 22.8 27.2 20 23.3 21.1 15.6 24.4 22.8 23.3 23.3 13.9 25.6 30 27.2 20.6 25.6
0.1849315 25 27.8 26.7 21.1 29.4 20 18.3 24.4 25.6 20.6 23.9 19.4 24.4 24.4 30 24.4 28.9 22.8 19.4 23.9 29.4 23.9 16.7 26.7 18.9 26.7 23.9 25 24.4 10 23.3 30.6 27.2 22.2 27.2
0.1876712 23.9 18.3 30 24.4 28.9 22.8 22.2 30.6 26.7 15.6 25.6 23.9 21.7 28.9 30.6 28.3 23.9 20 15 26.7 27.2 23.9 22.2 22.2 21.7 28.9 25 22.8 27.8 8.3 26.1 16.1 27.8 26.1 27.2
0.190411 22.8 23.3 30 30 26.1 23.3 24.4 30.6 29.4 15 23.9 24.4 23.9 29.4 30.6 29.4 24.4 27.8 22.2 25.6 26.1 23.9 23.9 19.4 22.2 28.9 25 23.9 20 17.8 27.8 18.9 26.7 27.2 26.1
0.1931507 18.3 25.6 28.3 31.1 25.6 26.7 24.4 29.4 29.4 11.7 28.9 23.3 24.4 30.6 29.4 29.4 26.7 28.3 25 22.2 26.7 22.2 27.8 12.2 21.7 28.3 28.9 18.3 21.1 22.2 27.8 22.2 13.9 25.6 16.1
0.1958904 18.9 24.4 26.1 30 25.6 25.6 22.8 29.4 26.1 16.7 25.6 28.3 26.1 30 26.7 30.6 30 27.8 25.6 25.6 29.4 22.2 28.3 16.7 22.8 29.4 28.9 18.3 25 26.1 27.8 25.6 12.2 25.6 21.7
0.1986301 22.8 25 23.3 30 27.2 23.3 27.2 28.3 21.1 19.4 14.4 29.4 27.2 31.1 24.4 28.9 29.4 29.4 30.6 26.7 25.6 20 30.6 17.8 27.2 27.8 30.6 16.7 26.7 27.8 27.8 23.9 17.8 15 23.3
0.2013699 21.1 25 16.1 28.9 30.6 26.1 25.6 27.8 22.8 20 17.8 30.6 27.8 30 23.9 23.9 30 30 30.6 25 21.7 23.3 30.6 21.1 26.7 30.6 27.8 21.7 21.1 28.3 28.3 29.4 18.3 10.6 23.3
0.2041096 21.1 25 20 28.9 28.3 26.7 22.8 23.9 23.3 17.2 19.4 28.9 26.7 30.6 25.6 29.4 29.4 30 NA 23.3 22.2 26.7 29.4 17.8 25.6 29.4 20.6 23.3 13.9 28.3 29.4 20.6 23.9 12.2 23.9
0.2068493 19.4 27.2 18.9 30.6 23.9 30.6 23.3 23.3 25 17.8 20.6 22.2 22.8 29.4 25 29.4 25.6 27.2 NA 23.9 23.9 25.6 30 25.6 26.7 28.3 25.6 27.2 16.1 29.4 31.1 17.2 24.4 21.1 26.1
0.209589 17.8 27.2 21.1 31.7 25.6 29.4 24.4 19.4 26.1 25 28.3 23.9 25.6 21.7 25 26.7 22.2 28.9 17.2 24.4 30 21.1 31.1 22.8 27.8 21.1 26.7 25.6 20 31.1 30 18.3 22.8 21.1 21.7
0.2123288 19.4 29.4 23.3 31.1 26.1 27.8 26.7 24.4 27.8 23.9 28.3 24.4 27.2 26.7 28.9 26.7 25.6 30 22.2 26.7 28.9 25 30.6 20.6 29.4 17.2 26.7 23.9 20.6 29.4 23.9 26.7 25.6 16.1 26.7
0.2150685 18.3 29.4 24.4 30 27.8 26.7 27.2 24.4 29.4 24.4 29.4 19.4 27.2 25.6 30 25 27.2 30.6 25 29.4 26.7 17.8 30.6 25 28.9 21.1 31.1 27.8 17.8 30.6 27.2 26.7 27.2 14.4 27.2
0.2178082 17.8 28.9 28.9 26.1 26.7 15.6 27.2 25.6 29.4 25 29.4 20.6 26.1 25.6 29.4 27.2 30.6 31.1 26.1 29.4 30.6 18.3 30.6 25 25.6 22.2 31.1 22.8 18.9 28.3 21.7 28.9 21.1 19.4 28.3
0.2205479 18.9 27.2 25.6 19.4 27.8 23.3 26.1 27.8 29.4 25.6 28.9 24.4 26.7 21.7 26.1 26.7 29.4 30.6 27.2 29.4 26.1 22.8 30.6 21.1 20.6 18.9 18.3 25.6 22.8 29.4 22.8 28.3 20.6 20.6 28.9
0.2232877 24.4 27.2 20 22.2 23.3 27.2 26.7 26.7 28.3 23.9 23.9 26.7 28.3 23.9 26.7 30 22.2 25.6 27.8 27.2 24.4 18.3 29.4 18.3 25.6 26.7 15 26.1 24.4 30 24.4 29.4 20.6 24.4 27.8
0.2260274 24.4 25 24.4 22.8 26.1 27.2 26.7 28.3 16.1 22.2 28.9 23.9 28.3 24.4 28.9 31.7 24.4 22.8 27.8 22.8 26.1 15.6 27.8 20.6 22.2 25 17.8 23.9 25.6 26.7 26.1 30.6 25.6 26.7 25.6
0.2287671 26.7 24.4 21.7 25 26.7 28.9 23.9 27.2 22.8 25.6 21.7 26.1 27.2 20.6 30.6 31.1 26.1 26.1 28.9 20 30 17.2 26.7 23.9 26.1 27.2 23.3 27.8 26.7 23.9 27.2 30 21.7 23.9 30
0.2315068 27.8 26.7 22.8 27.2 27.2 30.6 21.7 27.8 25.6 25.6 21.1 27.2 22.2 23.3 26.7 26.7 26.7 26.1 28.3 21.1 30 21.7 27.2 17.8 27.8 26.7 24.4 22.2 27.2 26.1 27.8 29.4 23.9 22.2 26.1
0.2342466 28.3 28.3 21.1 27.2 20.6 28.9 23.9 26.1 25.6 18.3 22.8 22.2 26.7 23.3 28.9 26.7 27.8 25.6 26.1 26.1 29.4 23.9 24.4 22.2 26.7 23.9 26.7 22.2 29.4 28.9 28.9 30.6 22.8 25 27.8
0.2369863 26.7 29.4 24.4 27.8 20 26.1 23.3 23.9 25 21.1 28.9 23.9 26.1 25 30 27.2 29.4 26.7 23.9 25.6 25.6 26.1 20 20 23.3 25 25.6 25.6 28.9 30 26.7 31.7 25.6 24.4 31.1
0.239726 28.3 31.1 25 27.2 23.9 29.4 21.7 25 26.1 23.9 29.4 26.1 28.3 23.3 28.3 29.4 28.9 30 30.6 26.1 31.1 26.7 17.2 25 28.9 26.7 27.2 26.7 26.7 29.4 27.8 32.2 22.8 24.4 31.1
0.2424658 30 31.1 27.2 27.8 21.1 30 24.4 26.1 28.3 26.1 30 23.9 26.7 27.2 27.8 30.6 30 31.1 29.4 28.9 22.8 22.8 21.1 22.2 18.9 27.8 26.7 21.1 26.1 28.9 30 32.8 22.8 27.2 21.7
0.2452055 28.9 30.6 30 26.7 18.3 30 26.1 26.1 27.8 26.7 30 22.2 26.1 28.9 30.6 30 30 30.6 27.2 28.3 26.1 28.9 25.6 22.2 21.1 29.4 26.1 19.4 28.3 30 29.4 24.4 27.2 28.3 22.2
0.2479452 29.4 23.9 27.8 27.2 24.4 23.3 26.7 25 27.2 26.7 30.6 24.4 21.7 29.4 31.7 31.7 29.4 30.6 27.8 27.8 27.8 31.1 27.2 23.3 22.8 30 26.7 13.9 27.2 30.6 26.7 23.3 25 28.9 25
0.2506849 30.6 21.7 21.1 27.2 23.9 27.2 27.2 26.7 28.9 27.8 27.8 25.6 22.2 28.3 31.7 31.7 27.8 31.1 28.9 29.4 25 30.6 28.3 22.8 25 23.3 26.7 16.1 26.1 23.9 28.3 25 25 26.7 21.7
0.2534247 28.3 26.1 20.6 27.8 27.8 28.3 28.9 28.9 26.1 29.4 22.8 22.2 24.4 28.9 31.7 31.1 28.3 32.2 30.6 30 22.8 28.3 27.8 21.1 25.6 22.2 30.6 20.6 26.7 26.1 28.3 29.4 22.8 26.7 23.9
0.2561644 23.9 20.6 22.8 30 28.3 28.9 27.2 32.2 28.9 29.4 20.6 22.2 27.2 27.2 32.2 26.1 28.9 31.7 30 31.7 31.1 27.8 28.3 22.8 26.7 23.9 28.9 23.3 27.2 28.3 25 27.2 18.9 26.7 27.8
0.2589041 23.9 24.4 21.7 29.4 27.8 28.9 20.6 29.4 29.4 29.4 20.6 18.9 27.2 22.8 31.1 26.1 27.8 31.1 31.1 28.3 28.9 28.9 25.6 26.1 26.1 26.1 27.8 13.3 29.4 30.6 22.2 26.7 21.7 26.7 27.2
0.2616438 22.8 28.9 26.7 30 28.9 31.7 22.2 30 27.2 28.3 23.3 21.1 27.2 23.9 22.8 26.1 26.7 21.7 29.4 26.1 24.4 30.6 30.6 27.8 21.1 28.3 27.2 17.8 30.6 27.8 26.1 28.3 21.7 26.7 27.8
0.2643836 26.7 22.2 23.9 27.8 30.6 30.6 24.4 30.6 30.6 25.6 25 17.2 29.4 31.1 24.4 27.8 23.3 25.6 30.6 28.9 23.3 23.9 27.8 29.4 22.2 28.9 28.3 22.2 30.6 22.8 27.2 29.4 22.8 26.7 28.9
0.2671233 28.3 22.2 28.3 25 30.6 31.1 27.8 31.7 31.1 26.7 24.4 22.2 28.3 28.3 27.8 30.6 22.8 29.4 32.8 28.9 23.3 23.9 22.8 30 26.1 25.6 30 23.3 22.8 24.4 24.4 30.6 23.9 26.7 22.2
0.269863 27.2 27.2 29.4 26.1 28.3 29.4 26.7 27.8 31.1 25 25.6 25 26.1 25 27.8 30.6 23.9 30 31.7 28.9 30 25 24.4 28.9 26.7 26.7 29.4 22.8 22.8 27.8 27.2 30.6 27.2 26.7 26.1
0.2726027 25 25.6 32.8 27.8 26.7 31.7 22.8 29.4 31.1 27.8 26.1 27.2 25 21.1 27.8 30.6 24.4 27.2 31.1 30 27.2 28.3 23.9 24.4 23.3 22.2 25 23.9 26.1 30 25 32.2 27.8 25 25
0.2753425 21.7 27.2 31.7 30 27.2 32.8 25 31.1 27.2 30 25.6 26.7 26.7 20 25 29.4 26.7 26.7 31.1 30 27.2 27.8 17.8 24.4 26.1 22.8 23.3 26.7 26.7 30 29.4 30 28.9 22.2 27.2
0.2780822 24.4 26.7 31.7 29.4 26.1 32.2 28.9 31.1 26.1 28.9 26.7 27.2 29.4 23.3 28.3 27.8 27.8 27.2 31.1 30.6 28.9 31.7 20.6 25.6 21.1 25.6 26.1 26.7 26.1 16.1 27.2 31.7 28.9 26.1 27.8
0.2808219 25.6 23.9 27.8 31.7 28.9 32.8 29.4 27.8 26.1 25.6 27.8 27.8 29.4 26.7 31.7 26.1 27.8 25 32.2 32.2 30.6 30 23.3 27.2 27.2 20.6 27.2 27.2 22.8 21.1 23.9 29.4 25 28.3 28.3
0.2835616 26.7 26.1 23.9 25 30.6 31.1 30 28.3 27.8 26.1 28.9 27.2 32.8 27.2 31.1 28.9 24.4 28.3 28.3 32.2 30.6 30.6 28.3 26.7 29.4 20.6 25.6 28.9 21.1 25 22.8 29.4 25 28.9 29.4
0.2863014 28.3 31.1 26.7 24.4 28.9 29.4 29.4 32.2 27.8 27.8 27.2 26.7 32.8 25 30.6 26.7 26.7 29.4 29.4 29.4 23.3 30 27.8 26.7 28.9 28.3 27.2 28.3 26.1 28.9 28.3 29.4 25 28.9 30
0.2890411 29.4 28.9 21.7 26.7 27.8 29.4 26.1 31.7 30 30 27.8 27.8 33.3 23.9 27.8 26.1 26.7 30 31.1 28.9 22.8 31.1 29.4 28.9 22.2 25.6 29.4 26.7 28.3 23.3 27.8 32.8 25.6 27.2 30
0.2917808 29.4 25 23.9 27.8 26.7 28.3 26.1 31.7 28.3 29.4 27.8 29.4 29.4 26.7 25.6 27.8 26.7 31.1 29.4 29.4 24.4 26.7 30 21.1 22.2 28.3 26.1 26.7 27.2 27.2 30.6 33.3 25.6 23.9 30.6
0.2945205 31.1 25 26.1 29.4 27.2 29.4 25 31.7 31.1 31.7 29.4 30 30 26.7 26.7 30 29.4 28.3 31.1 NA 25.6 28.9 30.6 21.7 22.2 28.9 23.3 23.3 28.9 27.2 32.2 30.6 25.6 22.2 27.2
0.2972603 29.4 25.6 28.3 31.7 28.3 30 25.6 32.8 31.1 28.9 30 30.6 31.1 29.4 27.8 31.1 29.4 28.3 30 NA 27.2 30 31.1 23.3 24.4 27.8 26.1 26.7 31.1 29.4 32.8 31.7 27.8 24.4 28.3
0.3 28.3 25.6 29.4 31.1 29.4 30.6 27.8 31.1 32.2 26.7 30 30 32.2 27.8 28.3 31.1 29.4 28.9 26.7 29.4 28.3 31.7 30 21.1 26.7 28.3 26.1 26.7 25.6 31.7 26.1 30.6 25.6 24.4 28.9
0.3027397 27.8 25.6 28.3 31.1 29.4 29.4 28.3 29.4 33.9 24.4 30.6 28.9 32.8 27.2 26.7 30 30 29.4 26.7 29.4 25.6 31.1 31.1 22.2 28.3 29.4 27.8 28.3 28.3 30 25.6 29.4 29.4 26.1 29.4
0.3054795 28.3 27.2 26.1 30.6 31.1 27.8 27.2 31.7 34.4 27.8 31.1 30.6 31.7 27.8 28.9 28.3 31.1 29.4 27.8 27.2 28.3 28.9 32.8 25 30.6 27.8 26.7 31.1 29.4 21.7 26.7 25 24.4 26.1 28.3
0.3082192 27.2 30 28.9 30.6 31.7 28.9 26.7 32.2 35 29.4 30 31.7 30 28.9 28.3 27.2 32.2 27.2 26.7 27.2 31.1 30 31.7 31.7 31.7 28.9 24.4 32.2 31.7 27.2 30 29.4 30.6 20.6 29.4
0.3109589 28.3 30.6 29.4 30 30.6 30.6 27.2 32.2 34.4 26.7 29.4 30 28.3 28.9 28.3 29.4 32.2 28.9 28.3 25 30.6 31.1 22.2 23.3 27.2 29.4 23.3 31.7 32.2 29.4 27.8 22.8 27.8 23.9 24.4
0.3136986 27.8 32.2 28.9 29.4 31.1 28.9 28.3 32.2 28.9 26.7 29.4 30 28.9 28.9 27.2 31.7 30.6 27.2 30 23.9 29.4 30 20.6 22.2 26.1 30.6 25.6 31.7 31.1 30.6 26.7 32.8 31.1 26.1 27.8
0.3164384 28.9 31.1 28.9 30.6 30.6 28.3 28.9 32.2 26.1 26.7 29.4 30.6 28.9 28.9 26.1 32.2 30 25.6 29.4 28.9 30 28.3 24.4 22.8 28.9 31.7 28.9 27.8 29.4 31.1 28.9 26.7 30.6 26.7 27.8
0.3191781 28.9 31.7 31.1 29.4 30.6 30.6 29.4 31.1 31.1 28.3 30.6 30.6 25 26.1 27.8 31.1 30.6 26.7 26.1 28.9 31.7 26.1 27.8 26.7 30 31.7 31.1 25.6 30 31.7 28.3 31.1 23.9 28.3 28.9
0.3219178 29.4 29.4 31.7 26.7 26.7 29.4 31.1 26.1 33.9 30.6 31.7 31.1 25.6 23.3 27.8 33.3 29.4 27.8 27.2 29.4 30 28.3 30 26.7 30.6 32.8 32.8 26.7 30.6 33.3 28.9 33.9 23.9 24.4 27.8
0.3246575 28.3 28.9 31.1 27.2 30 27.2 28.9 24.4 32.2 30.6 31.1 31.7 23.9 25.6 28.9 33.3 29.4 30 28.3 31.1 23.9 30 28.3 26.7 32.2 31.7 32.8 29.4 26.7 32.8 28.9 34.4 19.4 22.2 28.3
0.3273973 28.9 28.9 31.7 28.3 30.6 25 30 27.2 28.9 29.4 31.1 31.1 26.7 26.1 30.6 34.4 30 31.1 29.4 30.6 25.6 31.7 27.2 26.1 31.1 31.7 32.8 30 27.8 31.7 32.2 35 22.8 24.4 28.3
0.330137 29.4 27.2 32.2 26.7 28.9 27.8 30.6 28.3 30 29.4 28.3 28.3 28.9 26.7 30.6 34.4 29.4 30 30 26.7 28.3 31.7 26.1 29.4 31.1 28.3 32.2 30.6 20.6 29.4 33.3 34.4 23.9 25.6 27.2
0.3328767 28.9 28.3 31.7 25.6 30.6 28.3 31.7 30.6 31.1 26.7 28.3 28.3 30 27.8 30.6 33.3 27.8 30 32.2 27.8 26.1 32.8 26.7 28.3 31.7 28.3 32.2 30.6 22.2 30 35 34.4 28.9 26.1 29.4
0.3356164 27.8 29.4 30.6 21.1 27.8 29.4 31.1 31.1 32.2 27.8 28.3 27.8 31.1 28.9 30.6 33.3 27.8 30.6 31.7 29.4 28.9 28.3 26.7 29.4 32.2 30 30.6 30.6 26.7 29.4 35.6 33.9 30 25.6 30
0.3383562 26.1 31.1 30 26.7 23.3 28.9 28.3 30.6 31.1 28.3 27.8 26.7 30.6 28.3 33.3 32.2 28.9 30 25.6 32.2 29.4 27.2 27.8 31.1 32.2 30.6 30.6 32.2 26.7 30 32.2 33.9 30 25.6 29.4
0.3410959 29.4 31.1 28.9 27.8 30.6 30.6 26.1 30.6 29.4 28.9 25.6 28.9 30 28.9 32.2 30 28.3 31.7 27.8 31.1 29.4 28.9 28.3 23.3 30.6 27.2 27.2 32.2 28.9 29.4 32.8 32.8 29.4 30.6 30.6
0.3438356 28.9 30 28.3 33.3 28.9 31.1 24.4 31.1 29.4 31.1 29.4 31.7 28.3 27.2 28.3 31.1 30 31.7 28.3 31.7 28.3 30 27.8 26.7 32.8 28.9 28.9 31.7 27.8 32.2 30.6 33.3 29.4 29.4 27.2
0.3465753 27.2 30 31.7 32.2 28.9 31.1 28.9 30.6 28.9 31.1 29.4 31.7 27.8 28.3 26.7 31.7 31.7 34.4 27.8 26.7 28.9 30.6 26.1 28.3 34.4 30 31.1 27.8 26.7 31.7 30.6 33.9 30 29.4 28.9
0.3493151 26.1 31.7 32.2 31.7 28.9 31.1 28.3 31.1 28.3 30 29.4 32.2 31.1 29.4 30 33.3 30.6 33.3 30 24.4 31.7 32.2 28.3 27.8 32.8 31.7 31.1 30 27.2 27.8 26.7 33.3 18.9 28.9 29.4
0.3520548 25 31.1 34.4 32.8 31.1 30.6 28.3 30.6 28.3 29.4 29.4 32.2 31.7 29.4 31.7 32.2 30 31.1 29.4 29.4 25.6 23.9 28.3 28.3 32.2 32.2 32.8 28.3 27.8 27.8 27.8 31.1 21.1 28.3 30.6
0.3547945 26.7 26.1 35 32.2 31.1 30.6 27.8 30.6 29.4 27.8 28.9 32.8 30 30.6 32.8 30 31.1 31.7 30.6 30.6 22.2 28.9 30 30 25.6 31.7 32.8 27.2 29.4 31.1 30 32.2 27.2 26.7 30.6
0.3575342 27.2 26.1 31.7 31.7 31.7 31.1 27.8 33.9 29.4 28.3 28.9 32.8 29.4 31.7 32.8 30 30.6 26.1 30.6 32.2 30 32.8 28.3 29.4 26.7 31.7 26.1 27.2 30.6 31.1 31.7 34.4 27.8 27.2 29.4
0.360274 26.1 28.9 31.7 32.8 31.7 32.8 28.3 34.4 32.2 29.4 29.4 32.2 28.3 33.3 30 30.6 31.1 25.6 29.4 31.7 29.4 29.4 28.9 27.8 27.8 32.2 26.1 28.3 30 25 31.7 28.9 29.4 27.8 30.6
0.3630137 24.4 30 30.6 29.4 30 30.6 30.6 35 32.8 31.1 30 32.2 28.3 32.2 28.3 30.6 31.7 28.9 31.7 32.2 31.1 28.9 29.4 28.9 29.4 32.2 28.3 30.6 31.1 28.3 31.7 32.2 28.9 28.9 31.1
0.3657534 26.1 30.6 29.4 31.1 30 27.8 30.6 35 33.3 26.7 30 27.8 30.6 29.4 30.6 31.1 30.6 31.7 30.6 31.1 31.7 31.7 28.9 28.9 31.1 33.3 28.3 30.6 31.7 30 32.2 34.4 29.4 27.2 31.7
0.3684932 29.4 30.6 29.4 32.2 27.2 31.1 30.6 34.4 32.8 32.2 30.6 28.3 30.6 30 33.3 30 25 31.1 29.4 29.4 32.8 32.2 30 29.4 32.2 34.4 28.9 29.4 28.9 32.2 33.9 32.8 28.3 27.2 31.1
0.3712329 31.1 32.2 32.8 32.2 28.9 29.4 30.6 31.7 31.1 29.4 30 29.4 30.6 28.9 31.7 30 31.1 31.1 31.7 29.4 32.8 32.2 30.6 30.6 33.3 35 28.9 28.9 29.4 32.8 32.8 33.9 30.6 30 31.1
0.3739726 32.2 33.9 29.4 32.2 29.4 31.1 31.1 30 32.8 29.4 29.4 30 30 26.7 28.9 32.2 30.6 31.7 32.8 28.3 32.8 31.7 31.1 30.6 30.6 35 28.9 29.4 31.1 33.9 34.4 35.6 28.9 30 33.3
0.3767123 32.2 31.7 31.7 31.7 30.6 32.2 30.6 30.6 32.2 30 30 31.7 30.6 28.9 31.1 30.6 29.4 31.1 33.9 26.1 32.2 34.4 30 31.1 26.7 31.7 30.6 28.9 32.2 34.4 35 33.9 28.9 31.1 32.8
0.3794521 33.9 33.3 32.8 32.8 30 33.3 32.2 30.6 31.1 28.3 27.8 31.1 30 29.4 30.6 31.1 28.3 31.7 32.2 26.7 32.8 33.9 28.9 29.4 26.7 30 30 30.6 32.2 31.7 33.9 34.4 28.9 31.7 30.6
0.3821918 32.8 32.8 33.9 30.6 31.7 33.3 32.8 30 31.1 31.1 30.6 32.2 27.8 29.4 31.1 32.8 28.3 32.2 30.6 29.4 33.9 33.9 28.9 29.4 29.4 30.6 31.1 29.4 32.2 28.9 31.7 32.2 28.9 30.6 30
0.3849315 33.3 32.8 36.1 33.3 32.2 32.2 32.8 32.2 31.1 31.1 32.2 31.1 27.8 31.1 31.1 32.2 29.4 29.4 31.7 30 33.3 30.6 30 31.1 31.1 35 30 31.1 32.8 33.3 33.9 30.6 28.3 30 23.9
0.3876712 33.9 32.2 36.7 32.8 31.7 32.8 31.1 31.1 29.4 29.4 31.1 30.6 28.9 32.2 30.6 31.7 28.3 31.1 31.7 32.2 33.3 27.8 30 31.1 32.8 34.4 30.6 31.1 33.9 33.9 31.7 29.4 28.9 28.3 24.4
0.390411 32.8 32.2 35.6 31.7 30.6 31.7 29.4 25.6 31.1 30.6 30.6 29.4 29.4 32.8 30 31.7 26.1 30.6 32.2 32.2 28.3 31.7 30.6 33.3 31.7 33.9 30 31.7 32.8 32.2 30 30 28.9 26.7 27.2
0.3931507 34.4 30.6 34.4 30.6 32.2 32.2 29.4 24.4 30.6 30.6 28.9 30 30 32.2 31.7 32.2 26.7 35 32.8 31.7 25.6 29.4 30 31.1 28.9 31.1 32.8 31.1 33.9 33.3 31.7 32.2 30 27.2 31.1
0.3958904 33.3 33.3 36.1 31.1 31.1 32.2 30.6 29.4 26.7 31.1 30 32.2 31.1 28.3 33.9 33.3 28.9 35 33.3 28.3 31.1 31.7 32.2 32.8 28.9 30.6 33.9 30.6 32.2 34.4 30 29.4 31.7 29.4 31.7
0.3986301 32.8 31.7 36.7 31.7 31.1 32.2 29.4 31.7 28.9 32.2 32.2 32.2 28.3 32.8 32.2 33.3 30 33.3 33.3 26.7 30 31.7 31.7 33.3 31.1 31.1 33.3 30.6 28.3 34.4 31.1 31.7 31.7 27.8 30.6
0.4013699 31.1 24.4 37.2 31.1 32.2 32.2 28.9 35 31.7 31.7 32.2 32.2 26.7 34.4 32.2 33.9 29.4 30.6 31.7 25.6 31.1 30 28.3 32.2 27.8 30.6 32.8 30.6 28.9 35 31.7 32.8 31.7 29.4 31.1
0.4041096 32.8 25 36.1 30.6 30 33.9 30.6 35 30.6 28.9 31.7 32.2 28.3 34.4 31.1 32.2 26.7 29.4 32.2 28.9 30.6 31.7 31.7 32.8 29.4 29.4 31.7 30.6 28.9 35 33.3 32.2 28.3 27.8 31.1
0.4068493 29.4 30 33.3 31.1 33.3 33.3 30.6 35 29.4 30.6 27.2 31.7 29.4 35 31.7 32.2 26.7 31.1 32.2 30.6 28.9 32.2 32.8 31.7 28.9 31.1 32.8 31.1 30 34.4 33.9 33.3 28.3 24.4 31.1
0.409589 29.4 32.8 32.2 31.1 32.8 32.8 30.6 33.9 30.6 31.7 30 28.9 31.1 33.3 32.2 31.1 30.6 32.2 32.8 32.8 29.4 33.3 32.8 32.2 28.3 33.3 33.9 31.1 31.7 32.2 33.3 35 31.1 25 28.9
0.4123288 30 31.1 32.2 30 33.9 32.2 30 34.4 33.3 33.9 29.4 31.1 30 31.1 33.9 32.8 32.8 32.2 33.3 33.3 29.4 34.4 28.9 22.8 25.6 33.9 33.9 31.7 30.6 31.1 33.9 33.9 31.7 28.3 30
0.4150685 33.3 30 28.3 29.4 33.3 30.6 28.3 33.9 32.8 33.9 28.9 31.7 30 32.8 33.9 32.2 32.8 33.9 35 32.2 30 35 29.4 30.6 25 35.6 32.8 31.7 30.6 33.3 31.7 33.9 32.2 29.4 32.2
0.4178082 31.7 33.3 31.1 30 31.7 31.1 27.8 31.1 33.3 33.3 29.4 32.2 29.4 30 31.7 31.7 32.8 33.3 32.8 33.9 29.4 33.9 31.1 32.2 26.7 34.4 35 33.3 30.6 34.4 32.8 31.7 32.2 31.7 30
0.4205479 31.1 34.4 33.3 30.6 33.9 32.2 28.9 29.4 27.8 35.6 29.4 31.7 30 30.6 31.7 29.4 30.6 33.3 32.2 32.8 30.6 32.8 31.7 32.8 30 35.6 35 33.9 32.2 33.9 33.9 32.8 32.2 32.2 27.2
0.4232877 28.9 35 33.9 31.7 32.2 32.2 28.9 32.2 26.1 33.9 29.4 32.2 31.7 31.1 30 33.3 30.6 28.3 30.6 33.9 33.3 34.4 30 32.8 32.2 37.8 32.8 34.4 33.3 34.4 35 32.2 26.7 31.7 31.7
0.4260274 32.2 32.8 33.3 31.1 30 31.1 30 30.6 25.6 33.3 30 33.3 31.7 32.2 32.8 33.3 28.3 31.7 30.6 32.8 35 32.8 31.7 33.3 33.9 37.8 31.1 32.8 30.6 35 33.9 33.9 31.1 32.2 30
0.4287671 30 34.4 29.4 31.1 28.3 31.7 31.7 29.4 23.9 32.8 30 32.2 32.2 32.8 32.8 32.8 27.2 32.2 33.3 32.2 36.7 34.4 33.9 30.6 32.8 36.1 31.7 33.3 29.4 33.3 34.4 32.8 32.2 32.2 30.6
0.4315068 31.1 33.9 31.7 31.7 31.7 31.7 31.1 30.6 30 32.2 28.9 30.6 33.3 31.7 33.9 30.6 30.6 32.2 33.3 33.3 32.2 35 35 32.2 32.2 35.6 33.3 30.6 32.8 30 35.6 21.7 30.6 32.8 31.1
0.4342466 31.7 34.4 31.1 33.3 33.9 31.1 30.6 30 32.2 31.1 29.4 31.7 32.8 28.9 33.3 30 30 33.3 33.3 33.9 33.3 35.6 33.9 31.7 30.6 35.6 35 30 31.1 30 33.9 29.4 31.7 34.4 27.2
0.4369863 28.3 30 30.6 32.2 34.4 31.1 28.3 30.6 32.2 33.3 30 31.7 31.7 32.2 31.7 31.1 31.1 32.8 32.2 32.2 33.3 35 33.9 27.8 31.7 36.7 34.4 30.6 31.1 31.7 32.2 31.7 32.8 34.4 30
0.439726 27.2 32.8 30.6 32.2 35 31.1 28.9 31.1 32.8 32.8 31.7 31.7 33.3 33.9 33.3 35 29.4 34.4 33.9 31.7 31.7 35 35 31.7 30.6 35.6 35 33.3 31.7 34.4 32.8 32.2 32.2 33.9 31.7
0.4424658 28.3 34.4 30.6 32.8 35 28.3 32.8 31.7 33.3 33.3 32.2 28.9 32.2 33.9 31.7 33.9 29.4 35 34.4 31.1 26.1 35.6 33.9 30.6 32.2 33.3 35 32.2 32.2 35 33.9 33.9 32.8 32.8 31.7
0.4452055 30.6 35 28.9 33.3 34.4 27.8 31.1 31.7 32.8 32.8 32.2 30.6 30 31.1 32.2 34.4 31.7 36.7 32.2 33.3 31.7 35.6 32.2 32.8 32.8 35.6 33.9 32.8 28.9 34.4 32.2 34.4 32.2 32.8 32.2
0.4479452 31.1 32.8 32.2 34.4 33.9 31.1 33.3 31.7 32.2 32.2 32.8 32.2 31.1 32.8 33.3 33.9 31.7 36.7 33.3 26.7 31.7 33.3 31.7 32.8 30.6 31.7 31.1 33.9 28.9 35 32.8 33.3 32.2 32.2 31.7
0.4506849 32.2 32.8 32.8 35 34.4 31.7 32.2 31.7 32.2 32.2 31.1 32.8 31.1 33.9 31.7 34.4 30.6 36.7 33.3 27.2 30.6 35 34.4 29.4 27.2 30.6 33.3 32.2 29.4 35 30.6 33.3 30 32.8 33.3
0.4534247 32.2 32.8 31.1 33.9 35.6 31.1 32.2 32.8 31.7 32.8 30 34.4 31.7 33.3 27.8 35 31.1 36.1 31.7 32.2 30.6 35.6 33.9 30.6 32.2 23.9 31.7 32.8 28.3 35.6 32.8 35.6 31.1 32.8 33.3
0.4561644 33.3 31.7 33.3 33.3 37.2 32.2 30.6 31.1 30.6 34.4 32.2 33.3 32.2 33.9 31.1 34.4 31.7 36.7 30.6 31.1 32.2 35.6 34.4 31.7 27.8 27.2 32.2 34.4 31.1 35.6 34.4 36.1 30.6 31.7 32.8
0.4589041 30 31.1 32.8 33.3 35 32.8 32.2 32.2 31.7 35 31.1 33.9 31.1 32.8 32.2 32.8 32.8 36.7 30 30.6 33.9 37.8 32.8 32.2 27.8 30 32.8 34.4 32.8 36.7 35 35.6 31.7 28.9 33.3
0.4616438 29.4 28.9 32.8 35 35.6 26.7 30.6 31.1 30 35.6 33.9 33.3 29.4 33.3 32.8 34.4 32.8 33.9 30 32.2 33.9 37.8 25 32.2 30 34.4 30.6 35 32.8 32.8 33.9 35.6 31.7 29.4 29.4
0.4643836 30 28.9 33.9 35.6 35 28.9 30 31.1 28.3 34.4 34.4 33.9 30.6 31.1 33.3 33.9 31.7 33.9 31.1 33.9 34.4 37.2 30.6 31.1 32.8 33.9 31.7 35.6 32.8 33.9 33.9 36.7 30 30 26.7
0.4671233 31.1 28.9 32.2 35 34.4 29.4 31.1 31.7 31.7 36.1 35 33.3 30 32.2 32.2 32.8 30.6 33.3 31.1 35 34.4 35 33.3 32.2 33.9 34.4 30.6 33.9 31.1 32.8 35 35 32.2 31.1 30
0.469863 30 30.6 30.6 33.9 33.9 31.1 31.7 32.8 33.3 33.3 34.4 33.3 32.8 30 33.3 31.7 30 32.8 28.9 32.8 31.7 35 33.3 30.6 35 33.3 31.7 33.9 31.1 32.8 36.1 35.6 31.7 30 31.7
0.4726027 31.7 31.1 29.4 33.3 33.9 32.2 30 32.8 32.8 35 34.4 33.3 31.7 31.1 33.9 31.7 30 33.9 29.4 32.2 32.2 35.6 30.6 31.7 35 30.6 30.6 33.3 28.3 35 36.1 36.1 33.3 33.9 31.1
0.4753425 32.2 31.7 30 33.9 33.9 32.2 30 30 33.3 35 35 30.6 31.7 31.1 33.3 31.7 28.3 35 31.1 32.8 33.9 34.4 32.8 30.6 30.6 32.2 31.7 33.3 33.3 32.2 33.3 34.4 33.3 32.2 31.1
0.4780822 33.9 31.7 31.7 31.7 32.8 32.2 30 32.2 33.3 36.1 33.9 28.9 28.9 30.6 30 31.1 30 35.6 32.8 33.3 33.3 32.2 26.1 32.8 30.6 31.7 32.2 34.4 33.3 31.1 29.4 34.4 31.7 29.4 31.1
0.4808219 33.3 33.9 33.3 32.2 31.1 30 35.6 32.8 33.3 35.6 31.7 30 29.4 30.6 28.9 29.4 31.1 35 33.3 34.4 32.8 34.4 31.7 30.6 33.3 32.2 33.9 34.4 33.3 29.4 31.1 36.7 30.6 32.2 33.3
0.4835616 33.3 33.9 32.8 29.4 33.3 31.7 30.6 33.3 32.2 35.6 33.3 31.1 32.2 32.2 27.2 32.2 32.2 35 33.3 35 32.8 35 32.2 32.2 32.2 31.1 33.3 35.6 33.3 32.8 33.9 33.9 31.1 30 32.2
0.4863014 32.2 31.1 34.4 28.3 32.2 30 31.7 34.4 30.6 35.6 32.8 31.7 33.3 31.1 26.1 33.3 32.2 35.6 34.4 32.2 29.4 35 30.6 32.2 32.2 32.2 33.3 32.8 33.3 32.8 33.3 34.4 31.1 30.6 33.3
0.4890411 30 31.7 34.4 27.8 33.9 31.7 31.1 33.3 29.4 35 28.3 31.7 33.3 32.8 29.4 32.8 32.2 36.1 34.4 30.6 33.9 33.3 33.3 32.2 33.3 32.8 33.3 29.4 33.3 35 31.1 35.6 30.6 31.1 33.3
0.4917808 30 33.3 31.1 30.6 33.9 32.8 29.4 32.8 33.3 33.9 31.1 33.3 32.8 32.2 30.6 33.9 32.2 36.7 36.1 31.1 34.4 31.7 33.3 32.8 32.2 31.1 33.3 31.7 32.2 35 33.9 37.2 27.8 32.2 33.9
0.4945205 34.4 33.9 31.1 33.3 30.6 32.8 26.7 32.2 33.3 33.9 31.1 33.3 33.9 35 31.1 34.4 31.7 36.1 NA 33.9 34.4 31.1 33.9 33.3 28.9 30 34.4 NA 33.9 32.2 34.4 34.4 30 29.4 33.3
0.4972603 34.4 33.9 33.3 33.9 33.3 33.3 32.2 31.7 32.2 34.4 33.3 32.8 34.4 32.8 31.1 31.1 29.4 33.9 35 32.8 30.6 31.7 32.2 32.2 31.7 30.6 33.3 NA 35 32.2 34.4 34.4 31.7 30.6 31.7
0.5 33.3 34.4 33.9 33.3 30.6 33.3 32.8 32.2 32.8 34.4 34.4 33.3 35.6 32.8 28.3 31.1 31.1 34.4 34.4 33.9 36.1 31.7 33.3 32.2 33.3 29.4 33.3 NA 29.4 31.7 35 32.2 33.3 32.2 31.7
0.5027397 34.4 31.1 32.8 33.3 32.2 33.3 33.3 32.2 31.7 32.8 34.4 31.7 35.6 32.2 29.4 32.2 31.7 34.4 35 35 32.8 32.2 33.3 34.4 32.2 32.2 33.9 NA 30.6 32.8 32.8 32.2 33.3 32.8 31.1
0.5054795 33.9 33.3 33.3 32.8 33.9 33.9 33.3 30 31.1 34.4 32.8 30 35 33.3 28.3 33.3 32.8 32.8 34.4 35.6 33.3 34.4 33.9 34.4 31.7 32.2 31.1 NA 32.2 33.3 31.7 36.7 33.3 35.6 31.1
0.5082192 32.2 33.9 30.6 33.9 32.2 33.9 33.3 32.2 27.8 36.1 33.3 32.2 35 32.2 30.6 32.2 33.3 33.3 31.7 33.9 33.9 35 34.4 34.4 32.2 33.3 31.1 NA 32.2 32.8 34.4 36.1 33.9 32.8 31.1
0.5109589 33.9 34.4 32.8 31.7 32.2 33.9 32.8 32.8 28.9 36.1 33.3 32.8 32.8 33.3 31.7 32.8 33.9 33.9 31.7 34.4 35 35 33.9 33.9 31.7 33.3 30 NA 30.6 35 35 35 34.4 32.2 30.6
0.5136986 33.3 33.9 32.8 32.2 30 32.8 31.1 32.2 32.2 36.1 32.8 31.7 32.8 34.4 31.7 33.9 31.7 35 30.6 34.4 35.6 36.1 31.7 33.9 33.3 33.9 32.8 NA 28.3 35.6 35 36.1 34.4 34.4 31.7
0.5164384 33.3 32.2 32.8 32.2 32.2 31.7 33.9 31.7 30.6 36.1 32.2 30 32.8 32.2 31.7 34.4 31.1 35 33.3 34.4 33.9 35.6 31.1 33.3 33.3 35 32.2 NA 29.4 33.3 36.1 37.2 35 31.7 31.1
0.5191781 33.3 32.2 34.4 28.9 33.3 32.8 32.8 32.2 29.4 33.3 32.2 30.6 31.1 30.6 31.7 33.3 31.7 34.4 34.4 33.3 34.4 36.1 32.2 31.7 34.4 35 33.3 NA 30.6 35 35 37.8 34.4 32.8 31.7
0.5219178 33.9 31.1 36.1 29.4 32.8 31.1 30.6 33.3 31.1 35.6 32.8 32.8 30.6 32.8 32.2 32.8 32.2 34.4 35 33.3 36.1 33.9 33.9 32.2 35 33.3 35 NA 33.9 36.1 35.6 37.8 35 33.3 31.7
0.5246575 32.2 33.9 33.9 32.2 32.2 31.7 32.2 33.9 31.1 35 33.9 32.8 31.7 33.3 32.8 31.1 32.8 33.9 33.3 33.9 36.1 36.1 33.3 32.8 32.8 35 35 NA 33.9 35.6 35 33.3 34.4 32.8 32.8
0.5273973 31.7 33.9 36.1 32.2 31.7 32.8 33.9 34.4 32.8 34.4 31.1 32.8 33.9 33.3 32.2 29.4 31.7 34.4 31.7 34.4 35.6 35.6 33.9 32.2 32.2 33.3 35 NA 35 35 34.4 33.3 33.9 32.2 32.8
0.530137 32.8 33.9 34.4 31.7 34.4 32.2 33.3 34.4 33.3 32.8 32.2 32.2 32.8 33.9 30.6 26.1 32.2 33.9 32.2 34.4 35.6 33.9 33.9 32.8 33.3 34.4 34.4 NA 35 35.6 34.4 34.4 34.4 32.8 32.8
0.5328767 32.2 34.4 33.3 32.8 35 31.1 32.8 33.3 33.3 34.4 32.2 32.8 33.3 31.7 31.1 30.6 33.3 33.3 31.7 33.3 36.1 36.1 33.9 32.2 34.4 32.8 34.4 NA 35 32.8 34.4 29.4 34.4 32.2 32.2
0.5356164 32.8 34.4 32.8 32.2 35 31.1 33.3 27.8 32.2 30.6 33.3 32.8 32.2 31.7 31.7 31.7 33.9 32.2 33.9 34.4 34.4 36.7 33.3 33.3 32.8 32.8 35 NA 35 34.4 26.7 32.2 33.9 31.1 32.2
0.5383562 33.9 34.4 32.8 32.2 31.7 29.4 33.9 32.2 30.6 33.3 32.8 33.9 32.2 32.8 32.8 31.7 34.4 31.1 32.2 35.6 35 36.1 33.3 35 30.6 33.3 35 NA 34.4 33.3 33.3 34.4 33.9 32.2 33.9
0.5410959 32.8 34.4 32.8 32.2 30 27.8 33.3 31.7 32.8 34.4 32.2 33.3 31.1 34.4 33.3 31.7 35.6 29.4 28.9 31.1 35 35 32.8 35 32.2 32.2 35 NA 33.9 35 32.2 35.6 33.3 32.8 33.9
0.5438356 32.2 30.6 31.1 33.3 32.2 33.3 31.7 29.4 33.3 33.9 31.7 33.9 32.2 33.9 31.1 32.2 35 31.7 32.2 36.1 35.6 33.3 29.4 35.6 33.3 31.1 35.6 NA 34.4 33.9 32.2 35 32.8 32.8 32.2
0.5465753 32.8 26.1 33.3 33.9 32.8 32.8 33.3 32.2 33.3 30.6 33.3 33.3 29.4 32.2 33.3 31.1 35 31.7 31.1 33.9 33.3 35 33.9 36.7 32.8 31.7 35.6 NA 34.4 34.4 32.8 35 32.8 33.3 32.8
0.5493151 34.4 27.8 30.6 34.4 33.3 32.8 31.7 32.2 33.9 31.7 32.2 32.8 31.7 32.8 33.9 33.3 34.4 32.8 31.1 33.9 35.6 33.3 33.9 35.6 31.1 32.2 36.1 30.6 32.2 32.8 33.3 35 32.8 34.4 33.9
0.5520548 33.3 32.8 32.2 31.7 31.1 31.1 29.4 32.2 32.8 32.2 31.7 30 32.8 33.9 33.3 32.2 33.9 34.4 32.2 33.9 31.1 32.8 32.8 35.6 30 31.1 36.7 32.8 32.8 34.4 33.3 35 32.8 31.1 31.1
0.5547945 33.3 33.9 34.4 30.6 31.7 31.1 29.4 31.7 32.8 33.9 31.1 30 32.8 30.6 31.1 32.8 32.8 35 31.7 32.8 33.3 31.7 33.3 34.4 31.7 32.8 33.9 32.8 32.8 35 35.6 35.6 32.8 32.8 31.1
0.5575342 32.8 34.4 35 28.3 30.6 32.8 31.7 31.1 33.3 32.2 31.1 32.8 33.9 32.2 32.2 31.7 32.8 33.9 31.7 31.7 31.1 33.9 33.3 35 32.8 32.2 32.2 33.9 32.8 32.2 35.6 36.7 32.8 30 32.2
0.560274 32.2 35 35 30 30.6 33.3 30 28.9 33.3 31.7 33.3 32.2 33.9 33.3 32.2 32.8 33.9 33.9 33.9 33.3 33.3 33.3 33.9 32.8 29.4 30 31.7 36.1 31.7 32.8 35 35.6 32.8 28.9 31.1
0.5630137 33.3 34.4 35 31.7 30 33.3 32.2 32.8 33.9 31.1 32.2 32.2 34.4 32.2 31.7 34.4 35 33.3 32.2 32.2 31.1 33.9 35 35.6 32.2 33.9 35.6 34.4 31.7 31.7 36.1 35.6 32.8 33.3 31.7
0.5657534 32.2 35 34.4 32.8 24.4 33.3 30.6 32.8 35.6 32.2 31.1 33.9 32.8 32.8 32.8 34.4 33.9 34.4 32.2 32.2 30 34.4 35 35.6 33.9 33.3 32.8 34.4 32.2 33.3 35 34.4 32.8 33.9 31.7
0.5684932 31.7 34.4 32.8 32.8 27.2 32.8 31.1 32.2 34.4 32.2 32.2 32.8 33.9 33.3 31.7 31.7 34.4 35 30.6 33.9 31.7 33.9 33.9 34.4 32.8 32.8 32.8 35 33.3 32.2 34.4 34.4 33.3 33.9 30
0.5712329 28.3 35 33.3 33.3 34.4 32.8 33.9 32.8 35.6 31.7 32.8 32.8 34.4 31.1 29.4 30 32.8 35 30 33.9 33.3 34.4 28.9 33.3 32.2 32.8 33.3 35 33.9 33.9 33.3 35 33.9 33.9 35.6
0.5739726 25 34.4 33.3 33.9 33.9 30 32.8 31.7 35.6 31.7 32.2 32.8 34.4 31.1 31.1 33.3 33.3 34.4 30.6 35.6 32.8 35 31.7 33.3 32.8 34.4 32.8 36.1 35 35 32.8 35.6 33.9 34.4 31.1
0.5767123 33.9 36.7 33.3 34.4 34.4 28.3 31.7 31.7 34.4 32.8 32.8 32.8 34.4 30 33.3 30.6 33.9 34.4 32.2 35.6 33.9 36.1 32.8 32.2 31.1 33.9 35 36.1 33.3 35.6 33.9 36.1 33.9 34.4 29.4
0.5794521 28.9 35.6 33.3 33.9 33.9 25 30.6 29.4 33.9 33.3 33.3 33.9 32.8 31.7 30.6 30 31.1 31.7 30.6 34.4 33.3 35 33.3 31.1 28.9 32.2 34.4 33.3 33.9 35 35.6 33.3 33.9 33.3 31.1
0.5821918 30.6 37.2 32.8 34.4 32.2 27.8 31.1 29.4 32.2 33.3 33.9 32.2 33.3 26.7 30 31.1 33.3 32.2 29.4 34.4 35 33.9 33.3 30 32.2 34.4 35.6 33.9 33.9 35 35.6 33.3 31.7 36.1 32.2
0.5849315 33.9 32.8 30.6 34.4 30.6 32.2 31.7 32.2 31.7 32.8 34.4 31.7 33.9 31.1 32.2 33.3 32.8 33.9 30 34.4 35 33.9 32.8 31.7 32.8 33.9 36.1 33.9 34.4 35.6 35 33.9 31.7 33.9 32.2
0.5876712 33.3 33.9 32.2 33.3 32.2 31.1 33.3 31.7 31.7 32.8 34.4 31.1 34.4 31.7 31.1 32.8 30.6 33.3 31.7 33.3 33.9 33.9 32.2 32.8 33.3 32.2 35 34.4 33.3 35 35.6 35.6 33.9 33.9 32.8
0.590411 32.8 32.8 33.9 33.9 33.3 33.3 32.2 32.8 30.6 30.6 35 32.2 34.4 34.4 31.1 32.2 30.6 33.3 32.2 35 33.9 32.2 33.3 34.4 32.2 32.2 34.4 35.6 33.3 34.4 35.6 36.7 33.9 35.6 32.2
0.5931507 32.8 33.3 32.8 34.4 33.9 32.2 31.1 30.6 33.3 28.9 34.4 32.8 36.7 33.9 30 34.4 32.8 33.3 31.7 35 33.9 33.3 32.2 33.3 32.2 31.1 33.3 34.4 34.4 33.3 32.8 36.1 31.1 35 35
0.5958904 33.3 34.4 34.4 34.4 32.2 32.2 31.1 28.9 32.2 29.4 32.8 31.7 34.4 33.3 31.1 34.4 33.9 33.9 31.7 35 35 32.2 31.1 32.8 35 33.9 33.9 34.4 34.4 34.4 35 34.4 30 35 34.4
0.5986301 32.8 33.9 33.9 33.9 33.9 31.7 31.7 32.2 33.9 30.6 33.9 33.3 33.3 33.9 31.7 33.9 33.3 32.2 32.2 33.3 33.3 34.4 32.2 33.9 33.9 33.3 33.9 35.6 33.9 35.6 35.6 34.4 33.3 35 35.6
0.6013699 34.4 34.4 32.8 35.6 33.3 32.8 31.1 31.1 34.4 33.3 32.8 33.3 32.8 33.9 32.2 33.3 33.3 33.3 31.7 31.7 33.3 34.4 33.3 30.6 34.4 33.3 33.9 36.1 34.4 35.6 35.6 36.1 31.7 34.4 34.4
0.6041096 34.4 33.9 31.7 32.8 34.4 32.2 33.3 32.2 34.4 33.3 29.4 31.7 33.3 33.9 31.1 31.1 32.8 31.7 32.8 31.1 33.3 33.9 33.3 30.6 35 30.6 33.3 36.1 33.3 35.6 34.4 37.2 31.1 33.3 33.3
0.6068493 35 33.3 33.9 33.9 31.7 32.2 32.8 32.8 34.4 33.3 29.4 32.8 34.4 33.9 33.9 32.8 34.4 33.3 33.3 33.9 35 35 33.3 33.3 34.4 31.1 34.4 36.7 33.3 32.2 34.4 36.1 32.2 33.9 32.8
0.609589 33.9 35 33.3 32.2 30.6 32.2 32.8 32.2 33.3 32.8 29.4 32.8 33.9 33.3 34.4 33.3 33.9 32.2 33.3 33.9 33.3 33.9 34.4 34.4 34.4 32.2 33.3 33.3 32.2 34.4 33.9 37.2 32.2 33.3 34.4
0.6123288 33.9 34.4 31.7 35 32.2 31.7 32.8 32.2 35 28.9 27.8 32.2 32.2 34.4 31.7 31.7 33.3 31.7 32.2 30 33.9 32.8 32.8 32.2 34.4 33.3 31.7 35.6 31.1 32.2 32.8 37.2 32.2 33.9 33.3
0.6150685 33.3 35 32.8 33.9 32.2 32.8 31.7 25.6 33.9 31.1 30.6 33.3 31.7 33.9 32.2 32.2 34.4 28.3 30.6 27.2 33.9 34.4 33.9 33.3 33.9 35 31.7 33.9 32.2 31.7 35.6 38.3 30.6 33.3 27.8
0.6178082 31.1 33.9 33.9 33.9 31.1 31.7 32.2 26.1 33.9 33.3 33.3 30 32.2 33.9 32.2 32.8 32.2 31.7 33.3 32.2 28.9 33.9 33.3 31.7 34.4 33.9 31.1 31.7 32.2 32.2 34.4 36.7 32.2 33.9 30
0.6205479 32.2 32.8 32.8 32.8 32.8 32.2 32.8 32.2 35 32.2 32.8 28.3 32.8 33.3 33.9 33.9 32.8 33.3 34.4 32.2 30 33.3 31.1 31.7 35.6 30.6 33.3 27.8 32.8 33.3 32.2 37.2 32.2 33.9 31.1
0.6232877 32.8 31.7 31.1 32.8 33.3 31.1 33.9 32.2 33.9 32.8 31.7 27.8 32.8 33.9 32.8 34.4 34.4 32.8 33.9 35 33.9 33.3 33.3 32.8 34.4 32.2 30.6 30 31.1 33.3 31.7 36.7 30.6 33.9 31.1
0.6260274 31.7 28.9 30 34.4 32.2 33.3 33.3 34.4 34.4 32.8 32.2 32.2 32.8 33.9 32.2 32.8 31.7 34.4 35.6 34.4 36.1 33.3 33.3 33.9 35 33.9 31.7 33.3 31.7 33.9 36.1 35 31.1 33.3 28.3
0.6287671 31.7 28.9 32.8 33.3 31.1 33.9 33.9 33.3 33.9 32.8 33.3 34.4 33.3 33.9 32.2 33.9 28.9 33.9 32.2 33.3 35 32.2 32.2 33.3 33.3 28.9 34.4 35 31.1 34.4 35.6 35.6 31.7 33.3 30.6
0.6315068 32.2 25.6 32.8 31.7 30.6 33.3 35 32.8 33.9 33.9 33.3 33.3 33.3 33.9 32.2 35 29.4 33.3 35 33.9 33.9 31.1 31.1 33.9 34.4 33.9 33.9 35 33.3 35 35 33.3 32.2 33.9 32.2
0.6342466 33.9 30 32.8 31.7 32.8 32.8 33.3 32.2 34.4 33.9 32.8 34.4 33.9 31.1 32.2 33.3 30.6 28.9 35.6 33.3 33.9 33.3 28.9 35 32.8 33.3 33.9 35.6 33.9 33.3 33.3 35.6 33.3 34.4 33.3
0.6369863 33.9 31.7 33.9 32.8 32.8 32.2 35 31.1 35 33.9 30.6 33.3 32.2 32.8 33.3 32.8 32.8 30 35 33.9 35.6 31.1 33.9 35 31.1 33.3 30 35.6 33.3 30.6 34.4 25.6 31.7 33.9 35
0.639726 33.9 32.2 33.3 33.3 32.2 33.9 33.3 31.7 34.4 32.2 32.2 34.4 32.8 32.8 33.3 33.9 32.8 29.4 31.7 35 35 28.3 33.3 35.6 26.7 31.1 33.3 32.8 35 34.4 34.4 34.4 31.7 33.3 35
0.6424658 31.7 32.8 32.8 33.3 33.9 33.3 34.4 32.8 34.4 30.6 30 32.8 32.8 28.9 32.2 33.3 33.3 31.7 31.1 33.9 36.1 30.6 30 34.4 30.6 34.4 33.9 31.1 33.3 35 33.3 32.2 31.7 33.9 31.7
0.6452055 30 31.1 31.7 32.8 35 33.9 33.3 32.2 33.9 28.3 30 32.8 27.8 31.7 32.2 33.9 34.4 33.9 33.3 32.8 32.2 34.4 32.8 34.4 31.1 33.9 33.3 34.4 34.4 35 27.2 32.8 30 32.8 35.6
0.6479452 30 31.7 32.8 33.9 33.9 33.3 31.7 32.8 33.9 30.6 31.7 32.2 27.2 33.3 32.8 33.3 32.8 33.3 33.3 32.8 32.2 32.2 33.3 35.6 32.2 34.4 34.4 35 35 36.1 31.1 33.9 30.6 30.6 32.2
0.6506849 31.1 31.7 32.2 35 33.3 33.9 32.2 33.3 33.9 31.1 32.8 33.3 26.1 32.8 32.8 33.3 32.2 32.8 33.9 32.8 32.2 32.2 32.2 32.8 32.2 33.9 35 33.9 31.7 36.1 32.8 35 31.7 30.6 33.9
0.6534247 33.3 33.9 32.8 33.9 30.6 33.9 33.3 34.4 29.4 32.2 32.2 32.2 31.7 31.7 33.3 32.8 31.7 31.7 34.4 33.3 32.8 32.8 35 33.3 31.1 33.9 33.3 34.4 33.9 32.8 34.4 34.4 31.1 31.7 33.9
0.6561644 33.3 31.1 32.8 33.9 30.6 36.1 33.3 33.3 29.4 31.1 32.2 33.9 32.2 32.2 32.2 32.2 33.3 32.2 34.4 32.2 34.4 32.2 33.9 34.4 30.6 30.6 33.3 35.6 31.7 33.9 35.6 35 31.7 30 33.9
0.6589041 32.2 32.2 33.9 33.3 32.2 32.8 32.8 32.2 26.7 31.1 32.8 32.2 32.8 32.2 33.3 32.2 32.8 30.6 34.4 33.3 33.9 27.2 33.9 35 31.1 32.2 33.9 34.4 32.8 34.4 34.4 33.9 31.7 30.6 31.1
0.6616438 33.3 32.8 33.3 34.4 33.9 32.8 29.4 32.8 30 30 32.8 32.2 31.1 31.7 35 32.2 33.9 31.7 35 33.9 33.3 31.7 32.2 32.8 32.8 31.1 30 35 33.9 33.9 35.6 32.2 24.4 28.9 33.9
0.6643836 31.7 32.2 33.3 34.4 33.9 32.2 32.2 32.2 31.7 32.2 33.3 32.2 29.4 31.1 35 32.2 32.8 32.2 32.8 32.8 32.8 30.6 31.7 33.9 33.3 30.6 33.3 35 33.9 34.4 35.6 33.3 30.6 29.4 34.4
0.6671233 30.6 33.3 33.9 33.3 34.4 33.9 32.2 31.7 31.7 30.6 34.4 32.2 30.6 29.4 33.9 30.6 33.3 31.7 34.4 32.8 34.4 32.8 31.7 33.9 33.9 26.7 33.9 35.6 32.8 36.1 34.4 36.1 31.7 30.6 35
0.669863 30.6 33.3 33.3 32.8 32.8 34.4 32.8 31.1 31.7 31.7 33.9 31.1 31.7 30.6 33.3 31.7 33.3 30 35 32.2 32.2 32.8 32.2 32.8 35 26.7 32.8 34.4 34.4 33.3 33.9 35 31.7 31.7 35.6
0.6726027 30 32.8 33.3 34.4 31.1 33.3 33.3 30 32.2 31.1 33.9 31.7 32.2 31.7 33.9 32.2 32.2 29.4 33.3 32.8 30.6 33.3 32.2 29.4 32.2 32.2 32.2 32.2 32.2 33.9 33.3 33.3 31.1 31.1 35
0.6753425 31.1 32.8 33.9 33.9 32.2 33.3 33.9 30 36.1 31.7 33.9 32.8 32.8 31.7 32.8 32.8 32.8 32.8 33.9 26.7 32.2 33.3 33.9 29.4 32.2 33.3 32.2 29.4 33.3 33.9 32.8 32.2 31.7 32.2 36.1
0.6780822 31.1 32.8 32.8 34.4 32.2 32.2 33.3 31.7 33.9 32.8 33.9 32.2 33.3 32.2 32.8 32.8 31.7 31.7 31.7 30 32.2 32.2 35 34.4 33.9 31.1 32.8 28.9 33.9 29.4 33.3 33.3 30 32.8 31.1
0.6808219 30.6 31.7 34.4 30.6 32.2 30 31.7 31.7 34.4 32.2 33.3 32.2 32.8 32.2 30.6 32.2 30.6 33.9 32.8 33.9 31.7 33.9 33.3 33.9 31.1 31.7 33.3 31.1 26.7 31.7 33.9 35.6 31.1 32.8 31.7
0.6835616 31.7 32.2 31.7 33.9 32.2 30 32.2 30.6 34.4 29.4 33.3 31.1 31.1 32.2 32.2 33.3 32.2 33.9 33.3 33.9 33.3 33.3 30.6 35 27.8 32.2 33.3 31.7 26.1 33.9 35 36.7 32.8 32.8 33.3
0.6863014 30 31.7 33.3 33.3 31.1 28.9 31.7 29.4 32.8 31.1 32.2 29.4 31.1 32.2 31.1 33.3 32.8 33.9 33.3 33.3 32.2 32.8 31.1 35 30 33.3 32.2 33.9 26.7 32.8 37.2 35.6 32.8 31.1 34.4
0.6890411 31.7 30.6 33.9 31.7 27.2 32.2 29.4 31.7 30.6 31.7 32.2 26.7 31.1 33.9 33.3 31.7 32.8 33.9 32.8 33.3 33.9 32.8 31.7 33.9 28.9 33.3 32.2 33.9 26.7 32.8 36.7 32.2 30 27.8 33.3
0.6917808 27.8 32.2 33.9 32.2 25.6 32.2 32.2 32.8 31.1 32.8 33.3 29.4 31.1 33.3 32.2 31.7 31.1 33.9 31.7 32.8 32.2 32.8 31.7 33.3 26.7 33.9 31.7 33.9 32.2 32.8 35 33.3 31.7 31.1 34.4
0.6945205 30.6 32.2 33.3 32.8 27.2 32.8 29.4 31.7 31.1 32.2 33.3 30.6 31.1 33.3 33.3 32.2 31.7 34.4 32.2 32.8 32.2 31.7 32.8 32.8 30.6 33.3 28.3 33.9 32.2 31.7 36.1 35 30 31.1 33.3
0.6972603 29.4 31.1 33.9 32.8 28.3 32.2 30.6 30.6 27.2 31.1 32.8 29.4 32.8 32.8 33.9 33.9 28.3 34.4 32.8 30.6 30.6 33.3 32.2 32.8 32.8 32.8 31.7 34.4 32.8 32.8 33.3 35 30 29.4 32.2
0.7 30.6 32.2 33.3 33.3 29.4 33.3 31.1 26.7 25 30 32.2 30 33.9 32.2 34.4 32.2 26.1 33.9 33.9 31.1 31.1 32.2 33.9 31.7 33.9 33.3 33.3 28.3 32.8 32.8 32.8 36.1 31.1 30.6 34.4
0.7027397 30.6 32.8 31.7 33.3 28.3 32.2 31.1 28.9 29.4 27.8 30.6 30.6 33.9 32.8 33.9 29.4 29.4 NA 33.3 31.1 31.7 32.2 33.3 30 33.9 31.1 32.2 31.7 32.2 32.8 35.6 35 28.9 31.1 34.4
0.7054795 32.2 28.3 32.8 30.6 28.3 31.7 31.1 27.8 31.7 30.6 32.2 31.7 34.4 32.2 32.8 31.1 28.9 34.4 32.2 32.2 33.3 32.8 32.2 30 32.8 26.1 33.3 32.8 32.2 34.4 36.7 35.6 28.9 30 31.7
0.7082192 32.2 31.1 32.8 32.2 28.9 31.7 32.2 30.6 31.7 32.2 31.7 32.2 35 32.2 33.3 33.3 31.1 33.3 32.2 30 33.3 33.9 31.7 29.4 32.8 29.4 31.7 32.2 33.3 33.9 37.2 35.6 30.6 31.1 31.7
0.7109589 31.7 26.7 32.8 30.6 30.6 30 33.3 31.7 31.7 31.1 32.8 32.2 33.3 32.2 33.9 32.2 31.7 33.9 32.2 31.7 32.2 32.2 32.2 31.1 32.2 29.4 32.2 33.3 32.2 35 37.8 33.3 30.6 31.7 31.7
0.7136986 31.7 28.9 33.3 30.6 31.1 30.6 32.8 31.7 32.8 30.6 32.8 32.8 33.9 32.2 34.4 33.3 32.8 33.9 32.8 32.2 32.2 30.6 31.7 28.3 30.6 29.4 32.2 34.4 32.8 32.8 36.1 33.3 30.6 31.1 31.1
0.7164384 32.8 30 31.7 30 30.6 32.2 31.7 31.7 33.3 30.6 33.9 32.2 33.3 32.8 32.8 31.7 32.2 33.3 33.9 31.7 33.9 30.6 31.7 30 28.3 29.4 28.9 33.9 26.7 31.7 32.8 34.4 30 32.2 35
0.7191781 32.8 31.7 24.4 27.8 31.1 32.2 31.7 31.7 31.7 29.4 32.8 32.8 32.8 32.2 33.9 32.2 32.2 33.3 33.3 31.7 32.8 24.4 32.2 30 26.7 28.9 31.1 33.9 32.8 32.2 33.9 35.6 31.7 31.7 31.7
0.7219178 32.2 32.8 27.8 30 30 32.2 28.9 32.8 30.6 31.7 32.8 31.7 32.2 32.8 32.8 32.2 30.6 32.2 33.3 31.7 33.3 28.9 32.2 31.7 28.9 23.3 31.7 33.9 33.3 31.7 34.4 35 32.2 31.7 28.3
0.7246575 30 32.8 30 30 30 31.7 28.3 32.2 29.4 31.7 33.9 32.8 31.1 32.8 33.3 32.2 30.6 33.3 34.4 30 33.3 28.9 27.8 32.8 29.4 29.4 31.7 32.2 32.2 32.8 36.7 33.3 32.2 31.7 28.3
0.7273973 27.2 31.7 29.4 26.7 31.7 30.6 28.3 31.7 29.4 32.2 33.3 32.2 31.7 29.4 31.7 30.6 30.6 32.8 33.3 31.7 32.8 30.6 26.7 27.8 31.1 31.1 32.2 32.8 33.3 32.2 36.7 32.8 32.2 32.2 27.8
0.730137 27.8 32.2 28.3 23.3 32.8 30 29.4 30 30 32.2 31.7 31.1 32.2 28.9 30.6 29.4 31.1 32.2 31.1 32.2 33.3 31.7 27.8 27.2 30.6 32.2 32.2 26.7 33.3 29.4 36.1 35 30.6 32.2 30.6
0.7328767 30.6 32.8 30.6 26.1 31.1 32.2 30 31.7 31.1 31.1 30.6 32.8 33.3 30.6 31.1 27.2 31.1 32.2 31.7 31.7 31.7 31.7 31.1 28.9 29.4 32.2 32.8 30 33.3 30 30 35 31.1 31.7 31.1
0.7356164 31.7 32.8 31.7 30 32.2 31.7 32.2 31.7 28.9 32.2 32.2 31.1 32.8 32.2 29.4 27.2 31.1 33.3 31.1 32.8 34.4 28.3 28.9 28.3 30.6 32.2 32.8 30.6 33.3 27.8 30 33.9 29.4 32.2 27.8
0.7383562 31.1 33.3 30.6 30 31.7 28.9 32.2 29.4 28.9 30.6 32.2 31.1 33.3 32.8 31.7 30 32.8 32.8 30.6 30 33.9 29.4 25 28.9 30 30 32.8 31.1 32.2 32.8 33.9 30.6 29.4 32.2 27.8
0.7410959 31.1 31.7 27.8 30.6 32.2 27.2 28.9 28.3 30 31.1 32.2 30.6 32.8 31.7 32.8 30.6 33.9 32.2 29.4 30.6 33.3 30.6 29.4 28.3 29.4 30.6 33.9 32.2 30.6 32.8 35 30.6 30.6 30.6 26.1
0.7438356 28.9 31.7 26.1 30.6 31.7 30.6 28.9 23.3 30.6 26.7 30 30 33.3 32.8 32.2 30.6 33.3 32.2 29.4 31.7 33.3 30.6 31.1 28.9 23.3 28.9 33.3 30 30 31.7 28.9 30 30.6 29.4 26.1
0.7465753 30.6 31.1 29.4 31.1 32.8 31.1 31.7 25.6 30.6 27.2 30 31.7 31.1 32.2 31.1 31.1 31.1 33.3 31.1 31.1 33.3 31.1 31.7 NA 28.9 31.1 32.8 32.2 30.6 31.7 28.9 29.4 26.7 28.3 28.9
0.7493151 31.7 31.1 32.2 29.4 32.8 32.2 32.2 27.2 30 30.6 30 32.2 29.4 32.8 30 31.1 27.8 33.9 31.7 30.6 32.8 31.7 30.6 29.4 27.2 30 32.2 24.4 30 32.2 26.1 29.4 25 27.2 29.4
0.7520548 31.1 30.6 32.8 28.9 31.1 33.9 30.6 29.4 31.1 31.1 32.2 32.8 31.1 31.7 28.9 30 27.8 33.3 30.6 31.1 28.3 31.7 31.7 30.6 25.6 30 32.8 28.3 31.1 32.8 33.9 27.2 26.1 27.8 28.3
0.7547945 31.1 31.7 33.3 29.4 32.2 31.7 30 30 31.1 30 32.2 33.3 29.4 31.7 27.2 30 29.4 32.8 29.4 31.1 28.9 32.8 28.3 31.7 25 32.2 33.9 27.8 31.1 30 34.4 29.4 22.2 30 27.2
0.7575342 30.6 30.6 33.9 30 32.2 31.1 31.7 29.4 32.2 29.4 32.8 33.3 29.4 31.7 25.6 30.6 29.4 27.8 29.4 31.7 29.4 31.1 30 31.1 25.6 32.8 32.8 28.9 30 30 36.1 32.2 25.6 28.9 30.6
0.760274 30.6 30 32.2 28.3 28.3 29.4 32.2 30 32.2 30.6 32.2 32.8 29.4 31.7 27.8 31.1 30.6 28.9 31.1 31.7 28.3 28.9 31.1 31.7 27.2 32.2 32.8 25.6 28.9 32.2 35 31.7 28.9 29.4 27.2
0.7630137 30.6 28.3 31.7 28.3 20.6 30.6 32.2 27.8 32.2 30 31.1 33.3 29.4 32.2 26.1 31.1 30.6 28.9 32.2 26.1 29.4 30 31.1 31.1 28.3 31.7 33.3 26.1 28.3 32.2 31.7 32.8 29.4 27.8 26.7
0.7657534 31.1 30 32.2 29.4 22.8 27.8 30.6 30 32.2 30.6 30.6 32.2 27.8 30 25.6 32.2 31.1 29.4 30.6 27.2 28.3 30 30 32.2 28.9 26.1 34.4 27.2 27.2 31.7 31.7 29.4 21.7 23.9 28.9
0.7684932 30 29.4 31.7 28.9 24.4 28.3 31.1 30.6 32.8 30.6 31.7 31.1 28.9 30 30 32.8 32.2 30.6 26.7 27.2 25 31.7 29.4 31.7 28.9 26.7 32.2 26.7 25.6 31.1 35 29.4 27.2 25.6 29.4
0.7712329 26.7 30 32.8 30 27.8 30.6 30 30 32.8 29.4 32.2 30.6 30 30.6 29.4 32.2 28.3 31.1 26.7 28.9 28.9 30 30 30.6 28.9 29.4 31.7 24.4 23.3 31.7 33.3 26.7 28.9 27.8 28.3
0.7739726 31.1 30.6 30.6 32.2 27.2 30.6 27.8 28.3 30 30 32.2 29.4 29.4 30 28.3 31.1 25.6 29.4 29.4 30.6 29.4 30.6 31.1 30 28.9 30 31.1 27.8 25.6 26.7 31.7 28.3 29.4 28.3 28.9
0.7767123 30.6 28.9 30.6 27.2 28.9 31.7 29.4 28.3 30.6 31.1 31.7 25.6 27.8 30 29.4 30.6 26.1 31.1 29.4 30 30 32.2 32.2 30.6 28.3 26.7 28.9 27.8 26.1 27.8 30.6 30 27.8 28.9 28.9
0.7794521 30 30 31.1 28.9 28.3 31.1 29.4 28.3 30.6 30 31.7 28.9 29.4 28.9 29.4 30 26.1 31.1 28.3 28.3 30.6 30.6 30.6 31.1 27.2 28.9 31.1 25 26.1 27.8 29.4 30 24.4 28.9 22.8
0.7821918 30.6 32.2 31.1 30.6 28.9 27.8 29.4 28.9 30 29.4 31.7 30.6 29.4 29.4 29.4 30 27.2 22.8 30.6 29.4 28.3 27.8 28.9 31.1 27.8 31.7 31.7 21.7 25 29.4 32.2 29.4 24.4 27.2 25.6
0.7849315 31.1 28.3 30.6 27.2 26.1 25.6 28.9 27.8 29.4 30.6 32.2 31.1 29.4 30 30.6 30 27.8 22.8 29.4 28.3 27.8 26.7 30.6 30.6 28.3 31.1 32.2 19.4 27.8 30.6 33.9 30.6 24.4 26.7 27.2
0.7876712 31.1 23.3 30 26.7 30 26.1 30 28.3 28.9 31.1 32.2 32.2 30.6 29.4 31.7 29.4 27.8 24.4 25.6 26.1 28.9 27.2 27.8 25.6 30 31.1 32.8 22.8 24.4 31.7 31.7 30.6 27.2 27.2 31.1
0.790411 30 25 30.6 28.3 23.3 28.3 31.1 27.8 28.3 32.2 30.6 31.7 30.6 30.6 31.7 30.6 28.9 25.6 26.7 28.3 28.9 27.2 25 28.3 30.6 32.2 26.7 23.3 26.1 31.1 32.2 28.9 27.2 25.6 22.2
0.7931507 29.4 28.3 29.4 27.8 26.7 28.3 31.1 31.1 26.1 30.6 30 30 30.6 28.3 27.8 30 30 25.6 27.2 30.6 29.4 27.8 22.8 28.9 31.1 31.1 25 26.1 27.8 32.2 30 25 28.3 25 23.3
0.7958904 30 29.4 28.9 27.2 28.3 25.6 30.6 29.4 29.4 30 27.8 28.3 31.1 27.8 27.8 26.7 29.4 25.6 26.1 29.4 31.1 27.8 26.7 26.1 31.1 31.7 25 27.8 27.8 32.8 28.9 26.1 27.2 26.7 25.6
0.7986301 30 28.9 28.9 28.3 28.3 27.8 30.6 22.8 28.9 27.2 27.2 26.7 31.1 28.9 28.3 27.8 28.9 27.8 26.7 30.6 31.7 29.4 24.4 28.3 29.4 31.1 26.7 27.8 28.3 31.7 33.9 27.2 25.6 27.8 26.1
0.8013699 30.6 26.1 28.3 28.9 22.2 30 25.6 26.1 26.7 29.4 29.4 29.4 28.3 28.9 27.8 26.7 30 27.2 29.4 30 31.7 24.4 28.3 29.4 30 30 26.1 28.3 28.9 22.2 28.9 28.3 22.8 29.4 27.8
0.8041096 26.1 22.8 30.6 30.6 22.8 30.6 27.2 27.8 27.8 28.9 29.4 30 27.8 27.8 25.6 27.8 28.3 27.8 28.9 29.4 29.4 26.7 28.9 29.4 28.9 29.4 25.6 29.4 28.9 15.6 28.3 29.4 24.4 30 28.3
0.8068493 26.1 25.6 27.8 30 25 27.2 24.4 27.8 28.9 28.9 28.3 30 27.8 29.4 25 29.4 23.9 25.6 30 30 28.9 28.9 29.4 30 30 30.6 25.6 27.8 28.9 19.4 30.6 29.4 25.6 30.6 28.3
0.809589 26.7 26.7 27.2 25 26.7 25 29.4 28.3 27.8 28.9 27.8 30 28.9 28.9 26.7 29.4 25.6 26.1 29.4 29.4 27.8 30 28.9 25.6 28.9 31.1 26.7 24.4 23.9 24.4 31.1 30 25.6 29.4 29.4
0.8123288 26.7 27.8 26.7 26.7 26.7 24.4 30.6 27.2 27.8 23.9 28.9 29.4 30 26.1 27.2 27.8 26.7 27.8 30 30.6 27.2 31.1 20 29.4 29.4 30.6 28.3 25 25.6 27.2 31.1 30 22.2 25 28.3
0.8150685 28.3 28.3 23.9 28.9 25.6 23.3 30.6 30 25 23.9 31.1 27.8 29.4 27.8 27.8 28.3 28.9 28.9 29.4 25.6 23.3 28.3 16.1 25.6 29.4 31.1 27.8 27.2 27.8 26.7 30 29.4 25 26.7 28.9
0.8178082 29.4 28.9 22.8 29.4 27.8 25.6 27.2 27.2 21.1 23.9 30.6 27.2 29.4 27.8 28.3 29.4 27.2 28.9 30.6 25.6 26.1 28.3 20.6 23.9 29.4 28.9 28.9 26.1 23.9 25.6 23.9 28.3 25.6 27.2 27.2
0.8205479 30 27.8 22.2 30.6 28.3 24.4 25 28.9 23.9 29.4 28.9 27.8 29.4 28.3 27.8 30.6 25 26.7 31.1 26.1 22.8 30.6 22.2 25.6 28.9 31.1 27.8 25 27.2 25.6 21.1 30 27.8 22.8 25
0.8232877 29.4 26.1 26.1 30.6 27.8 26.7 23.9 27.2 25.6 29.4 28.3 27.2 28.3 27.2 28.3 30 20.6 26.7 31.1 25 26.1 27.8 24.4 22.8 30.6 28.3 20.6 25.6 27.2 26.1 25.6 30 26.7 25 22.8
0.8260274 28.3 28.3 25.6 28.3 26.7 27.8 25.6 27.8 22.8 23.9 28.3 30 27.8 24.4 29.4 27.2 24.4 26.7 28.9 26.1 30.6 27.8 26.1 25 29.4 31.7 23.9 20.6 29.4 25.6 25.6 29.4 26.7 26.1 22.2
0.8287671 28.9 29.4 23.9 22.8 26.7 25 27.2 28.3 22.2 24.4 26.7 29.4 28.9 22.2 29.4 27.2 26.1 26.7 26.1 27.8 28.9 29.4 27.8 26.1 30 28.9 24.4 21.7 28.3 23.9 26.7 27.8 27.8 26.1 26.7
0.8315068 25 28.3 23.9 25 27.8 22.8 27.2 27.2 25 26.1 26.7 30.6 30.6 26.1 29.4 26.7 24.4 26.1 26.1 28.3 31.7 28.9 26.7 26.7 29.4 29.4 25.6 23.9 27.2 25.6 26.7 26.1 27.8 28.3 27.2
0.8342466 23.9 30 22.8 26.7 25 26.7 28.9 26.1 31.7 27.8 26.7 31.1 28.3 25.6 28.9 26.7 22.8 22.2 26.7 28.3 20.6 27.2 25 25 28.9 26.7 28.9 23.9 26.1 26.7 26.7 26.7 27.8 14.4 29.4
0.8369863 26.1 28.9 23.3 25.6 22.8 25.6 25.6 27.8 26.7 26.7 26.1 27.8 30 28.9 28.9 28.3 25 27.8 25.6 27.8 22.8 27.8 27.2 25 29.4 27.8 28.3 25.6 20.6 27.2 27.8 27.8 27.2 14.4 26.1
0.839726 26.1 28.9 21.7 22.8 22.2 27.2 12.8 25.6 27.8 23.9 26.7 28.3 30.6 27.8 27.8 28.3 21.1 26.7 24.4 28.3 26.7 27.8 28.9 26.7 28.3 27.8 24.4 25.6 23.3 28.3 28.3 25.6 28.9 21.7 22.8
0.8424658 26.1 30 19.4 24.4 28.3 26.7 19.4 27.2 26.1 20 22.8 23.9 30.6 27.8 28.3 30 23.3 28.9 25.6 26.1 27.2 26.1 28.9 27.2 27.2 28.9 26.1 23.9 26.1 22.2 28.3 20.6 27.8 23.9 26.1
0.8452055 27.2 26.7 20.6 24.4 27.2 26.7 25.6 23.3 25 17.2 16.7 27.8 30.6 30.6 29.4 29.4 21.1 27.2 27.8 23.9 26.1 26.7 24.4 25.6 27.8 20.6 26.7 27.2 27.8 26.7 26.7 14.4 28.9 26.1 30
0.8479452 25 28.3 22.8 26.7 27.8 22.8 26.7 20.6 25 20.6 22.2 29.4 25.6 27.8 28.9 28.3 21.1 27.8 27.8 26.7 23.3 24.4 15 22.8 27.2 18.9 28.9 23.9 26.7 27.8 30 17.2 27.8 27.2 26.7
0.8506849 22.2 28.9 25 25.6 27.8 26.1 28.3 19.4 27.8 22.2 24.4 27.8 26.7 27.2 26.7 24.4 21.7 27.2 27.8 26.7 22.2 25 20 22.8 20 20.6 29.4 22.8 23.9 30 30 23.9 18.3 27.2 27.2
0.8534247 23.3 27.8 22.2 25.6 26.7 25.6 27.8 21.1 27.8 23.3 25 23.3 25.6 27.8 21.7 28.9 18.3 27.8 27.2 25 25 21.1 22.2 20.6 20 23.9 29.4 24.4 22.2 30 30.6 23.9 13.3 16.7 26.1
0.8561644 26.1 23.3 21.7 24.4 25 26.1 27.8 23.3 21.1 25 26.1 26.1 26.7 28.9 21.1 29.4 22.2 29.4 26.1 25 26.7 23.9 24.4 23.9 22.2 23.3 29.4 25.6 24.4 28.9 27.2 22.8 18.9 23.9 27.8
0.8589041 28.9 24.4 18.9 22.8 25.6 27.2 28.3 23.3 18.9 25 26.7 22.8 27.8 23.9 26.7 28.9 22.2 25.6 27.8 27.8 28.9 26.1 26.1 23.3 23.9 24.4 29.4 27.2 26.1 25.6 27.2 11.1 22.8 25 28.3
0.8616438 28.9 24.4 22.2 22.2 26.7 26.7 28.9 26.1 20.6 25 26.7 23.3 30 22.8 27.8 28.3 24.4 22.2 27.8 28.9 25.6 25 25.6 25.6 25.6 26.7 29.4 27.8 26.1 26.1 22.8 17.2 24.4 16.1 27.8
0.8643836 24.4 25 21.7 23.9 26.7 26.7 29.4 27.2 17.8 26.7 26.1 24.4 27.8 24.4 23.9 27.8 27.2 20 26.1 28.9 24.4 19.4 25.6 18.3 23.9 26.7 27.8 17.2 26.1 25.6 21.7 21.1 26.1 22.2 27.8
0.8671233 26.1 27.8 22.2 21.1 29.4 27.2 27.2 27.2 14.4 26.7 27.2 23.9 28.9 26.1 20.6 26.7 22.8 21.7 30 28.3 22.8 22.2 26.7 17.2 15.6 28.3 29.4 16.7 26.1 25.6 27.2 23.3 27.2 24.4 27.8
0.869863 23.3 27.2 20.6 20 29.4 26.1 22.2 28.3 21.1 21.1 28.9 25.6 27.8 26.7 23.9 16.7 23.9 22.2 29.4 17.2 24.4 20.6 20.6 20.6 17.8 28.9 28.3 21.1 27.2 26.7 24.4 21.1 27.2 NA 27.8
0.8726027 27.2 28.9 22.8 18.3 29.4 26.1 25.6 26.1 23.9 17.2 26.1 26.7 25 26.7 25.6 17.8 25.6 24.4 29.4 19.4 26.7 21.1 24.4 22.8 21.7 28.9 23.3 23.9 26.7 27.2 25.6 24.4 27.2 NA 27.8
0.8753425 28.9 28.9 25 22.2 27.8 27.8 26.1 25 27.2 19.4 15.6 26.7 23.3 28.3 28.9 22.8 23.9 23.9 28.9 20 26.7 21.7 17.2 26.7 23.9 28.3 20.6 26.1 26.1 28.9 25 27.2 26.7 NA 27.8
0.8780822 28.9 28.9 26.7 22.8 28.9 26.7 27.2 26.7 27.2 23.9 16.7 27.8 19.4 27.8 28.9 25 22.8 28.9 28.9 19.4 26.1 24.4 22.2 18.3 25 27.8 27.8 27.2 29.4 25 24.4 27.8 27.2 NA 27.8
0.8808219 28.9 24.4 27.2 25 28.3 23.3 26.7 25 26.7 26.7 20.6 27.2 22.2 26.7 30 26.7 23.9 24.4 30.6 22.8 25 21.7 26.1 15.6 25 28.3 29.4 26.1 28.9 17.8 25.6 27.8 27.2 NA 27.8
0.8835616 24.4 25.6 25.6 25 28.3 23.9 26.1 21.7 25 26.7 23.9 27.8 22.2 27.8 30.6 25.6 25.6 26.7 30 23.9 23.9 22.2 27.2 20 26.7 31.7 30 22.8 28.9 19.4 21.7 28.3 27.2 NA 27.8
0.8863014 25.6 22.2 27.2 23.9 29.4 24.4 26.7 23.9 NA 21.7 27.2 25.6 22.2 28.3 28.3 27.2 25 26.7 27.8 25 16.1 25 25 24.4 28.3 29.4 25 21.7 28.9 22.2 22.8 26.7 25.6 NA 27.8
0.8890411 26.7 21.7 28.3 26.7 26.7 26.7 22.2 24.4 NA 19.4 26.1 23.3 18.9 29.4 26.7 26.1 20.6 28.3 23.9 25 16.1 26.1 26.7 22.8 23.3 26.7 28.3 18.3 29.4 23.3 23.3 26.7 25.6 NA 27.8
0.8917808 27.2 25 26.1 26.7 16.7 26.1 20 23.9 20 21.7 27.8 18.9 15.6 31.7 22.8 22.2 18.9 27.8 26.7 26.1 16.7 16.1 26.7 23.3 19.4 26.7 22.2 14.4 25.6 25.6 25 28.3 26.1 NA 27.8
0.8945205 27.8 25.6 22.2 26.1 26.1 20 21.7 27.8 23.3 25 23.9 23.3 16.1 28.3 26.1 16.1 16.1 25 30 26.1 23.3 18.3 26.1 23.9 13.3 26.7 26.1 20.6 23.9 25 25.6 28.9 26.7 NA 27.8
0.8972603 27.8 21.1 23.3 23.9 26.7 23.9 23.9 30.6 23.3 24.4 20.6 25 19.4 27.8 26.1 15.6 17.2 24.4 26.7 26.1 25.6 20.6 26.7 26.1 17.2 22.8 27.2 23.3 23.3 19.4 25.6 26.7 27.2 NA 28.3
0.9 26.7 25 26.1 20.6 26.7 26.1 23.9 29.4 20 23.3 15.6 22.8 21.1 28.3 30 18.3 20.6 25.6 25 27.2 23.9 25 27.2 28.3 22.2 27.2 28.3 23.9 21.1 21.7 22.2 20 28.3 NA 18.9
0.9027397 27.2 25 21.1 23.3 21.7 26.7 25.6 29.4 22.8 23.3 22.2 23.3 22.2 28.9 23.3 22.2 25 22.8 26.1 26.1 22.2 20 26.7 16.7 23.3 26.7 28.3 24.4 23.9 23.9 25 15 27.2 NA 22.2
0.9054795 27.8 23.9 15 26.1 23.9 27.2 25.6 27.8 24.4 24.4 26.1 26.7 19.4 28.9 20 26.7 27.2 21.7 28.9 23.9 25.6 24.4 25.6 22.8 24.4 28.3 27.8 25 26.1 25.6 26.7 16.7 27.8 NA 23.3
0.9082192 26.7 23.3 15 24.4 28.3 23.9 22.2 25 27.2 21.1 25 23.9 23.9 30 20 25 28.3 26.1 27.8 25 22.8 26.1 26.7 27.2 25 27.8 27.2 25 28.9 25.6 26.7 22.8 21.1 26.1 25.6
0.9109589 26.1 21.7 17.2 22.8 25.6 21.1 15 26.1 27.2 20 25 26.1 24.4 22.2 23.3 26.7 25.6 26.7 30 21.1 11.1 26.7 26.7 25.6 22.2 28.9 25.6 23.3 22.2 27.2 28.3 26.1 13.9 17.8 27.2
0.9136986 24.4 21.7 17.2 15.6 22.8 15 18.3 27.8 26.1 17.8 27.2 23.3 23.9 23.3 21.7 26.7 16.1 27.8 29.4 15.6 15.6 26.7 28.3 15.6 18.3 29.4 27.2 22.8 20 22.8 27.8 26.7 13.9 17.8 27.8
0.9164384 16.7 23.9 18.3 13.9 13.9 15 20 25 28.9 18.9 26.7 25 20 25 18.9 27.8 13.3 26.7 26.7 11.1 19.4 25.6 27.8 18.3 20 28.9 25.6 17.8 21.1 18.3 20 28.3 16.7 21.1 24.4
0.9191781 17.2 25.6 23.9 18.9 22.2 21.7 22.8 25 29.4 18.9 26.7 20.6 22.2 26.1 11.1 22.2 12.2 22.2 25.6 13.9 23.3 26.7 28.3 22.2 23.9 27.8 26.1 20.6 18.3 20.6 23.9 27.8 16.7 23.3 21.7
0.9219178 20 25 22.8 20.6 26.7 22.8 23.9 23.9 27.8 18.9 27.2 25 22.2 25 16.1 22.8 18.9 22.2 28.9 16.1 23.3 19.4 28.3 25.6 24.4 26.7 25.6 17.2 16.1 23.9 25 28.3 17.2 22.2 25
0.9246575 21.7 26.7 23.9 16.7 27.8 22.2 19.4 21.7 23.9 16.7 26.1 20.6 26.1 25.6 18.9 25 21.7 23.9 29.4 18.3 21.1 20 27.8 27.8 24.4 17.8 20 19.4 18.9 15 26.7 29.4 15.6 24.4 25.6
0.9273973 23.3 26.7 21.7 20.6 23.9 21.7 22.2 23.9 18.9 17.8 25.6 22.2 25.6 25.6 22.8 26.1 20.6 28.3 24.4 20.6 21.7 22.2 27.2 28.9 24.4 23.3 16.1 21.7 20.6 12.8 25 15 21.1 25 27.2
0.930137 23.9 26.7 17.8 16.7 22.8 22.2 24.4 23.9 20.6 21.7 23.3 25.6 28.3 25.6 23.3 26.1 22.2 23.9 26.7 22.8 23.9 15.6 27.8 27.8 26.7 21.7 18.9 13.9 20.6 20 17.2 20.6 21.1 18.9 27.8
0.9328767 24.4 24.4 13.3 17.2 17.8 20 25 24.4 23.9 19.4 21.7 28.9 27.8 19.4 23.9 26.7 24.4 18.9 30 25.6 23.9 17.2 27.8 28.3 25 17.8 23.3 18.3 21.1 22.2 20 23.9 21.1 20 22.2
0.9356164 25 21.1 21.1 23.3 17.8 19.4 25.6 21.7 20.6 19.4 22.8 27.8 28.3 12.8 22.8 26.7 17.8 22.2 29.4 21.7 23.9 21.1 26.1 15.6 9.4 20.6 21.7 22.2 24.4 25.6 23.9 25 23.3 20 22.8
0.9383562 23.9 25.6 18.9 21.1 20 21.1 26.1 23.9 15.6 16.1 25 26.7 28.9 15 16.1 22.8 19.4 22.8 29.4 20 23.9 22.8 25.6 18.3 16.7 21.7 25.6 23.3 22.2 26.7 12.2 26.1 18.3 20 22.8
0.9410959 25.6 28.9 18.3 18.3 23.9 22.8 25 27.8 16.1 23.9 26.1 27.2 28.9 17.2 11.1 16.7 23.9 21.1 26.7 23.3 25.6 17.8 21.1 22.2 16.7 23.3 26.1 26.1 25 16.7 17.2 26.7 20.6 21.7 23.9
0.9438356 25.6 28.3 18.3 22.2 25.6 23.9 21.1 25 16.1 21.1 24.4 28.3 26.7 13.9 20 20.6 26.1 19.4 17.8 23.9 25.6 11.1 24.4 24.4 20.6 -2.2 26.7 24.4 21.1 9.4 19.4 26.1 21.1 23.3 26.7
0.9465753 21.7 27.2 15.6 26.7 26.7 23.3 17.2 25 21.1 18.3 27.2 27.2 27.8 17.8 24.4 24.4 28.3 22.8 15.6 22.2 16.7 10.6 26.1 26.1 24.4 25.6 26.1 21.7 16.7 17.2 21.1 25.6 15.6 17.8 20
0.9493151 11.7 27.8 6.7 26.7 26.7 25.6 15.6 26.7 21.7 12.8 25.6 27.2 27.8 22.8 22.2 26.1 25.6 23.9 21.1 26.7 19.4 13.3 21.1 21.7 21.1 27.2 27.8 23.3 12.8 25 21.7 26.1 12.8 18.3 21.1
0.9520548 17.2 27.2 12.8 26.1 23.9 23.3 15.6 28.3 18.9 18.9 19.4 26.7 28.3 24.4 18.9 25.6 19.4 26.7 19.4 25.6 22.2 20 14.4 16.1 23.9 26.7 15.6 21.7 12.8 13.3 22.2 26.7 17.2 18.3 15
0.9547945 18.9 27.2 16.7 22.2 16.7 27.2 17.2 27.8 11.7 21.1 23.9 29.4 27.8 25.6 21.1 23.9 24.4 24.4 23.3 24.4 21.1 24.4 20.6 21.7 23.3 12.8 23.3 24.4 18.3 13.9 23.3 27.8 20.6 20.6 16.1
0.9575342 16.7 26.7 17.2 11.7 23.3 26.7 21.1 24.4 12.8 18.9 27.2 28.9 23.9 19.4 21.1 26.7 20.6 22.2 27.8 20.6 22.2 21.1 23.9 16.1 23.9 15.6 23.9 23.9 22.2 20 25.6 17.2 21.7 14.4 16.7
0.960274 15 28.3 20.6 13.9 25 23.9 18.9 25 18.3 17.8 25 28.3 11.1 10 16.7 26.7 20 23.9 22.8 15.6 20 17.2 20 17.8 24.4 13.3 21.7 14.4 22.2 16.7 25.6 16.1 22.2 12.2 21.1
0.9630137 17.2 29.4 23.3 16.7 26.1 21.1 23.9 28.3 22.2 21.1 22.8 23.9 20 13.9 13.9 25 22.8 22.2 22.8 15.6 15.6 21.1 12.2 18.3 23.9 15 23.3 12.2 11.7 16.7 25.6 20 24.4 20 20.6
0.9657534 17.8 25 24.4 13.9 22.2 21.7 20 28.9 25 20.6 23.3 22.8 23.3 22.2 21.1 12.8 24.4 22.2 25 17.2 18.3 20.6 14.4 25 23.9 17.8 25.6 18.3 10.6 14.4 27.8 20 22.2 22.2 16.7
0.9684932 21.1 22.2 25.6 15 23.9 16.1 21.1 27.8 25.6 16.7 24.4 27.8 25 22.8 25 16.1 22.2 24.4 27.2 20 21.7 6.1 20.6 17.2 24.4 18.3 21.7 22.2 16.1 21.1 28.9 16.1 24.4 17.2 17.2
0.9712329 18.3 18.3 24.4 17.8 24.4 18.9 21.7 27.2 23.9 22.2 25.6 25.6 23.9 17.8 23.9 13.9 20.6 21.1 27.8 18.3 20.6 10 16.7 19.4 25 16.1 24.4 25 23.3 11.7 27.2 21.1 23.9 21.7 20.6
0.9739726 10 23.3 26.7 18.3 20.6 19.4 22.8 27.8 26.7 20.6 26.7 23.3 23.9 12.2 21.1 11.7 17.2 13.3 25.6 18.3 12.8 18.3 20 16.7 25.6 13.3 18.9 25 25.6 15.6 26.7 23.3 23.9 17.2 16.7
0.9767123 11.7 25 23.9 18.3 24.4 22.2 23.9 25.6 23.9 20 28.3 23.3 21.7 19.4 24.4 15 16.7 16.7 24.4 20 18.9 23.3 20.6 22.8 25.6 12.8 20.6 23.9 26.1 5.6 26.7 26.7 25 15.6 15.6
0.9794521 18.9 19.4 25 18.3 26.1 21.7 21.1 16.7 13.9 18.3 27.8 24.4 21.7 22.2 26.7 22.2 17.8 18.3 26.1 22.8 12.8 26.1 22.2 22.8 24.4 16.7 21.7 23.3 23.3 2.8 27.2 23.9 25 8.9 15
0.9821918 18.9 11.1 28.3 13.3 26.7 24.4 13.9 20 15 23.9 26.1 23.9 20 23.3 27.2 23.9 21.1 20.6 20 25 20 26.1 25 14.4 25.6 23.3 23.9 25 25.6 1.7 23.3 22.8 21.7 9.4 16.1
0.9849315 22.2 18.3 25 18.9 27.2 20.6 17.2 21.1 20 22.8 22.8 26.7 16.7 26.1 25 20.6 19.4 17.2 22.2 18.3 10 26.1 25.6 1.7 26.1 25.6 19.4 26.1 25.6 8.9 20 22.8 23.3 11.7 14.4
0.9876712 19.4 22.8 21.7 22.2 21.7 21.1 21.7 22.2 23.9 16.7 14.4 25.6 14.4 23.3 26.1 16.1 17.8 15.6 19.4 15.6 16.7 20.6 26.1 5.6 26.7 10.6 16.1 26.1 24.4 15 23.9 22.2 21.1 11.1 17.2
0.990411 22.2 20.6 20 19.4 21.1 21.7 23.9 22.8 21.7 20.6 19.4 27.2 18.9 20 26.7 16.7 22.8 14.4 17.2 17.8 12.2 22.2 24.4 18.3 23.9 15 17.8 24.4 24.4 17.8 26.7 26.1 22.8 17.8 20.6
0.9931507 25.6 11.7 26.7 16.1 23.3 24.4 22.2 16.7 19.4 23.3 24.4 26.7 22.8 26.7 26.7 25 20 18.3 21.1 21.7 7.2 26.1 25.6 23.9 26.7 19.4 17.8 25.6 25.6 21.1 25.6 25 22.8 21.7 22.2
0.9958904 21.1 11.1 23.3 17.8 24.4 22.2 22.2 19.4 22.2 26.1 22.2 26.7 25 26.1 27.2 22.8 20 16.1 24.4 21.7 12.8 26.1 25.6 21.7 27.2 19.4 20.6 12.2 26.1 22.2 27.2 25 11.7 22.2 23.3
0.9986301 25.6 11.7 15.6 21.7 25 24.4 27.2 23.9 26.7 25 17.2 27.2 25.6 27.8 27.2 22.2 23.3 21.1 24.4 21.7 18.9 21.1 26.7 7.2 25.6 16.7 15 17.2 22.2 24.4 28.3 20 16.1 13.3 22.2
