time 1960 1961 1962 1963 1964 1965 1966 1967 1968 1969 1970 1971 1972 1973 1974 1975 1976 1977 1978 1979 1980 1981 1982 1983 1984 1985 1986 1987 1988 1989 1990 1991 1992 1993 1994
0.001369863 27.8 21.7 25.6 27.2 27.2 28.9 25.6 26.7 24.4 27.2 27.2 26.1 26.7 23.9 27.8 27.8 27.2 27.8 26.1 25.6 25.6 29.4 29.4 28.3 29.4 28.3 25.6 28.9 20.6 28.3 24.4 25 25.6 24.4 27.8
0.004109589 28.9 27.2 27.8 27.8 27.8 28.9 26.1 26.7 26.1 28.3 26.7 25 28.3 26.7 27.8 26.1 26.7 28.9 26.1 25 26.7 29.4 28.3 28.3 28.9 27.8 24.4 27.2 22.2 27.8 26.7 26.1 26.7 27.8 26.7
0.006849315 27.8 27.2 27.2 27.2 27.8 28.3 24.4 25.6 23.9 23.3 26.1 25 28.9 28.9 27.8 24.4 26.7 27.8 26.7 25 27.2 30 26.7 28.3 29.4 27.2 25 29.4 25 28.9 26.7 26.7 28.3 28.9 25.6
0.009589041 28.9 26.7 27.8 27.2 28.3 28.3 26.7 22.2 26.7 22.8 25 26.7 27.2 27.2 26.1 25 28.9 27.2 27.8 27.2 27.2 26.7 28.9 28.9 28.3 28.9 26.1 28.3 24.4 26.7 27.2 24.4 28.3 27.8 28.3
0.01232877 27.8 27.2 28.3 27.8 28.3 27.8 27.2 23.3 25.6 26.1 25.6 24.4 25.6 27.8 26.7 25.6 26.7 27.8 27.8 27.2 26.1 29.4 28.3 28.9 24.4 28.9 26.1 27.8 25 26.1 28.3 23.9 30 25 27.8
0.01506849 25.6 27.2 27.2 27.8 26.1 23.3 24.4 23.9 23.9 25.6 24.4 21.7 26.1 27.8 25 25 28.3 27.8 28.3 26.1 26.1 28.3 28.9 27.2 27.8 28.9 25.6 28.3 25.6 26.1 28.9 26.1 27.8 25.6 23.3
0.01780822 26.7 27.2 25.6 22.8 27.8 25 24.4 24.4 25 27.8 25 22.8 27.2 22.8 25 23.9 27.2 28.3 27.8 27.2 28.3 27.8 25.6 28.3 28.9 28.9 23.9 27.2 26.1 26.1 27.2 26.7 28.3 24.4 30
0.02054795 26.7 27.8 22.2 26.7 27.2 26.1 24.4 26.1 25.6 26.1 25 24.4 26.1 26.1 26.1 24.4 26.7 28.3 28.9 28.3 27.8 29.4 24.4 28.9 27.8 28.3 22.8 28.9 26.7 26.1 26.1 28.9 27.8 27.2 27.8
0.02328767 26.1 27.8 27.8 25 26.7 27.2 23.9 24.4 23.9 23.9 22.8 23.3 26.7 25 27.2 29.4 26.7 27.2 27.8 28.9 26.7 29.4 26.7 27.8 28.3 26.1 23.9 29.4 25 25 23.9 26.7 28.9 27.2 29.4
0.0260274 26.1 26.7 27.8 26.1 27.8 23.9 25 24.4 24.4 26.7 23.9 26.1 26.7 26.7 25.6 27.8 27.8 28.3 28.3 25.6 27.2 29.4 27.8 26.7 27.8 28.9 25 24.4 26.7 25.6 26.1 26.7 28.9 26.1 28.9
0.02876712 26.1 28.3 28.3 25.6 27.8 27.2 25.6 23.3 25.6 26.1 25 24.4 26.7 25 26.7 27.2 27.8 31.1 27.2 25.6 27.8 27.8 27.8 26.7 27.8 27.2 24.4 25.6 27.8 27.2 23.9 28.3 29.4 25 28.9
0.03150685 25.6 27.2 26.7 26.7 27.8 27.2 24.4 23.9 26.1 26.7 27.2 25.6 28.3 24.4 27.2 25.6 26.7 27.8 25.6 20.6 27.8 27.2 28.3 26.7 25.6 27.8 25.6 26.1 28.3 27.8 27.8 30 28.9 25.6 27.8
0.03424658 26.7 27.8 26.1 25.6 28.3 26.1 26.7 25.6 26.1 26.7 26.7 25 26.7 23.9 25.6 25.6 26.7 27.8 27.8 21.7 27.2 28.9 28.3 27.8 25.6 27.8 25.6 26.7 28.3 25 30 31.1 28.3 23.9 27.2
0.0369863 28.9 29.4 25.6 25 27.8 25 25 26.1 27.2 27.2 25.6 25.6 27.2 24.4 25.6 25.6 27.8 27.2 28.3 23.3 28.9 29.4 28.3 25.6 26.1 30 27.8 24.4 28.3 25.6 28.3 30 26.7 25.6 28.3
0.03972603 28.9 28.3 25.6 26.1 26.7 26.1 26.7 25 28.3 26.1 24.4 26.1 28.9 24.4 26.1 25 25.6 25.6 28.3 23.3 29.4 28.9 27.8 27.2 27.2 26.7 26.1 23.3 27.8 25.6 23.9 28.9 23.3 25 29.4
0.04246575 25.6 27.8 27.2 26.7 25.6 25 25.6 26.1 26.1 25.6 26.7 26.7 28.3 24.4 26.7 25.6 25 28.3 27.8 24.4 31.1 28.9 27.2 25.6 27.8 27.2 27.2 25.6 27.2 27.8 25 27.8 26.1 23.9 25.6
0.04520548 26.7 25 28.3 24.4 26.7 25.6 27.8 26.7 26.1 25.6 27.2 24.4 28.3 25 27.2 26.7 24.4 26.7 25.6 25.6 28.3 30.6 23.3 26.7 27.8 28.3 27.8 26.1 28.3 27.2 23.3 30 26.7 25 24.4
0.04794521 26.7 27.2 27.2 26.1 26.7 26.7 26.1 26.1 26.7 26.1 27.8 22.8 27.8 27.8 25.6 26.7 24.4 26.7 27.8 26.7 27.8 27.8 25.6 27.2 27.8 30 26.7 25.6 27.2 26.7 23.3 28.9 26.7 26.1 23.9
0.05068493 26.1 27.8 28.9 27.8 27.2 26.7 27.2 26.1 26.1 25 27.2 24.4 27.8 27.2 26.7 27.8 25.6 26.7 27.8 26.7 25.6 30 27.2 27.8 30 30 28.9 23.9 26.7 27.8 24.4 26.7 25 26.1 22.2
0.05342466 26.1 27.2 27.2 25.6 28.3 25.6 25.6 26.7 25.6 23.9 26.7 24.4 28.3 26.7 26.7 27.8 26.1 25.6 27.2 25 28.3 26.7 26.1 27.8 30.6 29.4 29.4 23.9 26.7 29.4 25.6 25 26.1 27.2 20.6
0.05616438 26.7 28.9 27.2 27.2 27.2 25.6 26.7 26.7 26.7 24.4 26.7 25 26.7 26.1 26.7 28.3 25 26.1 28.3 25 27.8 27.2 23.9 27.2 30.6 28.9 27.8 25.6 28.9 28.3 28.3 25.6 28.3 28.9 24.4
0.05890411 26.1 27.2 28.9 25.6 27.8 24.4 25.6 26.7 26.7 23.3 22.8 25.6 28.3 26.1 25.6 28.3 26.7 26.7 28.9 23.9 23.9 30.6 26.7 27.2 31.1 26.7 27.2 25.6 27.8 27.2 24.4 24.4 27.8 27.2 23.9
0.06164384 27.2 25 27.2 26.7 26.7 23.3 27.2 28.3 26.1 24.4 26.1 28.3 26.7 27.2 26.1 26.7 26.7 26.7 27.2 25 25 31.1 26.1 26.7 30.6 27.8 28.9 26.7 27.8 27.2 26.1 25.6 26.7 26.7 24.4
0.06438356 27.2 27.8 27.2 27.2 26.7 27.2 26.7 27.2 24.4 23.9 27.8 27.8 26.1 27.8 26.7 25 26.7 27.2 28.9 25.6 25 31.1 25.6 27.2 28.9 27.8 28.3 26.1 27.8 27.8 27.8 25.6 25.6 27.8 22.2
0.06712329 26.1 27.8 25.6 27.2 27.2 25 25 23.3 24.4 23.3 28.3 26.7 28.3 26.7 26.7 24.4 26.1 27.2 28.9 27.2 24.4 30 22.8 26.1 28.9 28.3 25 25 26.1 26.7 28.9 25.6 25.6 27.2 24.4
0.06986301 26.1 24.4 28.3 27.8 27.2 25 26.1 23.9 26.1 23.3 23.9 27.2 26.7 26.1 27.8 24.4 26.7 27.2 26.7 26.7 26.1 28.9 26.1 25 28.3 28.3 28.3 23.9 21.1 27.8 29.4 27.8 25.6 28.3 25.6
0.07260274 26.7 25.6 26.7 27.2 27.2 27.2 25 25.6 21.7 24.4 27.2 26.7 23.9 21.7 25.6 25 27.2 27.2 27.8 27.2 27.2 27.8 26.7 25.6 28.3 28.3 25 25.6 21.7 28.3 27.2 26.1 27.2 29.4 27.8
0.07534247 22.2 28.9 26.1 27.2 27.8 25.6 23.3 26.1 25.6 25.6 27.8 23.9 23.9 23.9 26.1 26.7 26.7 26.1 29.4 26.7 28.3 31.7 26.7 25.6 27.2 28.9 25.6 26.1 22.8 27.8 26.1 28.9 28.3 29.4 25.6
0.07808219 27.2 25.6 27.2 26.1 30 22.8 25 26.7 25 25.6 27.2 25.6 22.8 23.9 26.7 28.3 27.2 26.1 29.4 26.7 28.3 30 26.7 27.2 26.7 28.3 27.8 28.3 26.1 25 26.7 27.8 28.3 26.7 26.7
0.08082192 27.8 27.2 27.8 27.8 28.3 22.2 24.4 27.2 23.9 26.7 27.8 26.1 25.6 25 22.8 23.9 26.7 27.8 26.7 26.1 26.7 29.4 25.6 23.3 26.7 26.7 27.8 27.8 26.7 25 26.1 26.7 26.7 25.6 26.1
0.08356164 26.7 23.9 27.8 26.7 28.3 23.3 26.7 26.7 24.4 27.2 28.3 27.8 25 26.1 24.4 27.8 21.1 28.3 27.2 26.1 25 29.4 25 25.6 28.9 24.4 27.8 25 26.1 26.1 25.6 28.3 26.1 26.7 26.7
0.08630137 27.2 26.7 27.8 27.8 29.4 23.3 25 26.7 25 28.3 28.3 24.4 25 25.6 27.2 21.7 23.9 26.7 27.2 26.7 25.6 30.6 26.7 24.4 28.9 25 24.4 25 27.2 28.3 26.7 27.8 28.9 25.6 26.7
0.0890411 26.7 29.4 27.8 27.2 28.3 22.8 23.9 27.8 25.6 26.7 27.2 27.8 25.6 26.1 27.2 26.7 23.9 26.1 27.8 28.3 27.2 29.4 26.1 27.8 27.8 25 28.9 25 27.2 27.8 26.7 27.8 26.1 26.7 26.7
0.09178082 28.3 28.9 28.3 27.2 27.2 20 24.4 27.8 26.1 24.4 27.8 26.7 27.2 26.1 27.8 25 25.6 26.7 27.2 26.7 26.7 30 25 26.7 26.1 28.9 27.2 25 27.8 22.2 26.7 26.7 22.8 24.4 26.1
0.09452055 27.8 28.3 27.8 27.8 26.7 21.1 23.3 26.1 26.7 26.7 27.8 27.8 27.2 25.6 26.7 26.7 27.2 27.8 27.8 26.7 27.2 28.3 26.7 27.8 27.2 28.9 28.3 25.6 27.8 21.7 26.1 28.3 23.3 26.7 24.4
0.09726027 28.3 30 28.9 27.8 28.3 23.9 24.4 25.6 26.1 28.9 26.1 27.2 26.7 26.1 26.1 25 27.8 27.2 27.8 22.2 29.4 23.9 25.6 28.9 25 30.6 26.1 23.3 28.3 26.1 30 28.9 23.9 27.2 25.6
0.1 26.1 27.2 27.2 26.7 27.8 25 26.1 26.7 26.7 28.9 24.4 27.2 25 25.6 27.8 25 26.7 27.8 27.8 25 27.2 25 25.6 28.9 25.6 30 26.7 25 28.3 27.8 27.2 29.4 24.4 24.4 25.6
0.1027397 28.9 27.8 26.7 27.8 27.2 23.3 23.3 28.3 23.3 28.9 26.1 27.8 25.6 26.7 27.8 25.6 25.6 28.9 27.8 28.9 28.3 26.7 25.6 26.7 27.2 30 28.3 25 26.1 26.7 25 28.9 24.4 25.6 26.1
0.1054795 27.8 26.7 24.4 28.3 26.7 21.7 22.2 27.2 26.1 28.3 25 29.4 26.1 23.9 26.7 25.6 22.2 27.8 25.6 26.7 31.1 26.7 26.1 27.8 25.6 30 27.2 27.8 27.2 26.7 25 28.3 25 25 26.1
0.1082192 29.4 22.8 25.6 28.3 25.6 23.9 24.4 26.1 24.4 27.2 27.2 28.9 26.1 25 26.7 26.1 26.7 28.9 26.1 23.9 29.4 25.6 25 27.2 27.8 28.9 28.3 26.1 28.3 28.3 25.6 27.8 25 25 28.3
0.1109589 27.8 22.8 26.7 25.6 27.2 23.3 25 26.7 24.4 27.2 23.3 28.3 26.7 25.6 26.1 25 27.2 28.9 28.9 23.9 28.9 27.2 25.6 26.1 29.4 28.9 27.8 27.8 27.8 25 26.1 28.9 25 28.9 28.9
0.1136986 24.4 24.4 27.2 25 26.7 22.8 25 27.8 25.6 28.9 26.1 28.3 26.7 26.1 26.1 21.7 27.2 28.3 28.9 23.9 27.8 27.2 25 26.1 29.4 28.9 27.8 27.2 26.1 25.6 25 29.4 25 27.8 28.9
0.1164384 22.2 26.1 26.7 26.7 27.8 23.3 27.8 27.8 26.1 27.8 26.7 28.9 25 27.8 26.1 23.9 26.7 28.9 29.4 23.9 27.8 29.4 26.7 27.2 30.6 30 29.4 27.2 27.2 27.8 25.6 28.3 25.6 27.8 26.1
0.1191781 25.6 26.1 26.7 23.3 26.7 23.9 27.2 27.2 24.4 28.3 26.7 29.4 27.2 26.1 27.2 26.7 26.7 28.9 29.4 23.3 25 30 28.3 27.8 29.4 25.6 24.4 22.8 27.2 27.8 27.2 25.6 28.3 24.4 31.1
0.1219178 26.7 25.6 28.3 26.7 25.6 24.4 26.7 27.2 26.1 22.8 23.3 29.4 27.8 27.8 29.4 27.8 26.1 28.3 29.4 23.9 26.7 29.4 28.9 26.7 28.9 30 26.7 21.7 26.7 26.7 27.8 27.2 24.4 24.4 26.1
0.1246575 27.2 27.2 27.2 28.3 26.1 25 25.6 27.8 25.6 20.6 23.3 28.3 28.3 29.4 28.9 28.3 25.6 27.8 28.9 25 26.7 31.1 27.8 27.8 25.6 28.9 25.6 25.6 27.8 27.8 28.9 28.9 26.7 25 25.6
0.1273973 25.6 25.6 24.4 27.2 26.7 24.4 22.8 27.8 25.6 23.3 25 30 28.9 28.3 28.9 26.7 26.1 27.2 30 24.4 28.3 29.4 27.8 28.9 28.3 26.7 26.1 25 26.7 27.2 27.8 28.9 27.8 25.6 27.8
0.130137 26.1 24.4 26.1 26.7 27.8 23.3 25.6 27.8 24.4 25 26.1 28.9 26.7 28.3 29.4 26.7 26.7 28.3 28.3 25 25.6 29.4 28.9 26.7 28.9 28.9 25.6 25.6 27.8 28.3 26.7 30 26.7 25.6 28.3
0.1328767 27.2 26.1 27.2 25.6 27.2 25 22.2 27.8 25.6 26.1 26.7 29.4 20.6 28.9 30 27.2 26.7 26.7 26.7 23.3 26.1 30.6 29.4 29.4 27.8 28.3 25 25.6 28.9 28.3 23.3 29.4 28.3 27.8 27.8
0.1356164 24.4 24.4 26.7 27.2 27.2 23.9 23.9 26.1 26.1 26.7 27.8 30 25.6 27.2 28.9 27.8 27.2 26.7 26.1 23.3 27.2 29.4 28.9 27.2 27.2 28.3 27.8 25 27.8 27.8 23.9 27.8 29.4 27.8 28.9
0.1383562 25 25.6 24.4 27.8 27.8 23.9 22.8 25.6 26.7 26.7 26.1 27.8 27.2 26.7 28.3 28.3 27.2 30 27.2 23.3 28.3 29.4 28.3 29.4 28.9 27.2 28.3 24.4 28.3 26.7 24.4 26.7 29.4 26.7 29.4
0.1410959 25 26.7 23.9 29.4 27.8 24.4 24.4 24.4 23.3 26.7 26.1 27.8 28.9 23.9 30 26.7 26.7 28.9 27.2 27.2 29.4 28.3 28.9 28.9 28.9 27.2 27.8 27.8 28.3 27.2 24.4 27.8 28.9 26.7 28.3
0.1438356 25 27.8 25 29.4 25.6 25 26.1 27.2 25.6 25.6 25 26.7 23.9 25 30 26.1 25.6 30 27.2 26.7 26.7 27.8 28.9 27.2 29.4 28.9 28.3 26.7 26.1 27.2 26.1 28.3 29.4 27.2 28.9
0.1465753 23.9 27.2 26.7 28.3 27.2 25 22.8 27.2 26.1 26.7 25 27.2 24.4 24.4 30.6 26.1 25.6 28.9 27.8 26.1 26.7 28.9 27.8 27.8 28.3 27.8 28.3 26.7 28.3 26.7 28.3 28.3 28.3 27.2 26.7
0.1493151 26.1 27.8 25.6 27.8 26.1 24.4 20 27.8 26.7 25 25.6 26.7 26.7 25 30 25.6 27.8 26.1 27.8 26.1 27.8 26.7 26.1 28.9 28.3 27.2 28.3 28.3 27.8 26.1 24.4 28.3 27.8 25.6 26.1
0.1520548 25 26.7 24.4 28.9 26.7 23.9 22.2 26.7 25.6 25.6 26.7 29.4 24.4 21.7 29.4 26.7 27.8 28.9 28.3 25 24.4 27.8 27.8 27.8 27.8 26.7 28.9 26.7 25 25.6 27.2 24.4 28.3 27.2 27.8
0.1547945 26.1 31.7 27.2 28.3 26.7 23.9 21.7 25.6 25 25 25.6 29.4 24.4 25.6 30 26.7 27.8 28.3 27.8 27.8 25.6 26.7 27.2 27.8 28.3 23.9 25.6 25.6 26.1 26.7 21.7 25 25 28.3 28.3
0.1575342 28.3 28.3 24.4 29.4 26.7 23.9 25 22.8 26.7 25.6 26.1 30 26.7 26.7 28.9 27.2 27.2 27.8 27.8 27.2 28.9 26.7 23.9 27.8 29.4 27.2 28.3 27.2 27.8 26.7 20.6 27.8 25.6 28.9 27.8
0.160274 28.3 27.8 23.3 29.4 27.8 24.4 25.6 24.4 27.2 26.7 27.8 30 27.8 26.1 28.3 26.1 27.2 27.8 28.3 27.8 26.1 26.7 26.1 26.1 29.4 25.6 28.9 25 26.1 25 18.3 26.7 27.2 27.8 27.2
0.1630137 27.8 27.2 24.4 23.9 26.7 25 27.2 25 28.3 26.1 26.7 29.4 27.2 24.4 26.7 26.1 25.6 27.2 25.6 27.2 26.1 27.8 27.8 26.1 29.4 25.6 29.4 26.7 28.3 27.8 21.7 27.8 29.4 26.7 27.8
0.1657534 28.3 26.7 25 30.6 27.8 24.4 25 26.7 27.8 27.2 27.2 29.4 28.3 27.2 28.3 25.6 23.3 26.7 27.2 26.7 27.8 28.9 28.9 27.8 27.2 25.6 22.8 28.9 28.3 28.3 25 27.2 28.9 25.6 28.9
0.1684932 23.9 27.2 25 27.2 28.9 25 23.9 27.2 23.9 27.2 27.2 30 25.6 26.7 29.4 25 25.6 26.7 27.2 26.1 27.2 30 27.2 28.3 27.8 25 28.3 24.4 28.3 27.2 24.4 25.6 27.2 26.7 30
0.1712329 23.3 30.6 25.6 26.7 29.4 26.7 25.6 28.3 23.9 27.8 27.2 26.7 26.1 26.1 28.9 25 25 27.8 27.2 26.7 27.8 30 25.6 28.3 27.8 25 28.9 23.9 27.8 25 25 25 28.3 28.9 30.6
0.1739726 24.4 28.9 23.9 27.2 29.4 26.7 26.7 27.8 28.9 27.2 28.3 27.8 28.3 27.8 28.3 23.9 23.9 26.7 27.8 27.2 27.2 30.6 26.1 30 27.2 25 27.8 26.7 28.3 23.9 23.9 24.4 29.4 26.7 31.7
0.1767123 25 27.2 26.1 26.7 29.4 27.2 25 28.3 27.2 27.8 27.8 28.3 26.1 26.1 28.3 26.7 26.7 24.4 28.3 28.9 27.8 30.6 26.1 28.9 29.4 23.9 30.6 26.1 28.9 26.1 26.7 26.1 29.4 26.1 28.9
0.1794521 26.7 26.1 27.2 25.6 27.2 27.2 26.7 26.7 26.7 27.8 27.8 26.7 27.2 27.2 28.3 27.2 27.8 26.7 27.2 27.2 27.8 28.3 26.7 29.4 29.4 24.4 30 25 28.3 26.1 25 25 28.9 26.7 28.9
0.1821918 29.4 26.1 23.9 25.6 27.2 27.2 27.2 28.3 27.2 28.3 29.4 27.8 24.4 27.2 28.3 26.1 27.2 26.7 26.7 26.7 27.2 28.9 25.6 28.3 28.3 23.3 27.8 26.7 28.9 25 24.4 24.4 29.4 25.6 30
0.1849315 27.2 29.4 23.9 27.2 27.8 27.2 25.6 28.3 28.3 27.2 29.4 28.9 26.7 27.8 28.9 25.6 23.9 30.6 30 25 27.2 30 25 28.3 30.6 25.6 26.7 28.9 29.4 25 26.7 24.4 28.9 25.6 30.6
0.1876712 29.4 30 26.1 27.8 27.2 25.6 22.8 23.9 26.1 28.3 27.2 28.3 28.3 27.2 29.4 27.2 23.3 30 31.1 26.1 27.8 30 22.8 30 31.7 25.6 30 27.2 27.8 25.6 29.4 25 29.4 22.8 30
0.190411 27.2 29.4 28.3 27.2 27.2 27.2 24.4 26.7 25.6 28.3 28.3 27.8 27.8 28.3 28.9 26.7 21.1 29.4 28.9 27.2 28.9 30.6 22.2 30 29.4 24.4 27.8 26.7 27.8 26.1 26.7 26.7 26.7 24.4 26.1
0.1931507 25 28.9 23.3 27.2 29.4 26.1 25 28.3 27.8 28.9 27.2 27.2 29.4 30.6 25.6 25 24.4 27.2 29.4 27.2 27.2 31.1 24.4 27.2 32.2 23.9 27.8 28.3 28.3 27.2 27.2 25 26.7 26.1 23.9
0.1958904 25 28.3 27.8 29.4 28.9 26.7 26.7 27.8 25 28.3 26.7 28.3 27.2 30.6 26.1 26.7 26.7 27.2 31.1 27.2 26.7 29.4 29.4 26.1 30 25 26.7 28.3 27.8 27.8 30 26.1 28.3 26.7 26.1
0.1986301 26.7 30.6 25 28.9 29.4 24.4 26.7 24.4 23.9 27.2 28.3 27.8 27.8 27.8 25 27.2 26.7 27.8 31.7 26.7 27.2 28.3 28.3 30 30.6 25 26.7 27.2 24.4 26.7 27.2 25.6 28.3 23.9 24.4
0.2013699 28.9 28.9 28.9 28.3 28.3 25 27.8 25 25 25.6 29.4 28.3 27.8 27.8 25.6 26.7 26.1 27.2 27.8 27.2 26.7 27.8 30.6 24.4 31.1 25 28.9 28.3 21.7 27.8 22.2 26.7 28.9 23.3 25.6
0.2041096 29.4 30 29.4 28.3 28.3 25.6 30.6 27.2 24.4 27.2 30.6 27.8 27.8 27.2 27.2 27.2 26.7 29.4 23.9 27.8 25.6 26.1 29.4 25 30.6 25.6 28.9 27.8 26.7 27.2 25 25.6 28.9 25.6 25
0.2068493 28.9 28.3 30.6 28.9 27.2 25 26.7 26.7 26.1 25 30 27.8 29.4 26.7 26.7 27.8 25.6 27.8 26.7 28.9 26.1 23.9 30 27.2 30 25.6 29.4 28.9 27.2 27.8 25 22.8 27.2 27.2 25.6
0.209589 27.8 30 28.9 26.1 26.7 26.7 27.8 27.2 25 26.1 28.3 27.8 30 26.1 26.7 27.8 28.3 26.7 26.7 28.3 28.3 25.6 27.2 25 30 25.6 26.1 28.3 26.1 28.9 27.8 22.8 26.1 26.7 26.7
0.2123288 26.7 30.6 28.3 29.4 26.1 26.1 27.8 26.7 25 27.8 28.3 26.7 28.9 26.7 28.3 27.2 28.3 27.2 27.2 28.3 29.4 26.7 25.6 26.1 30.6 25.6 22.8 27.8 28.3 28.9 28.3 22.8 26.1 27.8 26.7
0.2150685 26.7 27.8 28.9 27.2 26.7 26.7 28.9 25 23.3 28.3 27.2 26.7 28.3 26.7 27.8 27.2 28.3 26.7 26.7 27.2 28.3 27.2 28.9 28.3 30.6 24.4 24.4 27.8 28.9 29.4 26.7 25.6 26.1 29.4 27.8
0.2178082 28.3 28.9 29.4 27.2 30 27.8 28.3 23.3 25.6 29.4 27.8 23.9 28.3 28.3 28.3 28.3 27.8 26.1 28.3 28.3 28.3 28.3 30.6 29.4 31.7 26.1 24.4 26.7 28.3 29.4 27.8 30 27.8 30 25.6
0.2205479 26.7 27.8 28.3 26.1 27.2 26.1 28.3 24.4 27.2 27.2 28.3 28.9 28.3 27.8 27.8 28.3 27.8 25.6 28.9 26.7 27.2 29.4 28.3 28.3 30.6 22.2 24.4 27.8 28.3 28.3 28.9 28.3 26.7 27.8 24.4
0.2232877 23.9 27.8 28.3 27.2 28.9 25.6 27.2 26.1 23.9 27.2 26.7 28.9 27.8 27.8 25.6 29.4 27.8 26.7 28.9 27.2 25.6 28.3 24.4 27.8 30.6 27.2 25.6 29.4 28.3 28.3 30 27.8 26.7 27.8 22.2
0.2260274 24.4 28.9 26.7 26.1 26.7 22.8 28.3 23.9 26.7 25.6 28.3 29.4 26.7 28.3 26.1 30 27.8 27.2 27.8 26.7 23.9 29.4 25.6 30 30.6 25 30 30.6 29.4 28.9 30 28.3 25.6 29.4 23.3
0.2287671 25.6 28.3 26.7 27.2 26.1 23.9 27.2 24.4 26.7 24.4 27.2 26.1 27.2 28.3 27.8 29.4 27.2 30.6 27.8 26.7 24.4 31.1 26.7 30 30.6 24.4 27.8 28.3 29.4 30.6 27.8 28.9 26.7 30.6 25
0.2315068 27.2 30 26.1 24.4 26.7 23.9 28.3 25.6 26.7 24.4 27.8 26.7 28.3 27.8 27.8 29.4 28.3 29.4 28.9 28.3 28.3 32.2 26.7 30 28.3 27.8 26.1 26.7 28.3 28.9 26.7 27.8 28.3 28.9 26.1
0.2342466 26.7 30 26.1 28.3 26.1 24.4 30.6 25 27.8 25 28.3 28.3 27.2 28.3 27.8 28.9 27.8 29.4 28.3 25.6 27.2 31.1 27.2 28.9 27.8 26.7 25.6 24.4 29.4 29.4 28.3 27.2 27.8 27.8 25.6
0.2369863 26.7 28.9 26.7 27.8 24.4 22.2 28.3 26.7 26.7 26.1 26.7 28.3 22.8 27.2 28.3 24.4 28.3 28.3 31.1 27.2 28.3 28.3 26.1 30.6 28.9 27.8 27.2 23.9 30.6 28.9 27.8 27.2 28.3 28.9 25.6
0.239726 28.3 28.9 21.1 29.4 25.6 23.9 27.8 27.8 27.8 26.7 27.8 27.2 22.2 27.8 28.3 22.8 27.2 26.7 30 27.2 27.8 28.3 26.7 31.1 28.9 28.3 27.8 25 29.4 27.8 26.1 26.7 28.9 28.9 28.3
0.2424658 28.9 29.4 25 28.3 27.2 27.2 26.7 27.8 26.7 26.1 28.3 28.3 27.2 28.3 30 27.2 27.2 27.2 28.3 26.1 30 28.3 23.9 30.6 30.6 28.3 27.2 25.6 27.8 27.2 25.6 26.1 30 27.8 28.3
0.2452055 29.4 28.3 27.2 26.7 28.9 26.7 23.9 27.2 26.7 25.6 27.8 27.2 26.7 27.8 30.6 29.4 24.4 27.8 28.3 27.2 27.8 30 25.6 29.4 30 26.1 27.8 26.1 27.2 26.7 27.2 26.7 30 28.3 28.9
0.2479452 30 26.1 28.9 27.8 29.4 26.1 25 25.6 26.7 22.8 27.8 27.2 27.8 29.4 30 30 27.2 29.4 27.8 27.2 24.4 29.4 27.8 30.6 29.4 26.1 28.3 23.9 26.7 27.8 27.8 26.7 28.3 28.9 26.1
0.2506849 27.8 21.7 27.8 29.4 30 26.7 23.9 26.1 26.7 24.4 27.8 28.9 27.8 29.4 31.1 28.9 27.2 27.8 28.3 28.9 26.7 28.9 26.1 29.4 29.4 23.9 28.3 26.1 26.7 28.3 26.7 27.2 27.2 28.3 28.9
0.2534247 27.8 21.7 28.9 27.2 28.9 26.7 25 25.6 26.7 26.1 27.8 29.4 28.3 28.3 29.4 27.2 27.2 26.7 28.9 27.8 27.8 29.4 26.7 31.7 28.9 23.9 27.8 26.7 22.8 27.8 24.4 27.2 29.4 28.3 28.3
0.2561644 24.4 25.6 29.4 27.8 30 25 26.1 28.9 26.1 26.1 27.2 28.9 23.3 24.4 29.4 27.8 27.8 23.3 28.9 27.2 28.3 30 27.2 30 28.3 24.4 27.8 28.9 26.7 28.9 27.8 27.2 29.4 28.9 28.9
0.2589041 25 27.8 29.4 28.3 28.9 26.1 22.2 26.1 26.7 25.6 27.8 27.8 27.2 24.4 29.4 26.7 27.8 23.3 28.9 27.2 28.9 30.6 27.2 30.6 28.9 24.4 27.2 28.9 27.8 23.3 28.3 26.7 28.3 28.3 27.2
0.2616438 25 27.2 29.4 28.3 27.8 25.6 25.6 27.2 30 24.4 28.3 26.7 28.3 25 30 26.1 27.8 23.3 28.3 27.2 28.9 30.6 27.2 29.4 28.3 25 26.1 28.3 27.2 21.1 28.3 26.7 28.3 28.9 27.2
0.2643836 25 28.3 28.3 30 27.2 26.1 25.6 26.1 28.9 25.6 28.9 29.4 27.8 25.6 29.4 28.9 27.2 25.6 27.2 27.8 30 28.9 26.1 28.3 29.4 25 25.6 29.4 27.8 20 28.3 27.8 28.3 27.8 27.8
0.2671233 26.1 29.4 27.2 29.4 27.8 25.6 27.2 23.3 27.2 25.6 29.4 29.4 27.8 26.1 29.4 27.8 27.2 26.7 29.4 27.8 30.6 28.9 27.8 26.7 28.3 22.8 26.1 28.3 28.9 21.7 27.8 26.7 28.9 29.4 28.3
0.269863 25.6 28.9 28.3 30 27.2 26.7 27.8 23.9 24.4 27.2 30 28.9 26.1 26.1 30.6 27.8 27.2 27.2 28.3 28.3 30.6 30 25 27.2 28.3 26.1 23.9 29.4 27.2 23.9 26.7 30 29.4 29.4 27.8
0.2726027 27.8 30.6 28.9 30 27.8 28.3 27.8 25 25.6 25.6 29.4 28.3 27.2 27.2 29.4 28.3 26.7 27.2 30 28.9 29.4 30 25.6 29.4 29.4 27.2 21.7 30.6 27.8 25.6 28.9 30.6 25.6 28.3 26.7
0.2753425 27.2 28.9 27.8 28.9 28.3 28.3 28.3 24.4 27.2 25.6 27.8 26.7 27.2 28.3 29.4 28.3 27.2 27.2 28.3 26.7 28.3 30 26.1 30.6 29.4 27.8 26.7 29.4 26.7 26.1 28.9 28.9 26.1 28.9 26.1
0.2780822 28.3 30 27.8 27.2 28.3 27.8 29.4 26.7 27.8 27.2 27.2 28.3 28.3 27.8 28.3 28.9 30 27.2 29.4 28.3 23.9 28.3 25.6 31.1 30.6 28.3 26.7 29.4 27.8 26.1 28.3 28.9 27.2 27.8 24.4
0.2808219 26.7 27.8 27.8 27.2 28.3 28.9 27.2 25.6 28.3 28.3 28.3 28.9 29.4 28.9 28.3 29.4 28.3 28.3 29.4 25.6 25.6 28.3 25.6 31.1 28.9 29.4 27.8 27.8 28.3 26.1 28.3 27.8 29.4 28.9 24.4
0.2835616 26.7 30 28.9 27.8 27.8 28.3 26.7 26.7 28.3 28.9 29.4 29.4 28.9 28.3 29.4 28.9 27.2 28.3 29.4 26.1 26.7 30.6 26.1 29.4 24.4 28.3 28.9 28.3 28.9 23.9 29.4 27.8 28.9 30 26.7
0.2863014 28.3 30 27.8 25.6 29.4 26.7 26.7 26.7 28.9 28.9 28.9 29.4 27.2 27.8 29.4 28.9 30 27.8 31.1 27.8 26.1 28.9 27.8 28.3 27.8 27.2 28.9 25.6 28.9 23.9 28.3 27.2 29.4 30 26.7
0.2890411 28.9 30.6 26.1 27.8 30 25.6 25.6 25 27.2 27.8 29.4 28.9 29.4 27.2 28.9 28.3 30.6 28.3 31.1 27.2 28.3 29.4 28.3 27.8 27.2 25 29.4 26.1 28.3 24.4 28.9 27.8 30.6 29.4 26.7
0.2917808 28.3 30 27.8 28.9 29.4 27.2 26.1 25 29.4 28.9 29.4 28.9 29.4 27.8 29.4 27.8 30 27.8 28.3 27.2 28.9 32.8 29.4 27.2 27.8 25.6 28.3 27.8 30 26.1 28.9 28.3 29.4 30 27.2
0.2945205 27.2 29.4 28.9 30 28.9 23.9 26.1 26.1 30 27.8 28.9 28.3 29.4 29.4 28.9 28.3 29.4 28.3 29.4 26.7 28.3 30.6 29.4 27.8 28.9 27.8 29.4 28.3 28.9 26.1 28.9 28.3 29.4 30.6 27.2
0.2972603 27.8 29.4 27.8 28.9 28.9 26.7 25.6 28.3 29.4 27.8 28.9 25.6 28.9 28.9 27.8 26.7 28.3 30 31.7 27.2 28.3 30 27.8 28.3 31.1 27.8 27.8 26.7 29.4 26.7 27.8 27.8 30 23.9 26.1
0.3 27.8 30 29.4 29.4 27.2 29.4 24.4 27.2 28.9 27.8 31.1 23.9 28.9 28.9 29.4 27.2 26.7 27.2 30 27.8 27.8 30.6 28.3 27.2 31.7 26.1 29.4 29.4 29.4 25.6 27.8 27.2 30.6 25.6 26.1
0.3027397 27.2 29.4 28.9 26.7 29.4 28.3 24.4 27.2 29.4 28.3 29.4 28.3 28.9 29.4 29.4 27.2 27.8 26.7 31.1 27.8 28.3 31.1 26.7 27.2 30 27.2 28.3 26.7 28.3 27.2 27.8 27.8 29.4 27.8 26.7
0.3054795 27.8 28.9 29.4 27.2 27.8 30 25 28.9 28.3 26.7 27.8 28.9 27.8 28.3 28.9 27.2 27.2 26.7 28.3 26.7 27.8 30.6 24.4 27.8 30 27.8 28.9 25.6 30 27.8 28.3 28.9 29.4 27.2 26.7
0.3082192 27.2 29.4 31.7 27.2 27.2 29.4 25.6 30.6 30 28.9 24.4 27.2 27.2 28.9 29.4 27.2 26.7 27.8 27.8 27.8 28.9 30.6 26.7 28.9 30 27.2 28.3 27.2 28.3 26.7 29.4 28.3 27.2 29.4 27.8
0.3109589 27.2 28.9 28.3 28.3 26.7 28.9 26.1 29.4 28.3 30 27.8 27.8 28.9 28.3 28.9 26.7 27.2 27.8 28.3 26.7 27.8 30.6 26.7 28.3 32.2 28.3 28.9 28.9 27.8 28.9 31.1 28.3 30.6 28.3 28.3
0.3136986 27.8 27.8 27.8 28.3 26.1 28.9 26.1 28.9 28.3 29.4 27.8 29.4 28.9 27.2 29.4 27.8 27.8 26.7 29.4 27.2 29.4 30.6 25.6 28.3 28.9 28.9 28.3 28.3 27.8 27.2 30.6 27.8 30.6 30.6 29.4
0.3164384 27.2 27.8 30 27.2 27.2 28.9 26.7 30.6 26.7 27.8 28.9 30.6 28.9 27.2 28.9 29.4 27.8 27.8 28.9 26.7 29.4 30.6 26.7 26.1 29.4 27.8 28.9 23.3 27.8 26.1 31.1 30.6 29.4 29.4 29.4
0.3191781 29.4 27.8 29.4 26.7 28.3 27.8 27.8 27.8 28.3 29.4 27.8 29.4 28.9 26.7 27.2 30 28.3 29.4 28.9 27.2 28.9 30.6 28.3 26.1 31.1 27.8 28.3 22.8 26.7 26.1 29.4 28.9 27.8 28.9 27.8
0.3219178 27.8 28.9 29.4 26.7 26.7 26.1 29.4 26.7 27.8 28.3 28.9 28.9 28.3 28.3 28.3 29.4 27.8 28.9 30 26.7 30 28.9 27.2 25.6 31.1 27.8 28.3 23.9 26.7 25.6 29.4 28.3 27.8 28.9 28.9
0.3246575 28.3 28.9 29.4 28.9 28.3 28.3 28.9 26.1 28.9 29.4 28.9 30 28.3 28.3 31.1 29.4 25.6 26.7 30.6 27.2 28.3 26.7 27.2 25.6 29.4 27.2 27.2 25.6 28.3 25 31.7 28.3 29.4 28.9 28.9
0.3273973 28.9 28.3 28.9 29.4 28.3 28.3 28.3 27.2 27.8 28.3 28.3 27.2 28.9 28.3 30 28.9 25 27.2 30 27.8 26.7 25 26.7 27.8 30.6 26.7 25 27.2 28.9 25.6 30.6 28.3 27.8 28.9 28.9
0.330137 28.3 29.4 29.4 30 26.7 28.9 28.9 27.8 28.3 28.9 30 28.3 28.3 27.8 29.4 29.4 27.8 27.2 30 26.7 27.2 25.6 27.8 28.3 30.6 23.9 26.7 26.7 29.4 25.6 29.4 28.9 29.4 27.8 28.9
0.3328767 29.4 32.8 28.9 29.4 27.2 28.3 28.3 30 29.4 28.9 32.2 29.4 28.9 27.2 30 28.9 27.2 28.3 33.3 28.3 28.3 26.7 29.4 28.3 29.4 26.7 26.7 27.2 31.1 25 30 27.8 28.9 28.3 28.3
0.3356164 30.6 29.4 29.4 27.8 27.8 24.4 29.4 30 28.3 28.9 31.1 28.3 29.4 28.3 29.4 28.9 29.4 27.8 31.7 28.9 29.4 26.1 30 27.2 31.1 28.3 26.1 27.2 30.6 25.6 26.7 27.8 28.9 28.9 28.9
0.3383562 29.4 29.4 27.2 28.9 26.7 25 27.8 30 28.9 30 30.6 28.9 28.3 28.9 30.6 27.2 28.3 29.4 31.1 28.9 27.2 28.3 29.4 26.7 31.7 28.3 28.3 26.7 30.6 26.1 27.2 27.2 28.3 28.9 28.9
0.3410959 28.3 28.3 27.2 28.3 26.7 27.2 27.8 30.6 27.8 30.6 28.9 29.4 28.9 26.7 31.1 27.2 28.9 28.3 28.9 28.9 30.6 28.3 27.8 27.8 32.2 29.4 28.9 23.3 30 26.7 26.7 27.8 23.9 28.3 29.4
0.3438356 28.3 27.8 27.8 27.8 28.3 28.3 27.8 29.4 27.8 30.6 31.7 29.4 28.9 26.7 30 27.2 30 27.8 27.8 30 30.6 30.6 31.1 27.2 30 28.9 28.3 24.4 30.6 28.3 27.8 27.2 25.6 28.9 30.6
0.3465753 29.4 26.7 29.4 24.4 27.8 27.2 28.3 30.6 28.9 29.4 30.6 28.9 30 28.3 30 27.2 30 29.4 30.6 30 28.9 29.4 30.6 28.3 30.6 26.1 28.9 21.7 30 28.9 26.7 27.8 26.7 28.9 30
0.3493151 28.9 28.9 30.6 26.7 28.3 29.4 28.3 28.9 28.9 28.3 30 29.4 30 28.9 30 26.7 28.3 28.9 29.4 30 28.9 31.7 30.6 28.9 32.2 26.1 30.6 23.9 29.4 28.3 28.3 28.3 26.7 28.3 30
0.3520548 28.9 28.9 30.6 27.2 28.3 28.3 28.3 29.4 28.9 28.3 30 29.4 30.6 28.3 30 26.7 28.9 31.7 30.6 30 30 32.8 28.9 30.6 32.8 27.2 32.2 23.3 27.8 27.8 28.9 29.4 27.2 27.8 28.9
0.3547945 24.4 28.3 31.1 27.2 27.2 30 31.1 30 26.1 28.3 29.4 29.4 30.6 27.2 27.8 26.7 29.4 29.4 29.4 31.7 30 31.7 28.9 30 31.7 27.8 30 23.9 26.7 28.9 28.9 31.1 27.8 30 28.9
0.3575342 27.8 28.9 30.6 28.9 27.8 28.9 32.2 29.4 27.8 27.8 28.3 30 30.6 26.7 28.3 28.3 27.8 29.4 28.9 31.7 30 30 29.4 30 28.9 26.7 28.3 24.4 25.6 29.4 30 30 31.1 30.6 30
0.360274 27.2 28.9 30 27.8 26.1 28.9 30 30.6 26.7 30 30.6 30.6 31.7 26.7 29.4 26.7 28.3 28.9 28.9 30.6 28.9 29.4 30 30 30 26.7 30.6 26.1 27.2 29.4 28.3 28.9 30.6 29.4 31.1
0.3630137 28.9 28.9 28.9 27.8 26.7 28.3 28.3 27.8 28.3 30 31.1 29.4 30 27.2 28.3 27.2 28.3 27.8 28.3 29.4 29.4 30 28.9 29.4 31.7 26.7 30.6 24.4 28.9 28.9 27.2 28.9 30 28.3 28.3
0.3657534 28.9 30 28.9 27.8 28.9 28.9 30 31.1 28.9 29.4 31.7 29.4 31.1 26.7 28.9 27.8 29.4 27.2 30 28.9 31.1 30.6 30 30.6 30 26.7 31.7 25.6 28.3 30 28.9 29.4 30 28.9 28.9
0.3684932 28.9 30.6 28.9 27.8 28.9 28.3 29.4 32.2 27.2 28.3 30.6 32.2 30 27.2 28.9 27.2 29.4 30 28.3 28.3 31.1 31.1 30 31.1 30 26.7 31.1 26.7 29.4 29.4 27.8 27.8 30 27.2 29.4
0.3712329 29.4 27.8 28.3 27.8 28.3 30 30.6 31.1 27.2 27.8 30.6 31.1 30 26.7 29.4 28.3 28.3 30.6 28.9 28.9 32.2 31.1 31.7 29.4 30 26.7 30.6 28.3 30 28.9 28.3 29.4 30 27.2 27.8
0.3739726 29.4 29.4 29.4 27.8 27.8 30 30 29.4 28.3 28.3 30 31.1 30 27.2 28.9 29.4 29.4 28.3 30.6 28.9 31.7 30.6 30.6 30.6 30 26.1 29.4 28.9 28.9 28.9 28.9 29.4 26.7 27.8 29.4
0.3767123 29.4 28.9 28.9 28.9 28.3 30 28.3 25.6 27.8 29.4 30 30.6 31.1 27.2 29.4 27.8 28.3 31.1 30 30 30.6 30 29.4 28.9 31.7 25.6 30.6 27.8 31.1 28.9 28.3 30 28.9 29.4 28.9
0.3794521 28.3 27.8 31.1 27.8 28.3 30 28.9 26.7 27.2 28.9 29.4 30 31.1 27.2 28.9 28.3 27.8 30.6 31.7 31.1 29.4 31.1 29.4 29.4 30 20.6 30 27.2 29.4 28.3 27.8 31.1 28.9 28.9 29.4
0.3821918 28.3 28.3 30 27.8 25.6 28.9 28.3 30.6 29.4 29.4 30 30.6 30 27.2 28.9 27.2 27.8 28.3 32.8 28.3 29.4 31.1 28.9 28.3 30 26.1 31.1 27.8 28.3 29.4 27.8 29.4 30 27.8 28.3
0.3849315 29.4 27.8 29.4 30 27.8 30 29.4 29.4 32.2 30.6 30 30 30 26.7 28.9 28.9 27.8 27.8 31.7 28.3 30.6 31.1 28.9 22.8 30 24.4 29.4 26.7 29.4 29.4 28.3 30 31.1 27.2 28.9
0.3876712 28.9 29.4 28.9 30.6 27.8 30 30.6 28.9 32.2 31.1 31.1 29.4 30 28.3 29.4 29.4 28.3 27.8 30.6 29.4 31.7 30 30 26.7 30.6 26.7 28.3 27.2 29.4 28.3 27.8 29.4 30 28.3 29.4
0.390411 30.6 30.6 29.4 29.4 25 30 30.6 28.3 30.6 30 30.6 29.4 28.9 27.8 28.9 28.9 28.9 27.2 27.8 29.4 31.1 32.2 30 27.8 28.9 26.1 30 26.7 28.9 28.9 29.4 30 31.1 30.6 30
0.3931507 27.2 29.4 28.3 28.3 26.7 28.9 30.6 27.8 32.2 30.6 28.9 29.4 27.2 27.8 30.6 27.8 28.9 28.3 32.2 29.4 30.6 31.7 28.9 27.2 26.7 29.4 28.9 26.7 29.4 28.9 29.4 30 28.3 29.4 30
0.3958904 29.4 26.1 28.9 28.3 25 28.3 30.6 28.3 31.1 28.3 30 29.4 27.8 28.3 30.6 27.2 29.4 27.8 31.7 29.4 31.1 30.6 28.9 27.2 32.2 27.8 28.3 26.7 28.3 28.3 28.3 28.9 31.7 30.6 29.4
0.3986301 29.4 29.4 29.4 28.9 25.6 29.4 31.1 29.4 30.6 30 30 28.9 27.8 28.3 30 27.8 30 27.8 31.7 31.1 32.8 31.1 27.8 27.2 32.2 28.9 27.8 26.7 29.4 30 28.3 29.4 32.2 30.6 29.4
0.4013699 30 28.3 29.4 29.4 27.8 29.4 30.6 29.4 30 30.6 30.6 29.4 28.3 27.8 30.6 28.3 28.9 29.4 32.2 30.6 32.8 29.4 27.2 26.7 31.1 27.2 27.8 26.1 29.4 31.7 28.3 28.3 31.1 30 29.4
0.4041096 29.4 27.2 30 28.3 26.7 28.9 30.6 30 31.7 31.7 29.4 28.3 29.4 28.9 30 27.8 28.3 28.3 31.7 30.6 32.2 31.1 28.9 28.3 30 26.7 27.2 29.4 28.9 30 31.1 28.9 31.1 30 29.4
0.4068493 28.9 30 30 27.2 27.8 28.9 31.7 31.1 32.2 32.8 31.7 30 28.9 27.8 29.4 29.4 28.9 28.9 31.7 30.6 32.2 31.7 28.9 28.3 30 29.4 27.8 31.1 30 29.4 28.9 29.4 33.3 28.9 28.3
0.409589 30 30 30.6 30.6 26.1 30 30.6 30.6 32.8 32.2 30.6 31.1 29.4 28.3 28.3 27.8 30 28.3 31.7 29.4 32.8 31.7 26.1 30.6 31.1 27.2 26.7 28.9 29.4 29.4 29.4 29.4 32.2 28.9 28.3
0.4123288 30.6 30 30.6 31.1 30 28.3 30.6 29.4 31.7 32.8 30.6 30 28.9 28.3 27.8 28.3 30 28.3 28.9 30.6 31.7 31.1 27.8 30 30.6 27.8 27.2 28.3 28.9 28.9 29.4 28.9 31.1 28.9 29.4
0.4150685 31.1 29.4 30 30.6 27.8 26.7 30.6 28.9 31.1 33.3 28.9 30 30 30.6 28.9 28.3 30.6 29.4 29.4 31.7 32.2 32.2 29.4 32.2 31.1 27.8 27.2 27.8 28.9 30 29.4 29.4 31.7 30.6 30
0.4178082 28.3 28.9 30 30.6 27.8 27.8 28.9 30.6 31.1 32.2 30 30 28.9 28.3 30.6 27.8 28.3 28.3 29.4 30.6 32.2 31.1 29.4 29.4 31.7 27.8 26.7 28.3 30 30.6 28.3 28.9 32.8 30 30
0.4205479 31.1 28.9 31.1 31.1 28.9 27.8 30 30 32.8 30 30 30.6 27.2 27.8 28.3 28.3 29.4 28.3 29.4 28.9 30.6 31.7 28.9 30 31.1 27.2 27.8 28.3 29.4 30 28.9 30.6 32.2 29.4 28.9
0.4232877 30.6 28.9 30.6 30 27.2 29.4 30.6 31.1 31.7 31.1 30 29.4 26.7 28.3 29.4 27.2 28.9 27.2 30 30 28.3 30.6 30 30.6 31.1 27.8 29.4 28.9 30 28.9 30 29.4 31.7 29.4 29.4
0.4260274 30 27.8 30.6 30 27.2 28.3 29.4 30 33.3 30.6 30.6 28.9 28.3 28.3 30.6 27.8 28.3 27.8 30 30 30.6 31.1 30 31.1 30 27.8 28.9 29.4 31.1 29.4 29.4 29.4 30.6 29.4 29.4
0.4287671 28.3 29.4 29.4 29.4 31.7 29.4 29.4 30 32.8 32.2 32.2 29.4 27.8 28.3 31.7 27.8 31.1 27.8 31.1 29.4 31.7 31.1 29.4 30 31.1 27.8 28.9 29.4 29.4 28.9 30 29.4 30.6 30 27.8
0.4315068 28.9 29.4 29.4 29.4 31.1 30 28.9 30.6 31.7 31.7 31.7 30 28.3 29.4 30 27.8 30.6 27.8 32.2 30 31.1 31.1 28.9 29.4 30.6 27.8 30 29.4 29.4 29.4 31.1 29.4 31.1 30.6 29.4
0.4342466 29.4 28.9 28.9 28.3 30 30.6 32.2 28.9 32.2 30.6 30.6 29.4 30.6 28.9 30 27.2 29.4 31.1 31.7 31.1 31.7 31.7 30 28.9 31.1 28.3 30 28.9 29.4 28.9 30 28.9 30.6 29.4 29.4
0.4369863 30 30 30 30 30.6 30 31.1 29.4 31.1 30 30.6 30 31.1 28.9 29.4 27.8 29.4 29.4 31.7 29.4 30 32.8 30.6 29.4 31.7 27.8 30.6 28.3 30 29.4 29.4 30 28.9 30.6 29.4
0.439726 30.6 28.9 31.1 28.9 27.2 30 31.7 29.4 30.6 29.4 30.6 30 31.1 29.4 29.4 28.3 29.4 30 31.7 30.6 31.1 31.7 30 29.4 30 28.3 31.7 28.9 30.6 28.9 29.4 30 30 30.6 30
0.4424658 30 31.1 31.1 30 29.4 29.4 31.1 28.9 32.2 27.8 31.7 30.6 30.6 29.4 29.4 28.3 30 28.9 28.9 30.6 30 31.1 33.3 30 31.7 27.8 31.1 28.3 30.6 28.9 30.6 30.6 30 30.6 30.6
0.4452055 30 28.3 30.6 27.8 29.4 29.4 31.1 31.1 31.1 30 31.7 30.6 30.6 28.9 29.4 27.8 30.6 28.9 31.1 30 30.6 32.2 31.1 29.4 31.1 28.3 31.1 30 30 27.2 29.4 30 29.4 29.4 30
0.4479452 29.4 28.3 31.1 28.9 31.1 29.4 30.6 31.7 32.2 30 30.6 29.4 30.6 26.7 28.3 28.3 31.1 28.9 31.1 31.7 30 32.2 33.3 29.4 30 28.3 29.4 29.4 30 28.9 29.4 29.4 31.1 30.6 30
0.4506849 30 30.6 30.6 28.3 30 31.7 30.6 31.1 30.6 31.1 32.2 28.9 30 29.4 29.4 27.2 29.4 29.4 31.1 30 28.3 32.8 32.8 30.6 30 30.6 29.4 28.3 29.4 28.9 29.4 30 30.6 32.2 28.9
0.4534247 29.4 29.4 28.9 31.1 30 29.4 31.1 31.7 30.6 31.1 31.7 27.8 30 29.4 31.7 27.8 29.4 28.9 31.1 31.7 31.1 31.1 31.7 28.9 29.4 30 28.9 26.7 30 28.9 28.9 30 30.6 32.2 29.4
0.4561644 28.9 30 29.4 31.1 28.9 30 30.6 31.7 30 30.6 30 30 30.6 28.9 31.7 28.3 28.9 28.9 30.6 32.2 31.1 32.8 32.8 30 31.1 30 29.4 28.3 30 29.4 27.2 28.3 30.6 30.6 30
0.4589041 30.6 28.3 29.4 30 29.4 30.6 30.6 31.7 30 31.7 30.6 31.7 31.1 29.4 31.1 27.2 29.4 29.4 30.6 31.7 29.4 30.6 32.8 30 31.7 30.6 28.9 28.9 30 28.3 28.9 28.9 30 31.7 29.4
0.4616438 30.6 27.2 28.3 29.4 30 29.4 30.6 31.7 30.6 33.3 30.6 30 30.6 27.8 31.1 27.8 27.8 29.4 30.6 31.7 31.1 32.2 31.1 30 31.1 30.6 28.3 29.4 30.6 30 27.8 29.4 30 30 28.9
0.4643836 29.4 30.6 28.9 29.4 31.1 30 31.1 30.6 29.4 31.1 30 30.6 31.1 28.3 31.1 28.3 28.3 28.9 30 30.6 30.6 31.7 31.7 30.6 32.2 30 28.9 28.9 29.4 30.6 28.9 29.4 30 30 30
0.4671233 30.6 30 30.6 28.9 31.7 29.4 31.1 31.1 31.7 32.8 30.6 30 29.4 27.8 29.4 28.3 28.9 29.4 29.4 30 32.2 31.7 30.6 29.4 31.7 30.6 28.9 27.8 29.4 28.9 28.3 30.6 31.1 30.6 29.4
0.469863 30.6 30 31.7 28.3 28.3 28.3 28.9 30.6 32.2 31.7 30 29.4 30 29.4 30 28.3 29.4 29.4 31.7 30 30.6 31.1 29.4 29.4 30.6 29.4 30.6 28.3 30.6 30.6 30 30 30 31.1 28.9
0.4726027 28.3 29.4 30 29.4 28.3 27.8 29.4 32.2 32.2 31.7 30.6 30.6 30 29.4 29.4 31.7 29.4 28.9 30.6 31.1 32.8 31.7 29.4 28.9 30.6 28.9 29.4 27.8 30.6 31.7 28.9 30.6 29.4 31.1 29.4
0.4753425 28.3 30 28.9 28.3 27.2 28.3 30.6 31.1 31.7 32.2 30.6 31.1 31.1 29.4 30 29.4 29.4 28.3 29.4 30 32.2 30 30.6 30.6 30.6 28.9 30 30.6 30 30.6 28.3 29.4 28.9 31.1 30
0.4780822 28.3 28.3 31.7 27.8 27.2 28.3 30 30 30.6 32.8 31.7 31.1 31.1 28.9 29.4 28.3 29.4 30 30 29.4 31.7 30 30 29.4 30.6 29.4 28.3 30 30 30 28.9 30 30 30.6 29.4
0.4808219 30 29.4 31.1 31.1 30 29.4 30 30 30 31.1 30.6 30.6 30.6 28.9 29.4 27.2 28.9 28.9 31.1 30 31.7 30.6 30 30.6 32.2 29.4 27.8 32.2 30 28.9 29.4 28.9 30 29.4 33.3
0.4835616 30 30 30.6 31.7 28.3 30 30 29.4 31.1 31.7 30 31.1 28.9 28.9 30 27.2 29.4 28.3 31.7 29.4 31.1 32.2 30 28.3 31.1 28.3 27.8 31.7 30 31.1 29.4 30 30 30 31.1
0.4863014 30.6 29.4 29.4 29.4 30 30 30.6 30 31.1 32.8 31.7 30 28.9 30 30 28.9 28.3 30 30 29.4 32.2 33.9 30.6 29.4 30.6 29.4 28.9 28.9 30 30 30.6 28.9 29.4 30 30
0.4890411 28.9 28.9 31.1 30 29.4 29.4 30 30.6 31.1 33.3 31.1 29.4 29.4 31.1 30.6 27.2 27.8 31.1 32.2 29.4 32.8 32.8 30.6 30 31.1 31.7 28.9 28.3 30.6 30 30.6 30 30 30.6 29.4
0.4917808 28.9 29.4 31.7 28.9 28.3 28.9 27.8 28.9 29.4 31.7 31.1 30 30.6 29.4 30.6 28.3 28.9 30 32.2 30 33.9 32.2 30 30 31.7 29.4 29.4 29.4 31.1 30 28.9 30.6 30 31.1 30.6
0.4945205 28.9 27.8 30.6 30 27.2 29.4 29.4 29.4 31.1 31.7 28.9 31.1 30.6 28.9 30.6 27.8 28.9 28.3 31.7 31.1 31.7 30.6 32.2 30 31.7 28.9 30.6 29.4 31.1 29.4 29.4 28.9 30.6 30.6 30
0.4972603 29.4 32.2 30.6 28.3 28.9 30 29.4 30 31.1 31.1 30 31.7 31.1 28.9 30 28.3 29.4 31.1 32.2 31.1 32.8 30 31.7 29.4 31.7 28.9 30.6 29.4 31.7 30 30 29.4 30.6 30.6 30.6
0.5 30 30 29.4 30 27.8 29.4 30 30.6 32.2 31.1 29.4 32.2 31.1 29.4 31.1 29.4 29.4 30.6 31.1 30 31.7 30 30 28.9 30 29.4 29.4 28.3 31.7 30.6 29.4 29.4 30.6 29.4 31.1
0.5027397 27.2 30.6 29.4 30 29.4 28.9 30 30 30.6 30.6 30.6 32.8 31.1 29.4 31.1 28.9 29.4 31.1 30 30 30.6 30 30 29.4 30 28.9 30 28.9 30.6 30 29.4 30.6 30.6 30 31.1
0.5054795 28.9 30 28.3 30 29.4 28.9 30.6 28.9 30.6 31.1 30 31.1 31.1 29.4 30 28.3 29.4 29.4 31.7 30 31.7 30.6 28.9 29.4 31.7 29.4 31.1 28.9 31.1 30 28.9 31.1 30 30 29.4
0.5082192 27.2 30 29.4 31.7 29.4 28.9 30.6 29.4 33.9 31.1 30.6 30.6 30.6 29.4 30 28.3 29.4 28.9 31.7 30.6 30 33.3 29.4 29.4 32.2 28.9 30 29.4 30.6 30.6 28.9 31.1 30.6 30 30
0.5109589 30 30.6 28.9 30.6 31.1 30 30 30 30 31.1 30 30.6 30 30 28.9 28.9 31.1 30 30 30 28.3 33.3 31.7 29.4 32.8 29.4 31.1 30.6 29.4 29.4 28.9 30.6 30 30 30.6
0.5136986 31.7 30 30.6 30 30.6 28.9 30 27.8 30.6 32.8 30.6 30 30.6 29.4 31.1 28.9 29.4 29.4 32.2 27.8 32.8 30.6 31.1 27.8 30.6 29.4 31.1 29.4 31.1 30.6 28.9 28.3 30 30 29.4
0.5164384 31.1 30.6 29.4 30 30 30 30.6 30.6 32.8 31.7 31.1 30 29.4 29.4 31.7 28.3 30 29.4 31.1 28.9 34.4 32.8 31.1 29.4 30.6 28.9 28.9 30 29.4 30 28.3 29.4 31.1 30 30
0.5191781 30 31.7 29.4 30 30 30.6 29.4 29.4 32.2 30.6 31.1 30.6 30 28.3 29.4 28.9 30 29.4 31.1 29.4 32.2 32.2 29.4 29.4 32.8 31.7 30 29.4 29.4 31.1 31.1 31.1 29.4 31.1 30
0.5219178 30.6 29.4 29.4 28.3 28.3 30 30.6 29.4 31.1 33.3 31.1 31.1 31.1 28.3 30 28.3 30 30 30.6 30 29.4 33.3 30 29.4 33.3 30.6 30.6 31.7 30.6 30.6 30.6 29.4 30.6 31.1 30.6
0.5246575 29.4 30 30 30.6 27.2 30.6 30 30 31.7 31.7 31.1 31.1 30.6 29.4 30 28.3 30 29.4 28.9 29.4 30.6 31.7 31.1 30 31.7 31.7 30 30.6 30 31.1 29.4 28.3 30.6 29.4 30.6
0.5273973 30.6 30 30.6 31.1 30 32.8 29.4 28.9 31.1 30.6 30.6 30.6 30 30 31.1 28.9 30.6 28.9 30.6 30.6 31.7 30.6 31.1 29.4 32.8 28.9 30.6 28.9 30 29.4 29.4 30.6 30.6 31.7 30.6
0.530137 30.6 29.4 31.1 28.9 29.4 31.1 30.6 30 31.1 31.7 31.7 30 28.9 29.4 31.1 28.3 30.6 28.3 31.1 32.2 31.1 31.7 32.2 29.4 32.8 32.2 28.9 28.9 31.1 28.9 30.6 31.7 30.6 32.8 30.6
0.5328767 29.4 29.4 31.7 29.4 30 29.4 29.4 30.6 31.1 29.4 32.8 31.1 29.4 28.3 29.4 27.8 28.9 30 31.1 31.1 32.2 30 30.6 28.3 30 30 31.7 30.6 30 30.6 30.6 30.6 31.1 31.7 30
0.5356164 30 30 31.1 29.4 27.2 29.4 29.4 30 31.7 31.1 31.1 29.4 31.1 28.9 28.9 28.9 31.1 28.9 31.1 32.2 31.1 30 30 30 31.1 30 30.6 30.6 30 32.2 31.1 30.6 29.4 31.7 29.4
0.5383562 30.6 30 28.9 29.4 28.9 29.4 30 31.7 33.9 31.7 31.7 31.1 31.7 29.4 27.2 29.4 31.1 29.4 31.1 31.7 31.1 29.4 31.7 31.1 32.2 29.4 29.4 31.1 30 30.6 29.4 30 30.6 32.8 31.1
0.5410959 30.6 29.4 31.1 29.4 30 28.3 29.4 30.6 33.3 30.6 30.6 30 30.6 28.9 28.3 27.8 31.1 28.9 31.1 31.1 31.7 30 33.3 31.1 31.7 30.6 30.6 31.1 30.6 30.6 30 30 31.1 30.6 31.1
0.5438356 31.1 29.4 29.4 30.6 29.4 29.4 29.4 29.4 31.7 32.8 31.7 31.1 31.1 28.9 28.9 27.8 30.6 28.3 30 31.1 31.1 30 32.2 30 31.1 31.1 28.9 31.1 30 30 30.6 30 30.6 31.1 30
0.5465753 31.1 30 30 29.4 30 30.6 31.1 28.3 31.7 30.6 32.2 30 30.6 28.9 29.4 30 29.4 30 30.6 31.7 30 33.3 30.6 29.4 30.6 30 28.9 30 29.4 28.3 29.4 31.1 30.6 28.9 30.6
0.5493151 30 30.6 30 30 29.4 28.3 31.1 32.8 31.7 30.6 31.1 31.1 28.9 29.4 28.9 30 31.1 29.4 29.4 31.7 30 31.1 30 28.9 31.7 29.4 31.7 29.4 30 27.2 28.9 32.8 28.9 31.7 30.6
0.5520548 30.6 30 30 31.1 29.4 30 30 31.1 31.7 31.1 31.7 31.1 30 30 30 29.4 30 29.4 30 30.6 30.6 32.8 30.6 32.2 34.4 30.6 31.7 31.1 31.7 31.7 30.6 30.6 31.7 30.6 27.2
0.5547945 29.4 30 27.2 31.7 27.2 31.7 30.6 31.1 31.1 31.1 30.6 30.6 31.7 29.4 31.7 29.4 30 28.9 30.6 30.6 32.8 31.1 30.6 30.6 33.3 29.4 31.7 32.2 30.6 27.8 31.1 30 30.6 33.9 27.8
0.5575342 30 29.4 28.9 31.1 27.2 29.4 31.1 30.6 32.2 31.1 30 30.6 31.1 31.1 31.1 28.3 29.4 29.4 31.1 31.1 32.8 31.7 31.1 30.6 32.2 30.6 33.3 32.2 30.6 30.6 30.6 29.4 30.6 31.1 30.6
0.560274 30 30 30 29.4 31.7 29.4 27.8 30 32.8 32.8 31.1 30 30 28.9 29.4 29.4 31.1 28.9 30 31.1 32.2 30.6 30.6 30.6 32.2 30.6 32.2 32.2 31.1 30.6 29.4 28.9 32.2 31.1 31.7
0.5630137 30 28.9 30.6 30 32.2 31.1 33.9 30.6 33.3 32.2 33.3 30 30.6 28.3 28.9 29.4 31.1 28.9 32.8 30.6 31.7 33.9 33.3 28.3 31.7 31.1 30.6 31.7 31.7 30.6 29.4 31.7 30.6 30.6 32.8
0.5657534 31.1 30.6 30.6 30 28.9 30.6 31.1 30 32.2 33.3 31.1 31.1 30.6 29.4 31.1 28.3 30.6 29.4 31.7 30.6 32.2 31.1 32.8 30 31.7 30 31.7 31.7 30.6 31.1 29.4 30.6 28.9 30 29.4
0.5684932 32.2 31.1 28.3 29.4 30 28.9 30.6 30 31.7 33.9 31.1 31.7 29.4 28.3 30 27.8 30 30 30.6 30.6 31.7 31.7 31.7 30 32.8 30.6 30.6 31.1 31.1 30.6 31.7 30 27.8 27.8 31.7
0.5712329 30.6 30.6 31.7 30 30 28.3 30.6 30 32.2 32.8 30 30 30 28.3 30.6 28.9 30.6 31.1 30.6 29.4 32.8 31.7 33.3 30.6 32.8 30.6 31.1 30 30 29.4 29.4 30.6 29.4 30 31.7
0.5739726 30.6 31.1 30.6 30 29.4 29.4 31.1 30 31.1 31.1 31.1 30.6 30 30 30 29.4 30 32.2 31.1 32.2 33.3 31.1 32.8 30.6 32.8 30 32.8 31.1 30.6 28.9 31.1 27.8 31.7 31.1 30.6
0.5767123 31.1 30.6 29.4 30 30 30.6 29.4 32.8 30 31.7 31.1 30 30 31.7 30.6 30 30.6 30 31.1 32.2 31.1 32.2 33.9 30.6 32.2 28.9 32.2 30.6 30.6 30 31.1 30 31.7 31.1 31.1
0.5794521 29.4 29.4 30 31.1 28.9 32.8 28.9 32.2 31.7 29.4 31.7 31.7 30 29.4 31.1 29.4 31.7 30 30.6 31.7 31.1 33.3 30.6 30.6 32.2 31.7 31.1 31.1 29.4 30 31.7 30 32.2 31.1 31.1
0.5821918 31.1 30 30.6 31.7 29.4 32.2 29.4 30 31.1 30.6 31.7 31.1 32.2 28.9 31.1 28.9 33.9 30 31.1 31.7 30.6 33.3 27.8 30 31.1 31.1 31.1 30 29.4 29.4 31.1 30 31.7 32.2 31.1
0.5849315 31.1 30 30.6 32.2 28.9 30.6 31.1 31.1 31.7 30.6 31.7 31.7 31.1 28.9 30.6 29.4 32.2 30 31.1 32.8 30.6 31.7 31.7 26.1 33.3 30 28.9 31.1 28.3 30 30.6 30.6 30.6 33.9 31.7
0.5876712 30 30 30 31.7 30.6 30 30 29.4 31.7 31.7 31.7 30.6 30 28.9 30 28.9 30 30.6 31.7 31.7 31.7 31.7 32.2 30 33.3 28.9 30 30 31.7 29.4 30 30.6 30 32.2 31.1
0.590411 30 29.4 31.1 32.8 29.4 31.1 30 30.6 31.1 31.1 31.1 31.7 29.4 31.1 30 28.9 31.7 28.3 33.9 31.1 30.6 30.6 31.1 29.4 31.7 30 31.1 30 31.7 29.4 30 32.2 30.6 31.1 32.2
0.5931507 31.1 30 30.6 31.7 27.8 30 30 30.6 32.2 30.6 32.2 31.1 32.2 32.2 29.4 30 31.1 30.6 31.7 31.1 31.7 32.2 32.8 30.6 31.1 30.6 32.2 31.1 30.6 31.1 29.4 31.1 30 30.6 31.7
0.5958904 30 30 30.6 29.4 30.6 30 30.6 30.6 32.8 30.6 31.7 31.7 34.4 30.6 31.7 28.9 33.9 28.3 31.7 31.1 32.2 31.7 32.2 30 31.1 29.4 31.7 30.6 29.4 29.4 30 30.6 31.1 32.8 30.6
0.5986301 30 30.6 30.6 31.1 29.4 30.6 30 30.6 31.7 31.7 31.1 31.7 31.7 28.9 30 29.4 31.7 32.2 31.1 31.7 31.7 30 31.7 29.4 33.9 29.4 30.6 30.6 30.6 32.2 31.1 26.1 31.1 32.8 31.7
0.6013699 31.1 30.6 30.6 30.6 29.4 30 30 29.4 31.7 33.3 31.7 31.1 31.1 28.3 28.9 29.4 31.1 31.1 32.8 31.7 32.8 31.1 31.7 31.1 32.8 30 31.1 30.6 31.7 31.7 31.1 31.1 31.1 31.7 31.7
0.6041096 30.6 31.1 28.9 30.6 31.7 28.3 30.6 24.4 32.2 31.7 31.7 31.7 31.1 29.4 31.1 28.9 32.8 29.4 31.7 33.3 30.6 31.1 32.2 32.2 32.8 30.6 30.6 30 31.7 31.1 30 31.1 31.1 30.6 30
0.6068493 31.1 30.6 30.6 30 30.6 31.7 30.6 28.9 31.7 29.4 32.8 32.8 30.6 31.1 31.1 28.3 31.1 30.6 31.1 33.3 32.8 31.1 31.7 30 32.2 29.4 31.7 31.7 29.4 32.2 30 30 31.1 31.1 31.1
0.609589 30.6 31.1 31.1 29.4 28.9 30.6 30 28.9 32.2 31.7 32.2 31.7 28.9 31.7 30.6 30 30.6 28.9 31.1 32.8 32.8 31.7 31.7 30.6 32.2 32.2 31.1 32.8 32.2 31.1 30.6 29.4 30.6 30.6 32.2
0.6123288 32.2 30 30.6 31.1 29.4 29.4 30.6 28.9 31.7 31.1 30.6 30.6 31.1 30.6 30.6 29.4 31.1 33.9 32.2 31.1 31.7 30.6 30.6 29.4 33.3 29.4 31.1 31.7 31.7 32.2 30 30.6 30 30.6 30.6
0.6150685 31.7 30 30.6 31.7 29.4 30 30.6 30.6 31.7 30.6 30.6 30.6 31.7 30.6 30 28.9 31.1 33.3 33.3 32.2 31.1 32.8 31.7 31.1 33.3 30 31.7 30.6 30.6 31.7 31.7 30.6 28.3 31.7 31.7
0.6178082 30 31.1 30.6 31.1 29.4 30 29.4 31.1 31.7 30.6 30.6 33.3 31.7 30.6 30 29.4 30 32.8 33.3 32.2 31.7 30.6 29.4 31.1 32.8 30 31.1 30.6 31.1 31.7 30 30.6 30.6 30 31.1
0.6205479 30.6 32.2 31.1 30.6 29.4 30.6 30.6 29.4 31.1 30 30.6 31.7 31.7 28.9 30.6 28.9 30 31.7 32.2 31.7 30.6 31.7 30 30.6 32.8 30 30.6 31.1 30.6 31.1 31.1 30.6 31.1 31.1 31.7
0.6232877 30.6 31.1 31.7 31.7 27.8 30.6 28.3 27.2 31.1 31.1 31.1 31.1 31.1 30.6 32.2 28.9 29.4 32.8 31.1 32.2 31.7 32.8 29.4 30.6 32.2 29.4 30 30 31.1 31.1 31.1 31.7 31.7 31.1 32.2
0.6260274 31.7 31.1 31.1 31.1 29.4 30.6 30 29.4 32.2 31.1 31.7 31.1 31.1 30 31.7 28.9 33.9 31.7 31.7 31.7 32.2 31.7 32.8 30.6 33.3 27.2 29.4 31.7 31.1 29.4 30.6 30.6 31.1 30.6 31.1
0.6287671 28.3 30.6 30 30.6 29.4 30.6 30.6 30 33.9 31.7 31.1 31.1 31.7 29.4 33.3 29.4 32.8 31.7 32.8 34.4 32.2 32.2 30.6 30.6 30.6 30 31.1 32.8 30.6 30 30.6 31.1 30.6 30.6 31.1
0.6315068 29.4 30.6 31.1 31.1 28.3 31.1 30 28.9 34.4 30.6 30.6 31.1 31.1 29.4 30.6 29.4 31.1 31.1 32.8 33.3 31.1 31.1 31.7 31.7 31.7 33.3 31.7 33.9 31.1 30.6 31.1 31.7 30 31.1 31.7
0.6342466 30.6 30 30.6 31.1 28.3 30.6 30 27.2 32.8 30 32.2 31.7 28.9 31.1 30.6 29.4 31.1 32.8 31.7 33.3 30.6 31.1 32.8 30 31.1 31.7 31.1 31.7 30 28.3 31.1 30 30 32.8 31.7
0.6369863 30 31.1 31.1 32.2 29.4 30 29.4 30.6 32.8 31.1 31.1 31.1 32.2 31.1 30 30 30.6 31.7 31.7 32.8 31.7 32.2 33.9 32.2 32.2 30.6 33.3 32.8 29.4 28.9 31.7 30 29.4 32.2 33.3
0.639726 29.4 30 31.1 31.7 29.4 29.4 30 30 32.2 31.1 31.1 30.6 30 31.1 31.7 30 32.8 31.1 32.2 32.2 31.7 30.6 31.7 32.8 31.7 30 31.7 33.3 30.6 30.6 31.1 29.4 30.6 31.1 31.1
0.6424658 31.7 30 31.7 31.1 28.9 29.4 30 29.4 32.2 31.1 31.1 31.1 30.6 31.7 33.9 30.6 31.7 30.6 32.2 31.7 32.8 32.8 31.7 35.6 31.1 31.1 31.7 33.9 29.4 30.6 32.2 31.7 31.7 31.1 30
0.6452055 31.1 30.6 31.1 30.6 28.3 28.9 30.6 31.1 32.2 31.1 31.7 30.6 31.7 31.1 32.2 29.4 30 31.7 31.7 32.8 31.7 33.3 32.8 31.7 32.8 31.7 34.4 31.7 29.4 30 31.1 31.7 30.6 29.4 31.1
0.6479452 30.6 30 31.1 31.1 29.4 31.1 31.1 30 32.2 30.6 31.7 30.6 30 31.1 31.1 29.4 31.1 32.2 28.9 31.7 30.6 33.3 32.8 29.4 32.8 31.1 30.6 32.2 30 29.4 32.2 31.7 30 31.1 30
0.6506849 28.9 29.4 30.6 30.6 27.2 31.7 31.1 28.3 32.8 31.7 30 31.1 31.1 30.6 31.1 29.4 31.1 30.6 30 32.8 31.1 32.2 31.1 30 33.9 31.1 31.7 30.6 30 29.4 30 30.6 31.1 31.1 30
0.6534247 28.9 30 30.6 30 28.3 30.6 31.1 29.4 32.2 32.8 31.7 29.4 30.6 30 30.6 28.9 31.1 31.1 30 31.7 32.8 32.8 30.6 28.9 32.8 30 31.7 31.7 30.6 29.4 30 30.6 31.1 31.1 30.6
0.6561644 30.6 30.6 29.4 30.6 28.3 30.6 32.8 30 32.2 31.7 31.7 31.1 30.6 30.6 30 28.3 31.7 30.6 30.6 31.1 28.9 31.1 31.1 31.1 31.1 30 30.6 31.1 30.6 31.1 30.6 31.1 30.6 32.8 31.7
0.6589041 30 30.6 30 30 32.8 31.1 31.1 30 32.2 30.6 33.3 31.7 28.3 31.1 30 28.9 30.6 31.1 32.8 31.7 32.2 31.7 32.2 32.2 31.1 29.4 31.7 30.6 30 30.6 30 28.3 31.7 30.6 30.6
0.6616438 29.4 30 29.4 30.6 29.4 29.4 29.4 30 34.4 31.1 32.2 30.6 28.9 29.4 30.6 28.9 30.6 33.3 32.2 33.9 32.2 31.7 31.7 31.1 33.3 30.6 31.7 31.7 30.6 30.6 30 30.6 30.6 30.6 30.6
0.6643836 30.6 31.7 29.4 31.1 29.4 30 32.2 28.9 31.7 30.6 30.6 30 30 29.4 30.6 28.9 31.7 31.1 32.8 31.7 31.1 32.2 31.1 29.4 32.2 30.6 32.2 33.3 30.6 30 30.6 29.4 30 31.7 36.1
0.6671233 31.1 31.1 31.1 30 28.9 30.6 30.6 30 35 30 32.2 30.6 30.6 30.6 30 29.4 32.2 32.2 32.2 31.1 31.7 31.7 26.7 29.4 32.8 30 32.2 33.3 30 28.9 31.7 31.1 29.4 30.6 32.2
0.669863 29.4 30.6 31.7 30 29.4 29.4 33.3 31.1 32.8 30 31.1 32.2 30.6 30 29.4 30.6 31.1 31.1 31.1 31.1 31.7 32.2 31.1 28.9 32.8 30 30.6 31.7 31.1 30 32.8 32.2 28.9 30.6 32.8
0.6726027 30.6 30 31.1 31.1 29.4 29.4 32.8 30 33.3 30.6 30.6 31.7 30.6 30.6 31.7 31.1 32.2 30 31.7 31.1 31.1 31.7 32.2 28.9 30.6 29.4 31.1 33.3 32.2 29.4 32.2 30.6 27.2 31.7 32.8
0.6753425 31.7 30 31.7 31.1 30 29.4 32.2 28.9 33.3 30.6 31.7 30.6 30.6 30 30 30.6 31.1 31.1 31.7 33.3 33.3 31.7 31.7 29.4 31.1 31.1 31.7 32.2 31.7 30 31.1 31.1 28.9 31.1 32.8
0.6780822 30.6 30 30 30 31.7 28.9 30 30 31.7 31.1 31.1 30.6 30.6 29.4 31.1 30 30.6 30 32.2 32.2 32.8 31.1 28.3 30 31.1 30.6 30.6 32.2 30 30 30.6 31.7 31.1 32.8 31.1
0.6808219 31.1 30.6 31.1 29.4 31.7 29.4 30.6 30.6 31.7 30 31.7 31.7 30.6 30.6 31.1 29.4 30 31.1 31.1 31.7 33.9 31.7 30.6 30.6 33.9 29.4 30.6 31.7 32.8 30.6 30.6 31.1 30.6 33.3 31.7
0.6835616 29.4 30 29.4 30 30.6 32.8 31.1 29.4 33.3 30.6 30.6 30.6 29.4 30 30.6 28.9 32.8 30 31.7 33.3 33.3 30.6 32.2 31.7 31.1 28.9 31.7 30.6 31.7 30 31.1 31.7 32.2 31.7 31.1
0.6863014 30 30 28.3 30 30.6 32.8 30.6 30 32.8 28.9 31.1 32.8 30 31.1 31.7 29.4 33.3 33.9 31.7 31.1 32.8 30 32.2 31.1 31.7 29.4 30.6 29.4 30 30.6 31.1 30.6 33.3 31.1 30
0.6890411 28.9 31.1 31.1 30 29.4 32.2 30.6 29.4 32.2 31.1 30.6 30.6 30.6 31.1 32.2 29.4 31.7 30.6 32.2 33.9 33.3 30 31.1 30 32.2 30 31.7 30 31.7 30 31.1 30.6 33.9 31.1 31.7
0.6917808 29.4 32.2 32.8 30 28.3 31.7 28.9 31.7 32.8 29.4 30.6 31.1 30.6 30 31.1 31.1 30 32.2 31.7 32.2 32.8 32.2 31.7 30.6 33.9 29.4 31.1 31.7 30.6 30.6 31.1 30 32.2 30.6 31.7
0.6945205 30 30 29.4 31.1 28.9 32.2 31.1 32.2 32.8 31.1 32.2 31.7 30.6 30.6 31.7 30 30 31.1 32.8 33.3 33.3 29.4 32.8 28.9 31.7 28.9 32.8 32.2 31.1 30.6 31.1 29.4 35 31.7 31.1
0.6972603 31.7 30 30 29.4 29.4 31.1 30.6 30.6 31.7 30.6 31.7 31.7 31.1 31.1 31.7 30.6 31.1 31.1 32.2 32.8 31.7 32.2 32.2 28.9 31.1 29.4 32.2 31.7 31.1 30.6 30.6 31.1 33.9 31.1 31.7
0.7 30 30.6 30.6 30.6 28.9 32.8 30.6 31.1 32.8 30.6 31.7 30.6 31.7 28.3 30.6 30.6 31.7 33.9 31.7 31.1 30.6 33.3 32.8 30.6 30.6 30 31.1 30.6 31.1 32.2 31.7 30 30.6 32.2 31.1
0.7027397 29.4 30 30.6 30.6 28.9 31.7 30.6 29.4 31.7 32.2 31.1 32.2 32.2 31.7 30 30 32.2 33.9 32.2 31.7 31.7 31.7 32.2 31.1 31.7 30 32.2 32.2 31.7 31.1 30.6 30 31.1 31.1 32.2
0.7054795 30.6 28.9 30.6 29.4 27.8 31.1 31.1 31.1 32.2 30.6 31.7 31.1 32.2 30.6 30 29.4 31.1 33.3 31.7 32.2 30 30.6 31.1 31.1 32.8 32.8 30 31.1 32.2 31.1 30.6 29.4 32.2 30.6 32.2
0.7082192 30.6 31.1 30 28.9 29.4 30.6 31.1 32.2 33.3 30.6 31.1 32.8 32.8 30.6 31.1 29.4 30.6 31.1 31.7 32.2 31.1 30.6 31.1 32.2 31.7 32.8 30 31.1 31.7 29.4 31.7 30.6 31.1 30 31.1
0.7109589 31.1 31.1 31.7 31.1 27.2 29.4 31.1 31.7 32.2 32.2 28.9 32.8 31.7 30.6 31.7 30 30.6 30 32.2 32.8 31.7 31.1 31.1 29.4 31.1 30 30 31.1 31.1 31.1 31.7 30 31.7 31.7 31.7
0.7136986 29.4 30.6 31.1 30.6 28.3 27.2 30.6 32.2 31.1 31.1 31.7 33.3 31.1 29.4 31.1 28.3 31.1 31.1 31.7 33.3 31.1 32.2 30.6 30.6 30.6 31.1 31.1 31.1 31.1 30 30.6 30 30 31.7 28.3
0.7164384 30 30.6 30.6 29.4 27.8 31.1 30 31.7 32.8 30.6 30.6 31.7 31.7 29.4 32.2 28.9 30.6 30.6 30.6 32.8 33.3 31.7 32.8 29.4 30.6 31.1 32.2 31.1 31.1 29.4 33.3 30.6 30 30.6 33.9
0.7191781 31.1 30 30.6 28.3 30 33.3 30 30.6 32.2 31.1 31.1 31.7 31.1 31.1 31.1 28.9 30 31.7 31.7 32.2 31.7 30 31.7 30.6 30 30.6 31.7 29.4 30 30.6 32.8 26.7 30.6 30.6 33.3
0.7219178 30 30 30 28.3 29.4 30.6 29.4 29.4 33.3 30 31.7 31.1 31.7 30.6 31.7 28.9 31.1 33.9 31.1 32.8 31.7 33.3 32.2 31.1 30.6 30 32.2 30 31.1 30.6 33.3 31.1 30 31.1 31.1
0.7246575 29.4 31.7 30 28.9 31.1 30 30 31.1 31.7 30.6 30.6 30.6 31.7 30 30 30 30.6 31.7 32.2 32.2 33.3 29.4 31.7 29.4 31.7 28.9 31.7 30.6 31.1 30.6 29.4 31.7 30 33.3 30
0.7273973 30 30.6 30 28.9 31.1 29.4 32.2 30 31.7 30 30 30.6 32.2 29.4 30.6 30 32.2 30.6 31.1 32.8 33.3 31.7 30.6 31.1 32.8 30.6 32.2 28.9 30.6 30 30.6 32.2 28.9 34.4 30
0.730137 30 30.6 29.4 28.3 32.2 30 33.3 28.3 31.7 32.2 30.6 32.2 32.8 31.1 31.7 30 32.8 31.1 30.6 32.2 31.7 32.2 30 31.7 32.8 30.6 32.2 30 29.4 31.1 32.2 32.2 33.3 32.2 31.1
0.7328767 30 31.1 30 29.4 30 30.6 31.1 28.3 31.1 30 30 32.8 32.8 31.1 31.1 28.3 30 31.7 30.6 32.8 31.1 31.7 28.9 28.3 33.3 31.1 31.7 29.4 30.6 30.6 30.6 32.8 30.6 32.8 31.1
0.7356164 30 32.2 30 30.6 28.9 31.7 31.7 29.4 31.1 29.4 30.6 31.7 32.2 29.4 31.7 28.3 29.4 28.9 31.1 31.7 30.6 31.7 31.1 31.1 32.8 33.3 32.2 32.2 30 30 30 30.6 30.6 32.2 30.6
0.7383562 31.1 31.1 30 31.7 28.9 30 32.2 30.6 32.8 30 31.1 31.1 33.9 31.1 32.2 30 29.4 28.3 31.7 32.8 32.2 32.2 32.8 30 33.9 31.7 31.7 31.7 32.8 30.6 31.1 31.1 31.1 32.8 30.6
0.7410959 31.1 32.8 28.9 29.4 27.2 31.7 29.4 30 32.2 30 30 30.6 31.1 30.6 31.1 30.6 29.4 28.9 32.2 32.8 31.1 31.1 32.8 30.6 32.2 30 31.7 30.6 31.7 30.6 30 31.1 30.6 32.2 32.8
0.7438356 31.1 31.1 29.4 30 27.8 31.1 31.7 30.6 32.8 30 30.6 30.6 31.7 30.6 31.1 30 28.9 32.8 31.7 31.1 31.1 31.7 32.8 31.1 33.3 29.4 33.3 31.1 32.8 30.6 28.3 31.7 30 33.3 33.3
0.7465753 30.6 32.2 28.3 30 30.6 30.6 28.9 30 32.8 30.6 31.1 31.1 31.7 29.4 32.2 28.3 30.6 31.7 33.3 30.6 33.9 31.1 30.6 29.4 32.8 29.4 33.3 27.2 31.7 31.1 31.1 31.7 30 32.2 32.2
0.7493151 32.2 30.6 30 29.4 28.3 31.7 31.1 30.6 32.8 28.9 31.1 30 32.2 29.4 32.2 28.3 30.6 32.8 32.2 32.2 32.8 31.7 30.6 30.6 31.7 29.4 33.3 28.9 30 32.8 30 31.1 31.7 32.8 32.8
0.7520548 32.8 31.7 30.6 32.8 27.8 30.6 31.7 30 33.3 28.9 31.7 31.1 31.1 30 32.2 27.8 32.2 33.9 31.1 32.2 33.9 31.1 29.4 30.6 31.1 29.4 32.8 30.6 29.4 32.8 31.7 31.1 31.1 33.9 31.1
0.7547945 30 30 30 31.1 27.8 30 30 31.1 32.8 28.9 33.3 30.6 29.4 29.4 32.2 28.3 31.7 31.7 31.7 33.3 31.1 30.6 31.1 29.4 31.1 30.6 31.7 31.1 30 31.7 30 30.6 30 32.2 32.2
0.7575342 29.4 30 30.6 31.1 26.7 30 31.1 30 33.3 29.4 32.8 30 30.6 31.7 31.7 27.2 32.8 30.6 31.1 32.8 30 30.6 30.6 28.3 30.6 28.9 30.6 30.6 31.1 30.6 30.6 30 31.7 31.7 30.6
0.760274 29.4 29.4 31.7 30.6 27.2 30 30.6 28.3 32.8 29.4 32.2 31.1 29.4 35.6 32.2 28.9 31.1 31.1 31.7 31.7 30.6 31.1 31.1 29.4 34.4 30.6 31.7 31.1 30 31.7 30.6 29.4 31.7 34.4 30.6
0.7630137 30 32.2 29.4 29.4 28.9 28.9 27.8 28.9 32.2 30 30.6 30 29.4 30.6 32.2 28.3 30.6 29.4 31.7 31.1 32.8 31.7 32.8 28.9 31.7 29.4 30 31.1 31.1 29.4 30.6 30 31.1 33.9 30.6
0.7657534 31.1 31.1 30 29.4 30 27.8 28.3 29.4 30.6 30.6 29.4 30.6 31.7 31.1 30.6 27.8 29.4 31.1 31.7 32.8 33.3 31.1 31.7 29.4 31.7 30 29.4 31.7 30.6 29.4 31.7 30.6 26.1 32.8 30.6
0.7684932 30 29.4 29.4 26.7 30.6 27.8 30.6 29.4 31.7 30.6 31.7 30.6 32.8 30 31.1 28.3 30 32.8 30 33.3 31.7 32.2 32.2 29.4 32.8 30 31.7 32.2 30 28.9 32.2 31.1 29.4 31.1 32.2
0.7712329 30.6 27.8 29.4 28.9 28.9 27.8 30.6 31.7 32.2 32.2 31.1 31.7 32.8 31.1 31.7 30.6 30 31.7 30.6 32.8 31.7 31.7 31.7 29.4 33.9 29.4 31.1 31.7 31.7 30.6 31.7 32.8 31.1 30.6 31.1
0.7739726 31.7 31.1 30 29.4 28.9 27.2 31.7 30 32.2 30.6 30 30.6 31.1 29.4 30.6 27.2 31.1 28.3 31.7 31.7 30.6 32.2 31.7 28.9 33.9 28.3 30 32.8 31.1 31.7 28.9 31.1 29.4 31.1 30.6
0.7767123 30 31.7 30 30.6 27.8 28.9 30 30.6 33.3 30 30.6 31.1 32.2 28.3 30.6 27.8 31.1 28.9 30.6 33.3 31.7 31.1 30.6 29.4 33.3 27.8 29.4 31.1 30.6 30.6 29.4 29.4 30 30.6 31.1
0.7794521 27.2 31.1 27.8 30.6 28.3 29.4 31.1 31.1 32.2 29.4 30.6 30.6 32.2 30.6 30.6 26.1 30.6 30 32.2 31.1 30 30.6 30.6 30 33.9 29.4 29.4 31.7 30.6 29.4 29.4 29.4 30.6 30 32.8
0.7821918 29.4 28.9 28.9 30 29.4 30.6 31.1 31.7 32.8 28.9 31.7 33.3 31.7 28.3 29.4 26.1 30.6 29.4 31.1 30.6 31.1 30 32.2 30.6 33.9 30 30 31.7 30.6 31.1 30 31.7 31.1 30 32.2
0.7849315 29.4 28.3 29.4 29.4 27.8 32.2 28.9 31.1 32.8 29.4 32.2 31.1 30.6 30 31.7 30 30 30.6 30.6 31.1 31.7 29.4 32.8 30.6 33.3 28.3 30.6 33.3 32.8 31.1 29.4 31.7 30.6 30 31.7
0.7876712 29.4 26.7 31.1 30.6 27.8 31.1 28.3 31.1 32.2 30.6 31.7 31.1 30 30 31.1 28.9 26.7 32.2 29.4 31.1 33.9 30 31.7 27.8 35 29.4 30.6 29.4 32.8 29.4 30 31.1 30.6 29.4 32.2
0.790411 28.9 27.8 29.4 29.4 28.3 30.6 26.1 31.1 32.2 31.7 31.1 30 31.7 30 31.1 27.8 29.4 30 29.4 32.2 31.7 30 31.7 27.8 32.8 30 30.6 32.2 29.4 30.6 30 33.9 30.6 28.3 33.3
0.7931507 32.2 28.9 28.9 30 30 30 29.4 30 31.7 31.1 28.9 29.4 32.2 28.3 30 28.3 28.9 30.6 30.6 30 31.7 29.4 31.1 28.9 32.2 26.7 32.2 31.7 26.7 30 28.9 32.8 29.4 30 31.7
0.7958904 31.1 28.9 30.6 28.9 27.2 28.9 28.9 28.3 32.2 30.6 31.7 30 31.7 27.8 28.3 28.9 31.1 31.7 32.8 32.8 30.6 28.9 30 27.8 33.3 24.4 30.6 30 28.9 30.6 30 31.7 30.6 29.4 30
0.7986301 30.6 32.2 31.7 26.1 26.1 28.3 30 27.2 30.6 30.6 31.7 27.2 30.6 28.3 30 30 31.1 30 32.2 30 32.2 28.3 30.6 28.3 34.4 30 29.4 30 29.4 28.3 32.8 30 30 29.4 30
0.8013699 26.7 30.6 30.6 28.9 27.2 29.4 29.4 29.4 30.6 29.4 31.1 30.6 30.6 27.8 30 28.9 31.7 29.4 31.7 30.6 30.6 28.9 29.4 32.8 33.9 31.1 28.9 28.9 28.9 30 32.2 29.4 31.7 27.2 31.1
0.8041096 31.7 31.1 30.6 28.9 27.2 29.4 31.1 30 31.7 31.1 30 30 30 27.8 31.1 28.9 31.7 32.2 31.7 31.1 32.8 30 28.9 31.1 32.8 30 28.9 27.8 29.4 30 32.8 30 30.6 29.4 30
0.8068493 31.7 30.6 28.3 30.6 27.2 27.2 30.6 30 31.7 30 30 30 30.6 28.9 30 28.3 32.2 27.8 31.7 30 30.6 30.6 30 30.6 33.9 30 28.9 26.7 30 29.4 30 30 31.7 32.2 30
0.809589 30.6 29.4 28.9 29.4 27.2 27.2 30 31.1 32.2 29.4 28.9 31.1 31.1 30 31.1 30 30 28.9 27.8 29.4 31.1 31.1 31.7 30 33.9 28.9 28.9 29.4 30 28.3 30 30.6 30.6 28.9 30
0.8123288 29.4 28.9 27.8 29.4 27.8 27.8 29.4 31.1 32.2 29.4 30 30.6 31.7 29.4 30.6 30 30 27.8 29.4 30 32.2 29.4 31.1 30 33.9 30 28.9 28.3 29.4 27.2 29.4 30 31.1 29.4 30
0.8150685 29.4 27.2 28.9 30 26.1 26.7 28.9 30 32.2 29.4 30 30.6 31.1 29.4 29.4 28.9 31.7 30 30 30 33.3 29.4 32.2 29.4 34.4 30 27.2 30 29.4 28.3 30 30 30 27.8 30.6
0.8178082 29.4 27.8 28.3 29.4 26.7 27.8 29.4 30.6 31.1 31.7 30.6 31.1 30 30 29.4 28.3 29.4 30.6 30 31.1 32.8 28.9 31.1 28.9 31.7 28.9 26.7 30 28.3 29.4 29.4 31.1 29.4 27.8 29.4
0.8205479 30 31.1 30.6 28.9 26.1 28.9 30 28.9 31.7 32.2 28.9 28.9 30.6 28.9 27.8 27.8 28.3 30 30 32.2 31.1 26.1 26.1 28.3 31.1 29.4 28.3 30 29.4 28.3 30.6 28.9 29.4 28.3 29.4
0.8232877 32.2 32.2 28.3 28.9 28.3 28.3 30.6 30.6 31.7 31.7 29.4 30 31.1 30.6 30.6 27.2 31.1 28.9 32.8 31.1 30.6 27.8 30 28.9 31.1 27.8 29.4 30 30 28.9 30 30 30 28.3 30.6
0.8260274 29.4 33.9 30 28.9 26.1 29.4 30 28.3 31.7 31.1 28.9 29.4 26.1 30 30.6 28.3 31.1 29.4 32.2 30.6 30.6 31.7 29.4 29.4 31.7 28.9 30 29.4 30 27.8 28.3 30 30.6 28.3 31.7
0.8287671 30 31.7 30 29.4 26.1 27.2 29.4 30 32.2 32.2 28.9 30.6 31.1 30 30 29.4 31.1 30 31.1 29.4 28.9 29.4 31.7 28.9 35 28.3 31.1 29.4 28.9 31.7 30 30 31.1 28.9 32.8
0.8315068 28.9 27.2 28.9 28.3 28.9 27.8 27.2 27.2 32.8 30.6 28.9 29.4 33.3 30 30 28.9 30.6 30 27.8 29.4 30.6 30.6 30 29.4 32.8 27.8 28.9 29.4 29.4 28.3 30.6 30 30 30 33.3
0.8342466 29.4 24.4 27.2 30.6 25 28.9 30.6 26.1 31.7 29.4 27.8 30.6 30 31.1 30.6 30 31.1 29.4 31.7 30 31.1 28.9 29.4 30.6 31.7 27.2 27.2 28.3 30 27.8 31.1 28.9 31.7 31.1 32.8
0.8369863 30 24.4 28.3 30.6 27.8 28.3 30.6 27.8 32.2 31.7 28.9 30.6 28.9 29.4 31.1 29.4 29.4 29.4 25.6 31.1 30.6 28.3 31.1 29.4 31.7 27.2 30 28.3 30 27.8 31.7 30 26.7 31.7 30
0.839726 28.3 28.3 29.4 29.4 25 30.6 29.4 28.9 32.8 31.1 28.9 30.6 30.6 30.6 29.4 27.8 28.9 28.3 28.3 30.6 31.7 30 30 29.4 32.2 26.7 30.6 32.2 30 28.9 30.6 30.6 26.1 29.4 30.6
0.8424658 29.4 27.8 29.4 28.9 26.7 29.4 30 27.8 32.8 30 30 30.6 29.4 30.6 30.6 27.2 28.3 28.9 25.6 30 30.6 30.6 30 28.9 29.4 26.1 30.6 29.4 26.7 31.7 31.1 31.7 27.8 30.6 26.7
0.8452055 29.4 32.2 28.9 29.4 22.8 28.9 26.7 27.8 32.2 29.4 30 31.1 28.3 30 28.9 28.3 28.3 30 28.3 31.1 30.6 28.9 30.6 29.4 31.7 26.1 30.6 28.3 28.3 29.4 30.6 30.6 28.3 29.4 29.4
0.8479452 29.4 29.4 28.3 28.9 24.4 30 28.9 28.3 30.6 27.8 30 32.2 29.4 30.6 28.9 28.3 27.8 30 27.8 30.6 31.7 29.4 30 31.1 32.8 26.7 32.2 28.9 31.1 28.9 32.8 29.4 31.1 28.9 28.9
0.8506849 28.3 28.3 28.3 28.9 25 28.3 30.6 27.8 32.2 27.8 29.4 30 29.4 27.2 28.9 28.9 28.3 31.1 28.9 28.3 32.2 27.8 31.1 29.4 33.9 28.9 32.2 28.9 30 29.4 33.9 30.6 30.6 28.9 27.8
0.8534247 29.4 29.4 29.4 28.3 25.6 22.8 29.4 27.2 32.2 30 29.4 28.9 28.9 30 26.7 29.4 27.8 30 30 27.8 30.6 27.8 31.7 28.9 31.7 28.9 28.9 30 29.4 28.3 32.2 30 29.4 27.8 28.3
0.8561644 27.2 28.9 29.4 26.7 23.9 27.8 28.9 27.8 32.2 29.4 30 30 29.4 29.4 29.4 27.2 29.4 30 28.3 26.7 30.6 29.4 31.1 27.8 31.1 28.9 28.9 30 28.3 29.4 31.7 31.7 28.3 27.8 28.9
0.8589041 28.9 28.9 29.4 26.1 25 27.2 28.9 28.3 32.2 30.6 28.9 28.9 28.9 29.4 28.9 28.3 29.4 29.4 28.9 28.3 31.1 28.9 30.6 28.3 30 25 28.9 29.4 28.3 28.9 30 31.1 30 27.2 28.9
0.8616438 27.2 30.6 28.9 26.7 25.6 24.4 28.9 27.2 32.8 28.9 30 29.4 28.3 26.7 28.3 27.8 30.6 30.6 28.9 28.3 30 29.4 28.9 28.9 31.1 25.6 26.7 30 28.9 30 32.2 31.7 30.6 27.2 26.7
0.8643836 27.2 29.4 28.9 27.2 27.2 22.8 28.9 27.2 32.8 29.4 28.9 28.9 28.9 27.2 27.2 27.2 29.4 30 27.2 28.9 31.1 29.4 27.8 28.3 30.6 28.3 32.2 31.7 28.3 29.4 26.7 31.1 28.9 28.9 30.6
0.8671233 29.4 28.3 30 27.2 28.9 28.3 28.3 27.8 33.3 28.9 28.9 29.4 28.9 28.3 27.2 27.8 30.6 29.4 28.3 28.3 31.7 28.3 27.8 28.9 32.8 28.3 28.9 30 27.2 30.6 30.6 31.7 28.9 28.3 28.9
0.869863 28.3 28.9 31.1 28.3 25.6 26.1 28.9 27.2 29.4 29.4 26.7 30 27.8 31.1 26.1 27.8 30.6 30 28.3 26.1 30.6 28.3 27.8 29.4 30.6 30 29.4 29.4 28.3 29.4 26.7 32.2 27.2 29.4 28.9
0.8726027 27.2 27.2 29.4 27.2 25.6 26.1 28.9 28.9 30.6 31.1 28.3 30 27.8 30 26.1 27.2 29.4 32.2 28.3 27.2 30 27.2 28.3 30.6 31.1 29.4 29.4 26.1 28.9 28.3 28.9 32.2 28.9 28.9 28.3
0.8753425 28.3 26.7 29.4 29.4 26.1 26.7 29.4 26.7 30.6 30 30 30.6 28.3 28.9 25.6 26.7 23.3 32.8 27.8 29.4 31.1 27.2 28.9 30.6 31.1 29.4 28.9 26.7 29.4 25 29.4 30 30 29.4 31.1
0.8780822 26.1 28.3 29.4 31.1 25 28.3 29.4 26.7 31.7 30.6 29.4 29.4 29.4 30 28.9 27.2 26.1 29.4 27.8 26.7 30.6 28.3 27.2 29.4 31.1 29.4 28.9 26.1 28.3 26.7 27.2 29.4 31.7 28.3 30
0.8808219 26.7 30 30.6 30 24.4 28.3 28.9 29.4 30.6 28.9 26.7 28.9 30.6 29.4 28.3 26.1 26.7 29.4 28.9 27.2 30 30 26.7 29.4 31.1 29.4 29.4 26.1 30 27.2 23.3 29.4 31.1 27.8 29.4
0.8835616 28.3 28.9 28.9 30 23.3 26.1 29.4 29.4 31.1 28.3 29.4 28.3 29.4 30 27.8 25.6 27.8 28.9 28.3 28.3 30 30 29.4 31.1 29.4 28.3 28.9 26.1 29.4 27.2 29.4 29.4 32.8 27.8 27.2
0.8863014 27.8 28.3 30 28.3 25.6 25 29.4 28.9 31.7 28.3 27.8 28.9 28.9 28.3 28.3 26.7 27.8 27.2 27.8 29.4 31.1 30.6 26.1 31.1 29.4 28.3 30.6 28.9 28.9 27.8 25.6 31.1 27.8 27.8 28.3
0.8890411 27.2 27.2 28.3 30 23.3 25.6 28.9 27.8 30 28.9 26.7 28.3 28.9 29.4 27.8 27.2 30 28.3 28.9 30 31.1 30.6 24.4 32.2 30.6 27.2 29.4 24.4 27.8 28.9 31.1 29.4 26.1 28.3 27.2
0.8917808 27.8 27.2 26.7 28.9 25.6 25.6 28.9 26.7 30.6 29.4 27.2 28.3 29.4 28.9 28.3 27.8 27.8 28.9 29.4 32.8 31.1 28.9 28.9 31.1 31.7 25.6 30 27.8 27.2 28.3 30 28.3 28.9 26.7 27.2
0.8945205 27.2 26.7 27.8 30 25.6 25.6 29.4 27.2 31.1 27.2 24.4 28.9 29.4 27.8 27.8 26.7 28.3 31.7 30.6 31.1 31.1 27.8 30 28.9 30.6 28.9 30 28.3 27.2 28.3 26.1 28.9 26.7 25 27.2
0.8972603 27.2 27.2 27.2 28.9 25.6 28.9 27.8 27.2 31.7 28.3 24.4 26.1 29.4 27.2 27.8 24.4 29.4 30 28.3 30.6 30.6 27.2 27.2 29.4 32.2 27.8 29.4 28.9 27.8 28.3 25 29.4 27.8 25.6 27.2
0.9 26.7 26.7 27.2 29.4 26.7 26.7 26.7 28.3 31.1 28.9 25 27.2 30 28.3 28.3 27.2 29.4 31.1 28.9 28.9 31.1 27.8 27.2 29.4 30.6 26.7 28.3 27.8 30.6 27.2 26.1 30.6 27.2 26.7 27.8
0.9027397 27.2 26.1 27.2 28.9 26.1 26.7 26.7 24.4 32.2 28.3 24.4 30.6 23.3 27.8 28.9 30.6 26.7 31.7 31.1 26.1 31.7 27.8 27.8 29.4 26.7 25.6 28.9 27.8 30 27.8 26.7 31.1 30 26.1 27.8
0.9054795 27.2 27.2 27.8 28.9 26.1 25 26.1 25.6 31.1 27.8 27.8 30 25.6 28.9 28.9 28.9 28.3 30.6 28.9 27.2 30.6 27.8 28.3 30.6 28.3 25.6 27.8 27.8 28.9 27.8 27.8 31.1 26.7 25 28.3
0.9082192 27.2 29.4 28.3 27.8 26.7 27.2 27.2 27.2 30 26.7 26.7 29.4 25.6 27.2 28.3 29.4 29.4 30.6 29.4 28.3 30 28.9 29.4 28.9 30.6 23.3 24.4 26.7 30 28.9 27.2 30.6 30.6 25.6 28.9
0.9109589 26.7 27.8 26.7 27.2 26.7 26.1 28.3 26.7 28.3 27.8 30 28.9 28.3 25.6 28.3 28.3 28.3 30.6 28.3 31.1 29.4 28.9 28.9 30 31.1 27.2 26.1 26.7 30 29.4 28.9 31.7 28.3 27.2 27.8
0.9136986 26.7 26.1 26.7 27.2 26.7 27.8 29.4 26.7 26.7 28.9 28.9 30 26.7 28.3 27.8 26.7 27.2 31.7 31.1 31.7 29.4 27.8 30 30.6 31.1 23.3 26.7 26.7 28.9 28.3 29.4 26.7 30.6 27.8 27.2
0.9164384 26.7 27.2 27.8 27.2 26.7 25.6 30 25 29.4 30 27.8 28.3 28.9 27.8 27.8 27.2 27.8 30 30 30.6 30 28.3 29.4 30.6 31.1 24.4 25 27.2 27.8 26.1 28.9 28.3 29.4 31.1 27.2
0.9191781 27.8 26.1 26.7 28.9 26.7 23.3 28.9 25.6 29.4 29.4 26.7 29.4 28.9 23.9 27.2 28.9 26.7 29.4 30 26.7 29.4 28.3 27.8 32.2 30.6 25.6 26.1 26.7 27.8 28.3 28.9 30.6 29.4 28.3 27.2
0.9219178 28.3 26.1 29.4 29.4 26.1 23.9 28.3 23.3 28.9 29.4 27.8 29.4 26.1 29.4 28.3 28.3 27.2 28.3 30.6 26.7 30.6 27.8 28.9 30.6 29.4 26.1 25 26.7 29.4 28.3 27.8 28.3 29.4 26.7 27.2
0.9246575 28.3 25.6 28.3 28.3 25.6 23.9 28.9 27.2 22.8 26.1 26.7 29.4 26.7 28.3 28.3 27.8 27.8 26.1 30 23.9 30.6 27.8 29.4 29.4 31.1 28.9 26.7 27.2 28.9 29.4 27.2 28.3 27.2 26.7 26.7
0.9273973 25.6 24.4 27.8 29.4 25 23.9 28.3 28.3 25 29.4 27.2 30.6 26.1 27.8 29.4 27.2 27.8 28.9 24.4 25.6 30.6 28.3 28.3 28.9 30 28.3 28.9 26.7 30 27.8 27.2 27.2 27.2 27.2 27.2
0.930137 26.7 25.6 27.2 26.1 27.2 22.8 27.2 28.3 27.8 29.4 27.8 30 26.1 28.3 28.3 27.2 29.4 28.9 25.6 29.4 28.3 27.8 28.9 28.3 29.4 27.8 25.6 26.1 25.6 28.9 27.2 27.2 26.1 26.1 27.2
0.9328767 27.2 27.8 28.9 25 26.7 23.3 23.9 28.9 30.6 27.8 27.2 30.6 26.1 28.9 28.3 26.7 28.3 26.7 26.7 29.4 31.1 26.1 26.1 28.3 29.4 26.7 26.7 26.7 28.3 30 27.8 29.4 29.4 25.6 26.1
0.9356164 26.7 28.3 27.8 27.8 27.8 21.7 26.1 27.8 28.9 28.9 27.8 30 25.6 26.7 28.9 26.1 30 28.9 27.8 27.2 31.1 23.9 25.6 28.9 27.8 26.7 26.1 28.3 30 29.4 26.7 29.4 27.8 27.2 26.1
0.9383562 26.7 28.3 27.2 28.9 23.3 24.4 26.7 22.8 29.4 26.1 28.3 28.3 25.6 24.4 28.9 27.2 30.6 30 27.8 30.6 30 25.6 26.7 30.6 27.8 27.8 27.2 28.9 29.4 24.4 23.9 28.3 26.7 27.8 26.1
0.9410959 27.2 27.8 26.7 28.3 22.8 23.3 26.7 23.3 30 27.2 27.8 27.8 24.4 25.6 28.3 26.7 29.4 29.4 26.7 30 30.6 26.1 25.6 28.9 27.8 26.1 28.3 28.9 27.8 25 26.7 29.4 26.7 26.7 26.7
0.9438356 26.7 25.6 26.1 27.8 24.4 25 27.8 23.9 29.4 27.8 27.8 27.2 25 27.8 28.3 27.2 28.3 29.4 27.8 29.4 28.3 27.2 25.6 29.4 28.9 25 27.8 29.4 27.8 25.6 27.2 31.1 26.7 27.2 26.7
0.9465753 24.4 27.2 28.3 26.1 24.4 27.2 28.3 26.1 28.9 27.8 27.2 27.2 25.6 29.4 27.8 26.7 28.3 29.4 27.8 30 30 27.8 27.2 29.4 30.6 25.6 29.4 22.8 28.3 26.1 26.1 30 29.4 26.7 26.7
0.9493151 25 26.7 27.8 28.3 26.1 26.1 27.2 23.9 23.9 26.7 29.4 27.2 26.1 28.9 28.9 25.6 30.6 28.3 26.7 28.9 30 29.4 28.3 28.9 29.4 25.6 28.3 23.9 27.2 24.4 25 32.2 28.3 26.7 26.1
0.9520548 25.6 29.4 22.2 28.3 24.4 27.8 27.8 24.4 27.2 26.1 29.4 27.2 26.7 26.7 28.9 27.2 28.9 28.9 26.7 30 28.9 28.9 27.8 25.6 27.8 26.1 28.3 27.8 28.3 25 25 30.6 30 26.7 27.2
0.9547945 28.3 28.3 27.8 26.7 27.2 26.7 27.8 25.6 27.2 26.7 30 27.8 25.6 25.6 28.3 27.8 27.8 28.3 26.1 29.4 27.8 27.2 28.3 25.6 30 26.7 28.3 29.4 28.3 25.6 29.4 28.3 29.4 26.7 26.1
0.9575342 32.2 28.3 27.2 26.7 25.6 25.6 27.8 27.8 27.8 26.7 27.2 28.3 26.7 26.1 27.8 27.8 28.3 27.2 26.7 29.4 26.1 29.4 28.3 28.3 30.6 26.1 27.2 27.2 22.8 25 29.4 27.8 29.4 26.7 27.2
0.960274 28.3 28.3 27.8 26.7 25 25 27.2 30 23.9 25.6 26.1 29.4 28.9 26.1 27.8 27.8 27.8 25 26.7 27.8 26.7 28.9 27.8 26.7 30.6 26.7 27.8 28.3 25 25.6 27.2 28.3 30.6 29.4 26.7
0.9630137 27.2 26.1 25 27.2 25 23.9 25 26.1 26.1 27.2 26.7 31.7 27.8 26.1 28.3 26.7 29.4 24.4 26.7 29.4 27.8 28.9 23.3 26.7 28.9 25 28.9 25 26.7 26.1 26.1 29.4 30.6 26.1 28.3
0.9657534 26.7 27.2 27.8 27.2 23.3 23.9 23.9 26.7 28.3 27.2 26.7 27.2 23.3 25.6 28.9 27.2 29.4 24.4 26.7 29.4 30.6 24.4 25 26.7 28.9 25.6 28.3 29.4 28.9 28.9 24.4 25 30 26.7 27.2
0.9684932 27.2 28.3 24.4 27.2 26.7 23.3 25 25 27.8 26.7 27.8 26.1 25.6 27.2 28.3 26.7 28.3 24.4 26.7 30.6 30 28.9 26.7 25.6 28.9 26.1 26.7 27.8 28.3 23.9 24.4 25 27.8 26.7 27.8
0.9712329 28.3 28.3 26.1 28.9 25.6 26.1 26.1 25 27.2 27.2 27.2 26.1 26.7 27.2 24.4 27.8 28.9 25 25.6 30 28.3 29.4 26.1 27.2 29.4 28.9 27.2 25.6 28.3 25.6 26.7 26.7 27.2 28.9 28.9
0.9739726 27.8 30.6 23.9 28.3 27.2 26.1 25 25.6 26.1 27.2 27.2 27.2 26.7 27.2 26.1 27.2 30 26.1 26.1 30 27.2 30 27.2 27.2 29.4 27.8 28.9 29.4 28.3 26.1 27.2 25 28.3 28.3 27.8
0.9767123 29.4 28.3 24.4 25.6 27.8 25.6 27.8 25.6 27.2 27.8 27.8 27.8 26.7 28.9 28.3 27.8 29.4 26.1 26.1 28.9 28.3 30.6 25.6 27.2 29.4 27.8 29.4 30 28.3 27.8 27.8 26.7 29.4 25.6 27.8
0.9794521 27.8 26.7 27.8 26.7 28.9 27.8 27.8 25.6 27.2 27.2 26.7 27.8 28.3 27.2 27.8 27.8 28.3 26.7 25.6 28.9 28.9 30 22.2 28.3 27.2 26.7 27.8 28.9 27.2 28.3 26.7 28.9 32.2 26.7 27.8
0.9821918 30 27.2 25.6 26.7 29.4 26.7 27.2 25.6 24.4 25.6 27.8 27.8 28.9 27.2 26.7 28.3 29.4 26.7 23.9 25.6 26.1 25.6 26.1 25.6 25 24.4 28.3 26.7 27.2 28.3 26.7 25 30.6 28.3 28.9
0.9849315 30 28.3 26.1 27.8 29.4 27.8 25.6 23.9 25.6 26.7 25.6 26.7 27.2 27.8 26.1 27.8 29.4 25 26.1 26.7 26.7 27.8 26.7 25.6 24.4 25 28.9 26.7 27.2 26.7 23.9 25.6 26.7 28.3 26.1
0.9876712 25 27.8 26.1 26.1 29.4 26.7 24.4 22.8 26.7 27.8 23.9 26.7 27.8 28.9 25.6 26.7 27.8 28.9 26.1 28.9 28.9 25.6 23.9 27.8 27.2 25 28.3 28.9 29.4 27.2 27.2 26.1 27.2 28.9 28.3
0.990411 25 26.7 26.1 27.8 27.2 25.6 26.7 25 25 21.7 25 26.7 28.3 28.3 26.7 28.3 27.8 28.9 26.7 27.8 27.8 28.3 25.6 28.9 27.8 25.6 26.7 27.8 27.8 27.2 27.8 25.6 29.4 29.4 26.7
0.9931507 27.8 27.2 26.7 26.7 27.8 23.9 25 25.6 25 26.1 25 25 27.8 27.2 28.3 27.8 27.8 27.8 26.7 24.4 28.9 28.9 28.3 28.3 27.2 25.6 25 26.1 25.6 26.7 25 26.7 30 28.9 26.1
0.9958904 27.2 28.3 26.7 26.7 26.7 26.1 26.7 25 24.4 26.1 25.6 28.9 26.7 27.8 27.2 26.7 29.4 27.8 23.9 25.6 28.9 28.9 28.3 27.8 27.2 24.4 26.7 27.8 24.4 27.2 26.7 26.1 29.4 29.4 26.7
0.9986301 26.1 28.9 27.8 27.2 28.3 27.2 27.8 26.1 26.7 26.7 26.1 28.9 25 27.2 26.7 26.1 27.8 25 25 27.2 28.3 28.3 27.8 28.9 28.9 25.6 28.3 26.7 26.1 27.2 24.4 25.6 25.6 28.9 27.8
