time 1960 1961 1962 1963 1964 1965 1966 1967 1968 1969 1970 1971 1972 1973 1974 1975 1976 1977 1978 1979 1980 1981 1982 1983 1984 1985 1986 1987 1988 1989 1990 1991 1992 1993 1994
0.001369863 5 NA 8.3 11.1 15.6 8.3 8.9 1.1 -3.3 -3.3 1.1 10.6 6.1 -1.1 -15 8.3 5.6 -7.8 -7.8 -12.8 2.2 6.1 -1.7 3.9 3.3 -4.4 10.6 5.6 -1.7 0.6 7.2 1.7 6.7 -3.9 5.6
0.004109589 -1.7 4.4 10 8.9 17.2 6.1 7.2 1.1 -4.4 -2.8 -2.8 7.2 7.8 1.7 -11.1 1.1 -2.2 -3.9 1.1 -6.7 -1.1 14.4 1.1 -3.9 2.2 2.2 10.6 6.7 4.4 -1.1 12.8 -3.9 7.8 1.7 7.8
0.006849315 -3.3 7.8 10.6 8.9 11.7 5.6 10 -1.7 -6.1 -5 4.4 1.1 3.3 2.2 -11.1 2.8 -8.3 -3.3 6.1 -6.1 -3.9 0 -3.9 -2.2 3.9 3.9 10.6 7.2 0 10.6 7.8 -7.2 10.6 5 3.9
0.009589041 2.2 13.3 4.4 4.4 13.9 9.4 10 6.7 -4.4 -5.6 5.6 -6.7 -8.3 -11.1 -12.8 5.6 -2.8 -2.2 3.3 -9.4 2.2 0 4.4 2.8 6.1 8.9 4.4 5 -8.9 13.9 3.3 -6.7 6.1 -1.7 3.3
0.01232877 -3.9 10.6 4.4 1.1 6.7 7.8 13.3 3.3 1.1 5 -4.4 -8.9 0.6 -10 -9.4 0.6 5 -5 0.6 -12.2 2.2 4.4 3.9 6.7 6.7 10.6 10.6 8.3 -8.9 15 4.4 -2.2 6.7 0.6 6.1
0.01506849 6.7 12.8 -2.8 7.2 10 6.1 3.9 3.3 -6.1 5 -3.9 -13.3 10 -8.9 -10.6 8.3 1.1 -3.3 12.2 -4.4 1.7 7.8 -11.1 10.6 8.3 11.7 -1.7 5 -11.1 4.4 5.6 -7.8 3.9 -4.4 1.1
0.01780822 6.7 10 4.4 11.7 7.8 13.9 5 -5.6 -8.9 0.6 -6.1 -6.7 10 -11.1 -8.3 6.7 -12.2 -0.6 3.3 -6.1 -3.9 12.2 0 3.9 8.9 7.8 -3.9 2.8 -11.7 4.4 8.9 -5.6 12.8 -1.7 -3.3
0.02054795 7.8 6.7 1.1 17.2 3.3 8.9 8.3 -3.3 -0.6 3.9 -11.1 -2.8 10 -11.1 -11.1 6.7 -8.3 -2.2 -9.4 -6.7 -2.2 7.8 6.7 5.6 6.7 0 6.1 0.6 -12.2 -1.7 12.2 -1.1 4.4 -5 6.1
0.02328767 4.4 9.4 -5.6 16.7 2.8 -5.6 12.2 5.6 1.1 -1.7 0.6 5.6 10.6 -12.2 -11.1 12.2 1.1 -13.3 -10 -3.3 -3.3 2.2 -3.3 6.7 2.2 -3.9 10.6 2.8 -12.2 7.8 13.3 -6.7 1.1 -6.1 6.1
0.0260274 4.4 8.3 -9.4 9.4 6.1 10 6.7 1.7 1.7 -2.8 1.1 1.7 8.9 -5 -9.4 0.6 5 -10 -10.6 -4.4 15 3.3 -17.2 6.7 -1.1 -7.2 12.8 -1.1 -5.6 9.4 25 -6.1 9.4 -7.2 8.9
0.02876712 4.4 12.2 0.6 -8.3 1.7 5 7.8 5 -0.6 0.6 3.3 -2.8 5.6 -4.4 -9.4 -4.4 12.2 -6.1 -5 -3.9 5.6 -1.7 -6.7 2.8 3.3 -13.3 18.9 12.2 3.3 5 9.4 -3.9 11.7 -0.6 1.1
0.03150685 4.4 13.9 7.2 -15 -5 5 12.2 5 -1.7 3.3 5 -8.3 10 1.7 -11.1 -9.4 11.1 -2.8 3.9 0 7.2 14.4 -7.8 12.8 -1.7 -9.4 12.2 18.3 3.9 5.6 2.8 -3.3 6.1 0 11.7
0.03424658 3.3 12.2 7.2 -4.4 -2.2 3.9 11.7 6.7 -4.4 2.8 13.3 -2.2 -0.6 8.3 -2.8 4.4 3.9 3.3 -3.3 -12.8 18.9 12.8 -6.7 18.3 -7.2 0.6 12.8 19.4 1.1 7.2 10 9.4 1.7 -10 7.2
0.0369863 1.1 10.6 0 -4.4 3.3 11.7 12.8 5 2.2 5 12.8 -5 -3.9 10 8.3 7.2 6.1 4.4 -1.7 -12.2 13.9 8.9 10 5 -7.8 -2.8 11.1 8.3 3.9 7.8 18.3 5.6 3.9 -7.8 -5.6
0.03972603 -5 10.6 3.3 -6.7 7.8 6.1 7.2 5 2.8 9.4 7.8 -3.9 -10 15 10 6.7 10 -3.9 -0.6 -1.1 7.2 2.8 5 2.2 -5.6 -0.6 15 0 8.9 7.8 13.3 6.1 -7.2 -0.6 -9.4
0.04246575 -4.4 13.9 2.8 -3.9 10 1.1 1.1 8.9 10.6 4.4 3.9 6.1 5.6 14.4 10.6 1.7 6.7 -11.1 -7.2 -7.8 5.6 -1.1 -8.9 5.6 -3.9 1.1 16.7 -7.2 7.2 12.8 10.6 7.8 10 3.9 -1.7
0.04520548 -2.2 18.3 -1.7 2.2 15.6 15 -3.9 -2.2 6.7 2.8 -7.8 6.7 10.6 15 4.4 6.7 5.6 -1.7 -11.7 0 9.4 4.4 5 -1.7 -7.2 3.9 21.1 -5 8.9 17.8 11.1 6.7 2.8 -3.9 -10.6
0.04794521 -6.1 13.3 -12.2 -1.1 14.4 7.2 3.3 -8.9 8.9 0.6 -11.1 3.3 13.9 11.1 0 12.8 12.2 -4.4 -6.7 1.1 7.2 10.6 7.2 -3.9 -12.2 5.6 12.8 -1.7 5 15.6 2.8 12.8 4.4 -5 -9.4
0.05068493 -7.2 5.6 -11.7 -10.6 11.7 12.8 2.2 10 13.3 1.1 -11.7 -5 8.9 13.3 NA 1.7 6.7 6.1 -8.9 3.9 2.8 10.6 2.8 -1.7 -7.2 0.6 15 4.4 4.4 15 0 9.4 12.8 -4.4 -1.7
0.05342466 -7.8 4.4 -15 -3.9 19.4 9.4 0 12.8 12.8 5.6 -8.3 8.9 0.6 8.3 9.4 10 12.8 6.1 -8.3 1.1 -0.6 7.2 -5 -0.6 -11.7 -10 22.2 2.8 -1.1 6.1 -0.6 2.8 12.2 -2.8 -3.3
0.05616438 -3.9 3.9 -12.2 10 18.3 13.3 -5.6 8.9 13.9 4.4 -9.4 10 -1.1 8.3 2.2 8.3 11.7 5 -5 3.3 4.4 9.4 -6.1 0.6 -7.2 -2.8 6.1 7.8 -2.2 15 3.9 2.2 14.4 4.4 10.6
0.05890411 -6.7 3.9 -5.6 6.1 16.1 8.9 -8.3 12.2 8.3 3.3 6.1 4.4 10.6 2.2 2.2 6.1 16.7 2.2 -3.3 5.6 2.2 16.1 0.6 1.1 0 -3.9 7.8 2.8 1.7 16.7 12.8 7.8 10 5.6 12.8
0.06164384 -7.2 18.3 0 -13.3 7.2 3.9 -3.9 8.3 1.7 -8.9 5.6 7.8 6.1 11.7 7.8 12.2 16.1 4.4 1.1 -5.6 10.6 19.4 -7.8 -1.7 1.7 -1.1 11.7 -3.3 7.2 14.4 10 3.3 7.2 2.2 14.4
0.06438356 -1.1 7.2 4.4 -2.2 4.4 6.1 -5 8.3 13.3 -6.1 12.8 13.9 0 16.7 8.9 8.3 8.9 6.1 -5 -3.3 14.4 21.7 -1.7 2.2 5.6 6.1 13.9 0 5 6.1 6.1 2.8 12.8 -2.2 8.3
0.06712329 3.3 NA 4.4 -6.1 6.1 1.7 -4.4 0 20 -5 16.7 15 -3.9 16.7 12.8 7.2 1.1 6.1 -5.6 1.1 3.9 14.4 6.1 0.6 8.9 2.2 7.8 1.7 -6.7 1.1 5.6 0 7.2 0.6 3.3
0.06986301 2.2 NA 8.9 -3.9 9.4 -0.6 1.1 -1.7 15 -2.2 15 11.7 -8.3 9.4 8.3 10 -2.2 4.4 -1.7 -2.2 -10 8.9 11.7 -1.1 7.2 3.9 -1.7 13.3 6.1 7.2 13.9 2.2 13.3 5.6 0.6
0.07260274 -1.1 -2.2 6.1 -6.7 3.3 9.4 -3.3 5 3.9 -0.6 15 5.6 -15 5.6 2.8 2.2 3.3 12.2 -2.8 -7.2 -7.8 10.6 10.6 0 3.3 2.8 2.2 12.2 12.2 15 5 6.1 10 5.6 -2.8
0.07534247 5 1.7 12.2 -1.1 8.3 5 -10.6 13.9 18.9 -1.7 13.3 5.6 -7.2 -2.8 10 0 13.3 -5.6 -2.8 -8.3 -8.3 13.9 5.6 3.9 10.6 0 16.1 10 13.9 6.7 7.8 8.9 11.7 2.8 1.1
0.07808219 4.4 2.2 15.6 -3.3 14.4 1.7 -12.2 9.4 14.4 -5.6 7.8 18.3 5 2.8 14.4 2.8 18.9 0.6 -9.4 -11.1 -7.8 0 5.6 4.4 10.6 NA 6.7 14.4 15.6 8.3 13.3 -7.2 15.6 -8.3 -0.6
0.08082192 10 10 10 -7.2 12.8 -1.1 -7.2 11.1 0.6 -6.1 11.7 14.4 7.2 10.6 16.7 3.3 6.1 -3.3 1.1 -10.6 -7.8 -0.6 6.1 0.6 5 -1.1 13.9 14.4 15.6 17.8 5 6.7 17.2 2.8 -8.3
0.08356164 4.4 20 17.8 0.6 15.6 7.8 -5 13.3 11.7 3.9 15 -4.4 11.1 7.8 5 -3.9 14.4 3.9 -3.9 -11.7 -6.1 0.6 -1.7 0 11.1 -12.8 7.2 16.1 3.3 25 13.9 13.9 20 5.6 -3.3
0.08630137 7.8 13.3 15.6 17.8 17.2 3.3 -2.2 10 7.2 1.7 12.8 -3.3 6.7 6.1 0.6 -1.1 8.9 1.1 -3.3 -5 -0.6 -3.9 5 -3.9 17.8 -10.6 14.4 16.1 -7.2 -1.7 2.2 16.7 21.1 6.1 0
0.0890411 8.9 6.1 18.3 8.9 11.7 3.9 -2.8 2.8 11.1 1.7 9.4 6.1 -1.1 8.3 3.9 2.2 5.6 2.2 -8.9 -7.8 2.2 -6.7 -2.8 -2.8 9.4 -5.6 12.8 17.2 -3.3 -12.2 -5.6 16.7 21.1 3.3 3.9
0.09178082 10 -0.6 21.1 11.1 6.1 -1.1 4.4 13.3 10.6 8.3 1.1 6.7 -1.7 16.7 1.1 2.8 12.8 11.1 -2.2 -4.4 0.6 -0.6 -11.7 -3.9 8.3 -5 8.3 10 -5 -16.7 5 16.7 10.6 2.8 6.7
0.09452055 5 -3.3 17.8 22.2 11.1 7.2 6.1 15.6 8.3 10.6 8.9 0.6 -2.8 14.4 12.8 3.9 -2.8 8.3 7.2 -10.6 2.2 -1.1 -12.8 -5 6.7 -6.1 3.9 5.6 -5 -17.8 13.9 17.2 5.6 2.2 0.6
0.09726027 7.2 0 11.7 22.8 12.8 15.6 11.1 10.6 9.4 11.1 13.3 -2.8 11.1 10 4.4 -8.3 -7.2 10.6 -6.7 -5.6 4.4 5.6 -12.8 -0.6 3.9 -8.9 2.8 1.7 -12.2 -15 17.8 17.2 7.2 6.1 8.3
0.1 NA 0 -0.6 18.3 8.3 10 13.9 -2.2 7.2 6.1 16.7 -3.9 8.3 1.7 -2.8 -5 -2.2 -0.6 -6.7 3.9 3.9 10 -3.3 -4.4 14.4 -2.8 1.1 12.8 -2.2 -7.2 11.7 17.8 8.9 7.8 7.2
0.1027397 16.1 -0.6 3.9 11.7 4.4 7.2 7.2 1.7 3.9 3.3 16.7 -7.8 4.4 -1.1 1.1 8.3 13.9 2.8 -6.7 -3.3 -3.3 2.8 -1.7 0 12.8 -10 -1.7 21.1 0.6 2.2 20 11.7 8.3 10 -9.4
0.1054795 NA 2.8 4.4 16.7 8.3 1.1 14.4 11.1 9.4 1.1 13.3 -8.3 3.3 -1.7 3.9 -4.4 18.3 12.2 -7.2 -3.3 -2.8 -0.6 -7.2 5 12.8 1.1 -5 8.3 2.8 -4.4 8.9 18.9 0.6 0 -13.9
0.1082192 NA 4.4 5.6 10 12.2 1.7 10.6 12.8 11.1 10 9.4 -2.8 -5.6 5 2.8 -2.8 22.2 18.3 -1.7 -1.7 -7.8 -4.4 -8.3 0.6 7.2 0.6 -3.3 13.3 1.7 6.1 12.2 12.8 12.8 1.7 -10.6
0.1109589 0 11.7 10 2.2 8.3 0.6 8.9 12.8 7.2 9.4 13.9 8.3 -4.4 7.8 10 9.4 20.6 17.8 -2.2 2.2 1.7 -9.4 -5 4.4 15 -5.6 -3.3 15 -0.6 12.8 16.7 11.7 13.3 3.3 2.2
0.1136986 -0.6 19.4 21.1 0 7.2 -4.4 7.8 12.2 2.2 8.3 11.7 8.9 1.7 7.2 17.8 2.2 15.6 15 -1.7 5 -1.7 -2.2 -4.4 5 16.7 -3.9 -8.9 20.6 -13.9 5.6 20 17.8 -0.6 0.6 9.4
0.1164384 -0.6 16.1 19.4 0 6.7 -6.7 13.3 15.6 0 2.2 12.2 8.3 12.8 3.3 17.8 6.1 22.8 12.8 -1.1 -3.3 0 6.7 -0.6 0.6 10.6 -1.1 -3.9 19.4 8.9 1.7 21.7 11.1 -0.6 -1.7 3.3
0.1191781 -0.6 13.3 17.2 6.1 8.9 -1.1 7.8 23.3 -2.8 -1.1 12.2 3.3 20 2.2 16.7 -2.8 13.3 18.3 -4.4 -0.6 1.7 12.2 2.2 7.2 15 4.4 0 18.3 17.8 0 6.1 15.6 4.4 2.8 11.7
0.1219178 -1.7 12.8 11.7 4.4 7.2 1.1 6.1 25.6 -3.3 -0.6 -0.6 12.8 16.7 -2.8 5.6 -2.8 19.4 6.1 -4.4 1.7 -1.7 18.3 6.1 7.2 20 3.3 -2.8 8.9 5.6 -1.1 -6.7 3.3 3.3 2.8 13.3
0.1246575 5.6 16.1 14.4 7.2 7.2 -1.1 6.1 21.7 2.8 -0.6 7.2 14.4 7.8 0 5 -3.3 18.3 -0.6 -3.3 0 -3.9 12.8 7.2 9.4 17.8 5 6.7 5 9.4 -1.1 -5.6 0 10 -0.6 13.3
0.1273973 8.9 22.2 12.8 10.6 6.1 -1.1 6.7 -0.6 8.3 -0.6 20 13.9 16.7 -2.8 16.7 -4.4 15 8.9 -7.2 -12.8 -7.2 21.1 3.3 13.9 7.2 6.7 8.3 4.4 11.1 2.8 -1.7 14.4 15.6 -10.6 18.3
0.130137 5.6 17.2 11.1 15.6 8.9 6.7 10.6 8.9 1.1 0 27.8 16.7 12.8 7.2 20 0.6 15 20 -7.8 -11.7 -2.2 23.9 3.9 11.1 7.2 5 23.9 3.9 9.4 -2.8 5 13.3 8.9 -12.2 15.6
0.1328767 5 -0.6 11.1 12.8 7.8 10 6.1 4.4 2.2 2.8 26.7 13.9 10.6 5 10 -1.1 18.9 17.8 -6.7 -3.9 1.7 17.8 13.9 15.6 2.2 7.8 10.6 4.4 10 -2.8 6.7 6.1 5 -5.6 19.4
0.1356164 NA 7.2 6.1 18.3 5.6 10 -3.9 0.6 16.1 1.1 9.4 12.2 16.7 6.7 15.6 4.4 15.6 11.1 -0.6 6.7 6.7 20.6 18.3 17.2 4.4 7.8 3.9 8.9 10 1.1 9.4 8.9 12.8 -1.1 15
0.1383562 -3.3 12.2 3.9 10.6 10 14.4 -6.1 1.7 13.3 1.7 16.7 3.3 21.1 16.1 14.4 5 19.4 15 -1.7 2.2 7.2 24.4 18.3 10.6 8.3 9.4 0.6 5.6 5.6 0.6 7.2 22.8 14.4 0.6 2.8
0.1410959 -6.1 14.4 3.9 -3.9 2.8 7.2 -1.7 17.8 -5.6 2.8 20 0 17.8 7.8 5 5.6 3.3 25 -2.8 3.9 2.8 11.1 21.7 5 17.2 13.9 1.1 12.2 19.4 3.9 5.6 22.2 6.1 -1.7 3.9
0.1438356 -8.9 11.7 6.1 4.4 12.8 0.6 2.2 13.3 -6.1 2.8 16.7 -2.2 2.8 17.2 8.9 0.6 9.4 20 6.7 11.1 2.8 13.9 25.6 12.8 22.8 7.2 10.6 7.8 11.1 -4.4 10.6 12.2 14.4 -6.1 -0.6
0.1465753 -8.3 10 2.8 10 11.7 1.7 4.4 0 -1.7 2.2 13.9 2.8 15.6 16.1 3.9 1.7 20 9.4 7.2 1.1 4.4 19.4 4.4 16.1 8.3 4.4 11.1 13.9 5.6 1.7 17.8 10.6 16.7 -6.1 -5.6
0.1493151 -6.7 8.3 -5.6 18.3 13.3 -3.9 11.1 6.7 2.8 3.3 12.2 6.7 13.9 2.2 0 6.7 18.3 14.4 9.4 1.1 10 26.7 6.1 6.1 11.1 11.7 19.4 7.8 6.1 11.7 6.1 6.7 7.2 -5 4.4
0.1520548 -6.1 21.7 -6.7 9.4 11.1 8.3 8.9 12.2 9.4 4.4 10 5 5.6 2.2 11.7 8.3 17.8 10 1.1 4.4 2.8 21.7 2.8 4.4 12.8 15.6 26.7 8.3 12.8 22.2 5.6 8.9 9.4 -5.6 -8.9
0.1547945 -3.9 16.1 -7.8 7.8 6.1 15.6 13.3 15.6 10 5 16.7 8.9 8.9 5 21.1 4.4 22.8 7.8 2.2 7.2 12.2 22.2 5.6 13.9 5.6 6.7 21.1 8.3 21.1 3.3 12.2 6.7 17.2 -6.7 -4.4
0.1575342 -6.7 13.3 -12.2 20 8.9 19.4 8.3 16.7 10.6 5 15.6 7.8 23.9 9.4 15.6 11.7 25 9.4 2.8 12.2 18.3 15.6 9.4 15.6 2.2 10.6 7.8 7.8 17.2 7.2 9.4 12.8 19.4 -0.6 2.8
0.160274 -4.4 10 -7.8 7.8 12.8 11.7 15.6 18.9 8.9 1.7 13.3 6.1 27.8 12.8 16.1 12.8 18.3 11.7 0.6 2.8 7.2 12.2 11.7 17.8 2.8 13.9 6.7 6.1 13.9 1.7 8.3 21.1 20.6 6.1 1.7
0.1630137 -6.7 16.1 -1.1 17.8 16.1 5.6 19.4 25.6 20 1.1 5.6 2.8 25 10 22.2 9.4 1.7 4.4 -2.8 6.1 -7.8 14.4 21.7 20 15.6 16.1 20.6 11.1 21.7 -2.2 12.2 15 26.1 3.3 2.8
0.1657534 -7.2 19.4 4.4 11.7 22.2 2.2 21.7 21.7 16.1 3.3 23.3 -1.1 6.1 13.3 27.2 1.7 3.9 9.4 -1.7 13.9 0.6 11.7 11.7 24.4 11.1 12.2 17.8 18.3 5 3.9 16.7 -1.7 26.1 1.7 10.6
0.1684932 -6.7 15.6 3.9 22.8 18.9 0 16.1 19.4 6.1 1.7 19.4 -1.1 15.6 7.2 20 -2.2 3.3 3.3 -8.3 2.8 7.8 8.3 -1.1 21.7 10.6 21.1 17.2 18.3 6.1 4.4 12.8 10 18.9 2.8 21.1
0.1712329 -11.1 11.7 3.3 16.1 5 1.1 2.2 8.3 19.4 2.8 13.3 5.6 12.8 3.3 15.6 3.3 -2.2 3.9 -7.8 1.7 2.2 7.2 -1.7 18.3 6.7 4.4 18.9 23.9 8.3 -7.2 18.9 23.3 16.1 6.1 19.4
0.1739726 -9.4 7.2 0.6 4.4 20.6 7.8 2.2 6.1 17.8 1.1 17.8 6.1 14.4 8.9 18.9 8.9 -3.3 10 4.4 7.8 -3.9 10 -1.7 19.4 5 6.7 12.8 24.4 5 -5 18.3 25 15 9.4 25
0.1767123 -5.6 2.8 1.7 10 15.6 7.2 7.2 11.1 16.7 3.9 15.6 2.2 30 16.1 25 3.3 5.6 13.3 3.3 13.9 7.8 13.9 4.4 12.8 9.4 11.7 20.6 25 18.9 2.8 10.6 8.3 15 6.1 14.4
0.1794521 -2.2 5.6 14.4 12.2 3.3 10 10 8.3 14.4 2.8 22.2 3.9 NA 16.7 12.2 3.9 8.9 22.2 0 8.3 5 5.6 4.4 7.2 14.4 14.4 1.1 21.7 17.2 11.7 13.3 11.1 22.8 14.4 8.9
0.1821918 0.6 7.8 10 12.2 3.3 8.9 17.2 8.9 20 1.1 24.4 8.3 10 9.4 22.2 0.6 5 26.7 0.6 7.8 8.9 8.3 7.2 7.2 0.6 16.1 16.1 15.6 8.9 17.2 13.3 14.4 23.3 13.9 4.4
0.1849315 6.1 15 2.8 16.1 8.9 4.4 15 19.4 17.8 -2.2 18.3 10.6 18.3 6.7 17.2 0 17.8 22.8 12.2 10 14.4 12.8 8.3 7.8 5 16.7 26.1 2.2 16.7 23.9 20 16.1 13.9 17.2 10.6
0.1876712 -0.6 20.6 1.7 10 9.4 5 18.3 25 10 -2.2 1.1 15 21.7 6.1 3.9 3.3 15 19.4 14.4 5 12.2 15.6 25.6 6.1 14.4 16.7 15 2.8 20 27.8 21.7 21.7 2.2 7.8 13.9
0.190411 -1.7 17.8 3.3 10 13.9 12.8 20.6 21.1 5.6 1.7 0.6 18.3 30.6 19.4 10 0.6 19.4 16.7 8.3 19.4 3.9 15.6 11.1 11.7 2.8 13.3 13.3 11.7 11.1 26.1 17.8 26.7 14.4 0.6 20.6
0.1931507 -1.7 16.1 3.3 6.7 22.8 12.2 19.4 21.1 5.6 1.7 5 22.2 27.8 22.8 6.1 0.6 9.4 7.2 10.6 21.1 2.2 18.3 22.2 20 3.3 5 7.2 16.7 3.3 16.1 25 13.3 9.4 1.1 12.8
0.1958904 -1.7 13.3 2.8 2.8 20 11.7 20 18.9 12.8 3.3 4.4 26.7 15.6 17.2 6.1 -0.6 10 17.8 6.7 14.4 10.6 17.2 17.8 19.4 15.6 11.1 6.1 22.8 1.7 6.7 23.3 1.7 20.6 -0.6 20
0.1986301 1.1 24.4 7.2 10 15.6 14.4 22.2 9.4 18.3 6.1 6.1 25 19.4 15.6 10.6 1.7 10 21.1 8.3 16.1 18.3 18.3 9.4 22.2 20.6 16.7 12.8 20.6 2.8 13.9 8.3 7.8 17.8 8.3 24.4
0.2013699 1.1 21.1 7.2 18.3 22.2 12.2 22.8 7.2 20 12.8 5.6 15.6 21.1 11.1 9.4 5 3.9 15 9.4 5 21.7 18.9 10 11.1 17.8 17.8 12.8 7.8 5.6 14.4 11.7 2.2 14.4 12.2 16.7
0.2041096 0.6 13.3 7.8 15.6 15.6 8.9 26.7 20 21.1 17.8 7.8 16.1 18.9 7.2 7.8 8.9 11.7 16.7 7.8 9.4 15 21.7 18.3 2.2 1.7 16.7 13.9 7.8 -1.7 21.1 12.8 7.2 23.9 5.6 21.7
0.2068493 3.9 12.8 13.3 13.3 16.7 9.4 23.3 13.3 23.3 22.2 5 16.1 23.3 13.3 17.8 8.9 21.1 23.3 7.8 12.8 12.8 18.9 15.6 3.9 6.1 20.6 21.7 13.9 1.7 3.3 16.1 8.3 11.7 -3.3 28.9
0.209589 8.3 7.2 17.2 9.4 23.3 -2.2 15.6 6.7 23.3 22.2 4.4 15.6 17.2 17.2 16.7 17.2 24.4 16.1 24.4 19.4 21.7 8.3 8.3 2.2 1.7 22.2 11.1 8.3 10 6.7 12.8 20.6 5.6 -0.6 21.1
0.2123288 7.8 8.3 21.1 16.1 20 -1.1 19.4 13.9 17.8 20 6.1 6.1 27.8 9.4 8.9 23.9 27.2 8.9 12.2 11.7 21.7 15 16.7 1.7 -0.6 20 8.3 19.4 20 16.7 10.6 17.8 3.3 3.9 27.8
0.2150685 4.4 6.1 16.1 17.2 13.3 4.4 22.2 15 8.3 13.3 10 17.2 26.1 13.3 2.2 18.9 15 16.7 18.3 13.9 13.3 15 12.8 0.6 9.4 18.3 4.4 21.7 25.6 7.2 22.2 23.3 15 12.8 18.3
0.2178082 4.4 12.8 11.7 11.7 7.8 11.1 21.1 11.7 5.6 19.4 15.6 16.1 19.4 13.9 10.6 15 15 7.8 23.9 15 14.4 14.4 8.9 3.9 9.4 14.4 16.1 15 28.9 6.7 23.3 23.3 12.2 12.2 23.3
0.2205479 2.2 15.6 12.8 25 15.6 8.9 16.1 25.6 4.4 21.7 13.9 9.4 19.4 19.4 10.6 13.3 16.1 19.4 21.1 12.8 17.2 15.6 14.4 6.7 6.1 8.9 20.6 18.3 27.8 14.4 14.4 18.3 7.8 5.6 28.3
0.2232877 5 15 15.6 24.4 12.8 -1.1 3.9 31.7 11.1 17.2 18.9 3.9 16.1 10 1.7 10 25 21.1 7.8 5.6 6.7 20 15.6 6.1 5 15.6 18.3 7.2 20.6 20 1.1 18.9 17.8 15.6 21.7
0.2260274 1.7 18.3 13.3 26.7 10 -6.1 5 29.4 19.4 6.1 23.3 1.1 10 9.4 6.1 5 18.9 21.1 10.6 7.2 7.2 19.4 12.8 6.7 12.8 14.4 25.6 5.6 19.4 25.6 -1.1 26.1 9.4 18.9 9.4
0.2287671 8.3 20.6 8.3 25.6 4.4 -5 15.6 23.9 24.4 5 20 2.8 11.1 6.7 13.3 NA 31.1 20.6 11.1 13.9 2.8 20.6 7.8 5 15 19.4 23.9 4.4 18.3 24.4 8.3 25 16.1 14.4 6.1
0.2315068 15.6 22.2 20 20 9.4 4.4 12.8 20 23.9 11.1 9.4 15.6 27.2 15.6 18.3 11.7 20.6 21.7 17.8 6.1 5.6 21.1 12.2 6.1 9.4 22.2 19.4 10 19.4 29.4 13.3 28.3 15 18.9 11.7
0.2342466 22.8 16.7 24.4 26.7 11.1 16.1 13.9 19.4 22.2 17.8 8.3 25 22.2 16.7 26.1 15.6 20 21.7 26.1 7.2 6.7 17.8 10 4.4 9.4 21.7 23.9 16.1 26.7 24.4 12.2 18.9 8.9 21.1 7.2
0.2369863 24.4 14.4 25.6 27.8 8.9 12.8 18.3 23.3 27.8 15 4.4 22.8 12.8 14.4 24.4 3.9 17.2 14.4 26.7 24.4 8.9 20.6 8.3 10 5.6 18.9 30.6 -2.8 19.4 26.7 7.2 18.9 14.4 18.3 10
0.239726 23.3 9.4 21.1 26.1 12.2 8.9 16.1 30 26.7 1.1 3.9 19.4 10 5.6 21.1 2.8 14.4 15 23.3 26.7 6.1 13.3 12.2 6.1 10 9.4 31.1 -5 13.3 25.6 5 8.3 10.6 21.1 8.3
0.2424658 18.9 11.7 12.2 21.1 17.2 11.1 26.1 28.9 31.7 2.2 4.4 28.9 11.1 7.8 23.9 14.4 12.8 8.9 27.8 12.8 6.7 25.6 20.6 16.1 9.4 2.2 27.8 0 16.7 13.3 6.1 15.6 12.8 11.7 12.8
0.2452055 22.8 15 10 23.9 26.1 21.7 28.3 21.1 26.1 15.6 3.3 30.6 10 7.8 25.6 15.6 13.9 10.6 30.6 11.1 13.9 18.9 21.1 21.1 7.2 5 27.8 11.7 16.7 16.7 15 21.7 12.8 6.1 19.4
0.2479452 20.6 16.7 7.8 28.3 28.3 18.3 22.8 19.4 16.7 23.9 2.2 26.7 NA 13.3 19.4 0 21.1 18.9 20 3.9 11.7 24.4 25 8.9 7.2 13.3 16.7 10 7.2 21.1 15.6 25.6 9.4 6.1 23.9
0.2506849 8.9 22.2 10 25.6 23.9 11.1 27.2 18.3 16.7 18.9 14.4 17.2 25 14.4 21.7 -1.7 23.9 18.9 25 6.7 5.6 30 25.6 8.3 10.6 25.6 17.2 5 10 23.9 15 17.8 11.7 10.6 16.7
0.2534247 20 20 16.7 19.4 19.4 20 18.3 17.2 17.8 18.9 12.2 16.7 12.2 11.1 17.2 13.9 15.6 5.6 27.2 3.3 7.8 27.8 16.7 5.6 8.9 23.9 22.8 10 22.8 18.3 20.6 16.7 26.7 6.1 18.9
0.2561644 17.2 21.1 15.6 13.3 9.4 13.9 13.9 28.3 5.6 20 12.8 13.9 16.1 13.3 8.3 19.4 13.3 7.8 22.2 15.6 14.4 15 12.8 2.8 11.7 15 18.9 13.3 25.6 14.4 16.7 25 22.8 3.9 25.6
0.2589041 18.9 19.4 17.8 19.4 14.4 14.4 12.8 30.6 11.7 15 22.8 10.6 29.4 20.6 16.1 21.1 23.3 11.7 24.4 20.6 19.4 17.2 5.6 3.9 16.1 13.3 23.3 13.9 14.4 17.8 10 30 26.7 6.1 2.8
0.2616438 19.4 16.7 16.7 22.8 17.8 20.6 18.3 25.6 23.3 17.2 23.9 18.3 30 23.3 22.8 17.2 25 25 23.9 8.3 21.7 25 3.9 6.7 18.3 12.8 26.1 13.3 22.8 18.3 12.2 29.4 23.9 8.9 7.8
0.2643836 20.6 11.7 17.2 23.3 10.6 20 21.1 20 20 23.3 27.8 24.4 22.8 11.7 16.1 14.4 20.6 27.2 28.9 27.8 16.1 26.1 7.8 11.7 16.1 13.9 27.2 20.6 28.3 28.3 18.9 28.3 17.8 11.1 17.2
0.2671233 17.2 7.8 14.4 26.1 12.8 21.1 18.9 30 16.7 23.9 24.4 25.6 9.4 1.7 16.7 18.3 14.4 28.9 28.9 14.4 15.6 20 8.9 7.2 10 12.8 18.9 22.2 28.9 12.2 19.4 22.2 25 15.6 20
0.269863 18.3 NA 15.6 21.7 23.9 18.3 13.9 26.1 20.6 21.1 25 21.7 20.6 3.9 18.3 18.3 22.8 28.3 22.2 14.4 17.2 25 17.2 7.8 12.2 18.9 16.7 21.1 12.8 6.7 21.7 17.2 19.4 25 12.8
0.2726027 23.9 12.2 16.1 13.3 25 23.9 23.9 17.2 23.9 20.6 27.8 26.1 23.3 8.9 18.9 10 26.7 27.2 13.3 10 22.8 29.4 17.8 16.1 12.2 22.2 18.3 17.8 13.9 9.4 13.3 19.4 28.9 22.2 15
0.2753425 23.3 8.9 19.4 16.1 22.2 21.1 21.1 20 28.3 23.9 25.6 26.7 20 20 19.4 6.7 13.9 25.6 22.2 18.9 12.8 27.2 25 20 16.1 26.7 21.7 13.3 15.6 16.1 6.1 24.4 16.1 19.4 8.3
0.2780822 22.2 12.8 15.6 19.4 26.1 17.2 11.1 22.8 25.6 23.3 23.9 26.1 28.9 17.8 19.4 16.7 20.6 23.9 20 11.7 14.4 26.7 29.4 13.9 18.3 26.1 16.7 9.4 20.6 18.3 3.9 25.6 7.8 11.7 6.1
0.2808219 20 19.4 18.9 21.1 17.2 10 10 20 18.9 21.1 7.2 23.9 29.4 18.9 11.1 10 23.9 17.8 18.9 20.6 13.9 25 24.4 3.9 15 21.7 25.6 8.9 27.2 21.1 16.7 15 21.1 7.8 25.6
0.2835616 25 20 19.4 23.9 21.1 21.1 17.2 24.4 18.3 23.3 14.4 21.7 15 21.7 12.8 13.9 28.9 24.4 17.2 20.6 14.4 16.1 28.9 7.8 15 23.9 11.1 11.7 16.7 23.3 23.3 15.6 30 6.7 27.2
0.2863014 25 11.7 17.2 30.6 28.9 22.2 18.3 28.9 24.4 26.7 22.2 28.3 10.6 18.3 13.9 18.9 24.4 20 11.1 26.1 21.7 16.7 27.8 16.7 17.2 27.8 13.3 20 17.8 22.8 19.4 23.3 24.4 11.7 16.7
0.2890411 21.7 11.1 22.2 28.3 33.3 26.7 22.2 28.9 27.2 22.8 23.3 26.1 23.3 14.4 15 24.4 21.1 20 10.6 28.9 15 27.2 15.6 16.1 19.4 26.7 17.2 27.2 20 28.3 18.3 20 12.8 17.8 26.1
0.2917808 15.6 16.1 22.8 23.9 27.8 22.2 20.6 20.6 23.9 11.7 18.9 22.8 28.3 22.2 18.3 27.8 21.1 20.6 11.1 26.7 16.1 30.6 16.7 22.2 18.3 28.9 22.8 28.3 19.4 16.7 9.4 16.7 15 20.6 31.7
0.2945205 21.7 22.8 27.8 26.1 21.1 21.1 10.6 20 12.8 15.6 18.3 21.7 21.1 22.8 24.4 11.1 16.7 21.1 9.4 18.9 17.2 23.3 23.3 13.3 18.3 31.1 17.8 31.1 13.3 17.8 11.7 17.8 19.4 23.3 34.4
0.2972603 26.1 31.7 28.3 22.2 17.2 27.2 10 17.8 16.7 19.4 17.2 26.1 11.7 19.4 25 16.1 22.8 21.1 12.8 22.8 27.2 19.4 15 13.3 19.4 24.4 20 31.1 18.3 24.4 15 10.6 16.1 17.8 21.1
0.3 23.9 30 30.6 26.7 25.6 31.1 7.2 25.6 20.6 25.6 14.4 25 10.6 24.4 25.6 23.3 13.9 16.7 12.8 19.4 31.1 12.8 13.3 15.6 11.7 29.4 19.4 24.4 25.6 28.3 22.2 15 9.4 12.8 28.3
0.3027397 29.4 18.3 30 22.8 24.4 29.4 18.3 21.1 21.1 23.3 20 26.1 16.1 21.1 21.7 20 23.9 13.3 13.9 21.1 32.8 17.8 16.7 12.2 7.8 27.8 16.1 16.1 25 34.4 26.7 10 10 14.4 20.6
0.3054795 30 22.8 26.7 20 21.7 31.1 15.6 18.3 11.7 22.8 22.2 23.3 25 20.6 20.6 20.6 22.8 18.9 20 23.3 30.6 19.4 17.2 11.7 7.8 25 19.4 19.4 11.1 37.8 30.6 19.4 19.4 24.4 21.7
0.3082192 27.8 30.6 26.1 17.2 21.7 30 20.6 13.3 15.6 20 18.3 20.6 18.3 23.9 21.7 27.8 27.2 23.3 21.7 22.8 25.6 23.3 22.2 18.9 21.1 16.7 28.9 25.6 15 37.8 28.9 19.4 14.4 22.8 28.3
0.3109589 31.7 24.4 26.1 13.3 23.9 24.4 26.7 14.4 17.8 21.1 23.3 22.2 16.1 22.2 21.7 26.1 15 19.4 15 23.9 19.4 25.6 20 19.4 21.7 25.6 27.2 26.7 22.2 37.8 27.2 17.8 19.4 17.2 30
0.3136986 24.4 17.2 27.2 21.7 27.8 15.6 27.8 12.8 17.2 22.8 26.1 20 7.8 12.2 27.2 26.7 15 20 17.2 16.7 17.2 31.1 20.6 25 28.3 18.3 29.4 30 21.7 34.4 21.7 19.4 16.7 20.6 28.9
0.3164384 22.2 17.2 28.3 21.1 25.6 18.3 25.6 11.1 18.9 18.9 26.7 16.1 8.9 14.4 24.4 25.6 10.6 25 20.6 21.7 13.9 31.7 19.4 25 27.2 20.6 30 31.7 12.8 37.8 23.3 28.9 15.6 25 18.3
0.3191781 20.6 17.8 25.6 21.7 14.4 16.1 22.8 18.3 17.2 13.9 32.8 19.4 15.6 15.6 30 23.9 9.4 28.9 21.1 13.3 16.1 32.8 10.6 16.7 16.1 15 17.8 24.4 18.9 34.4 17.8 20.6 18.3 24.4 6.1
0.3219178 17.2 16.1 18.3 26.7 18.3 21.1 17.2 22.8 17.8 13.3 32.2 19.4 14.4 22.8 26.7 21.1 8.3 26.7 25.6 18.3 24.4 22.8 8.3 18.9 16.1 20 23.9 27.2 24.4 22.8 20 23.3 20.6 18.3 7.8
0.3246575 13.3 23.9 18.3 21.1 23.9 31.7 22.8 31.1 25.6 19.4 30 18.9 17.8 26.7 17.8 20 12.2 22.8 24.4 17.8 25.6 29.4 12.2 19.4 11.1 17.8 28.9 32.8 20 18.9 15 11.7 30 22.2 7.2
0.3273973 12.8 22.8 17.8 17.2 21.7 33.3 16.7 28.9 28.3 26.1 25 23.9 22.2 21.7 22.8 16.1 17.8 22.8 15 17.8 24.4 16.7 19.4 20 17.2 21.1 22.8 28.9 23.9 17.8 16.1 16.7 32.8 17.2 7.2
0.330137 20.6 20.6 18.9 21.1 18.3 33.3 15.6 14.4 31.7 26.7 17.2 29.4 18.3 12.2 21.1 20 22.8 25.6 14.4 22.8 21.7 23.9 20 18.3 18.3 22.2 20 30.6 22.2 17.8 15 21.7 31.7 14.4 13.3
0.3328767 23.3 15 27.2 26.7 25.6 31.1 25 18.3 33.9 26.7 22.8 28.3 18.3 15.6 23.9 20 14.4 22.2 15 15 25.6 29.4 23.9 15.6 18.9 25 22.8 28.3 17.8 20 16.7 27.2 23.3 11.7 10.6
0.3356164 25 12.8 28.3 27.8 27.2 27.8 28.3 13.9 26.7 26.7 28.9 22.2 21.1 21.7 18.3 22.2 16.7 27.8 9.4 13.3 27.8 27.8 29.4 21.1 17.2 23.9 26.1 24.4 17.8 17.8 10 22.8 27.8 21.7 17.2
0.3383562 21.1 11.1 30 27.8 27.8 30.6 29.4 12.8 21.1 20.6 30 25 21.7 25 16.1 NA 26.1 31.1 12.2 18.9 26.7 19.4 30 22.2 20 27.8 27.8 15 19.4 24.4 21.1 10 26.7 25 23.9
0.3410959 20.6 20 31.1 25 27.8 26.1 31.7 12.2 21.1 20.6 31.1 26.1 28.3 21.1 23.9 NA 24.4 26.7 15 23.9 28.3 21.7 20.6 26.7 17.2 27.2 27.2 12.8 25 19.4 18.3 14.4 21.1 25 27.2
0.3438356 19.4 23.9 27.2 25.6 26.7 30 33.3 11.7 21.1 26.1 32.8 23.9 17.8 26.1 26.7 NA 17.2 27.8 10.6 27.8 27.2 18.9 16.7 28.9 15 24.4 26.7 22.2 27.2 21.1 23.3 22.8 21.1 23.9 24.4
0.3465753 18.9 23.9 32.8 29.4 32.2 27.8 33.9 25.6 17.2 22.2 30 16.7 14.4 16.7 27.2 23.9 18.9 25.6 17.8 25.6 18.9 12.8 25 20 11.7 27.8 27.8 25 29.4 31.1 29.4 24.4 25.6 27.2 16.7
0.3493151 22.2 18.9 28.9 34.4 27.8 27.8 30.6 24.4 23.9 20 30.6 24.4 18.3 25 26.1 27.8 20 29.4 19.4 17.2 16.7 18.9 25.6 20 18.9 26.7 23.3 26.1 23.3 32.8 26.1 24.4 30.6 18.3 22.2
0.3520548 22.8 21.1 28.9 34.4 26.7 27.2 17.2 28.3 22.8 23.3 28.9 22.8 15 26.1 23.3 25 19.4 25.6 22.8 20.6 21.1 15 27.8 24.4 19.4 28.3 25.6 28.9 23.9 22.8 20 26.1 28.9 12.8 25.6
0.3547945 21.7 25.6 33.3 29.4 28.9 22.2 14.4 33.9 16.1 22.2 29.4 22.8 15 24.4 29.4 26.1 25 25 26.7 10 26.7 16.7 27.8 23.9 27.8 28.9 23.3 28.9 28.9 25 17.8 25.6 25.6 13.3 26.7
0.3575342 22.8 27.2 32.8 31.7 24.4 25.6 25.6 30.6 17.2 22.8 33.9 20.6 18.3 22.2 21.1 22.2 27.2 25 26.7 18.3 16.7 20 28.3 26.1 25.6 26.1 26.7 28.3 28.3 23.9 17.8 26.7 23.9 22.2 30
0.360274 22.2 27.8 35 35.6 25 30 12.8 13.9 18.9 25.6 35 17.2 20 21.7 23.9 23.3 21.1 26.7 20 21.1 23.3 23.9 21.7 24.4 27.2 23.9 27.2 27.2 31.7 18.3 15.6 33.3 25.6 25 27.8
0.3630137 25.6 25.6 31.7 27.8 23.9 27.8 20.6 13.3 21.1 26.7 33.9 27.2 18.3 20.6 30.6 17.2 17.8 27.2 21.7 25 19.4 16.1 23.9 16.1 28.3 16.7 25.6 31.1 30.6 20 21.7 31.1 22.8 23.3 26.7
0.3657534 30 24.4 30 28.3 27.8 23.9 27.8 16.1 27.2 27.8 20.6 27.2 22.2 18.9 19.4 26.7 22.8 28.3 23.9 24.4 21.1 21.7 20.6 12.8 23.9 14.4 26.7 29.4 33.3 27.8 23.3 30.6 25 30 21.1
0.3684932 26.1 23.3 29.4 27.8 33.3 21.1 29.4 23.3 27.2 26.7 21.1 30 30 23.9 24.4 24.4 25 28.9 26.1 24.4 21.1 21.7 25 17.2 26.1 23.9 25.6 28.9 30 25 25 24.4 28.9 27.8 26.7
0.3712329 23.3 22.2 28.9 25 32.2 26.1 30.6 23.3 20 25.6 26.7 30 31.7 21.1 23.3 25.6 20 32.2 22.8 30.6 13.3 15 21.7 19.4 26.7 22.2 21.7 29.4 28.9 26.7 18.3 27.2 29.4 22.8 28.3
0.3739726 23.9 23.3 29.4 26.7 35 31.7 30 29.4 20 15.6 32.2 29.4 30 23.9 NA 30 22.2 30 23.3 28.9 15.6 15 23.3 14.4 28.9 22.8 16.7 31.1 31.7 20.6 23.9 24.4 22.8 15.6 28.9
0.3767123 27.2 20.6 26.7 24.4 33.9 26.1 27.8 36.1 19.4 22.2 32.8 26.1 30 31.1 28.9 31.1 23.3 27.8 22.2 25 17.8 13.3 28.9 15 28.9 24.4 20.6 25 34.4 23.3 22.2 24.4 26.7 20.6 28.9
0.3794521 25 17.2 30.6 17.8 34.4 21.1 25.6 30.6 18.3 26.1 32.8 19.4 30 28.9 29.4 33.9 28.9 26.7 28.9 20 22.8 19.4 28.9 19.4 22.2 27.8 22.2 30.6 31.7 28.9 23.9 22.8 26.7 15.6 27.8
0.3821918 18.9 20.6 30 23.9 34.4 28.3 31.1 23.3 16.1 25 34.4 26.7 28.3 28.3 30 28.9 29.4 22.8 22.2 22.8 23.9 21.7 24.4 16.1 26.7 22.8 22.8 25 27.8 27.2 17.2 21.1 27.2 20 28.3
0.3849315 25 18.9 31.7 22.8 34.4 28.3 31.1 25.6 18.9 17.8 33.3 25.6 30 32.2 27.2 32.2 27.8 21.7 24.4 21.7 25 22.8 20.6 20.6 28.3 25 24.4 18.9 20 21.1 23.3 29.4 28.3 23.9 28.9
0.3876712 28.3 18.3 29.4 19.4 35 29.4 37.2 30.6 17.2 13.9 33.3 24.4 30.6 24.4 28.3 27.2 26.7 26.7 27.8 26.1 25.6 24.4 22.8 23.3 23.3 25.6 21.1 21.1 21.7 27.2 26.1 28.9 24.4 22.8 31.7
0.390411 28.9 19.4 25.6 18.3 36.1 28.9 33.3 36.1 13.9 16.1 30 23.3 19.4 26.1 24.4 26.1 22.8 28.3 29.4 19.4 26.1 25.6 24.4 25 26.1 28.9 22.8 17.8 23.9 31.7 29.4 25.6 18.9 25.6 31.7
0.3931507 31.1 23.3 30.6 13.9 32.2 26.1 30.6 37.8 19.4 20 31.1 22.8 26.7 22.8 27.8 29.4 16.7 29.4 32.2 23.3 28.9 26.1 20.6 31.1 33.9 28.9 22.8 20.6 28.3 32.8 26.1 26.7 20.6 20.6 30.6
0.3958904 28.9 24.4 30.6 18.3 36.7 29.4 32.2 36.1 18.3 22.2 29.4 25 27.2 25.6 19.4 28.9 21.1 31.1 30 25 31.7 27.2 17.2 22.8 22.2 32.2 22.2 27.8 28.3 27.2 28.3 23.3 16.7 22.8 29.4
0.3986301 27.2 19.4 28.9 26.7 33.9 23.9 32.2 34.4 18.9 30 30 22.8 27.2 23.3 27.2 25 18.3 26.7 27.8 28.3 32.8 27.8 18.9 27.2 21.1 32.8 20 23.9 29.4 21.1 25.6 28.9 11.7 25 25
0.4013699 27.2 22.2 30.6 25 25 21.1 35.6 30.6 20.6 30.6 30 21.7 26.1 16.1 32.8 25 24.4 24.4 26.1 30 25 27.2 27.2 30.6 19.4 23.9 21.7 22.8 32.8 25.6 21.7 33.3 10.6 32.2 25.6
0.4041096 26.1 27.2 26.7 27.2 22.2 22.2 33.3 26.7 27.8 32.2 27.8 21.7 23.9 24.4 33.3 21.7 28.9 29.4 26.7 30.6 28.3 23.9 25 30.6 17.8 27.2 22.2 22.8 30.6 34.4 25 33.3 18.3 28.9 29.4
0.4068493 25 27.8 25.6 30 20.6 29.4 31.7 25 27.8 31.1 28.3 22.8 22.2 21.1 29.4 16.7 28.9 27.8 21.1 29.4 32.2 26.7 24.4 22.2 22.2 28.9 22.8 25 28.9 34.4 23.3 32.2 21.7 27.2 30.6
0.409589 26.7 31.1 30 30 17.2 32.2 30.6 22.8 27.2 28.9 31.1 23.3 23.3 25 28.3 18.3 25 20 32.2 22.2 27.2 25.6 24.4 18.9 25 32.2 27.2 29.4 28.9 34.4 21.1 29.4 22.2 27.2 36.7
0.4123288 28.3 30.6 30.6 26.7 25 30 27.8 20.6 25.6 30.6 28.9 30 25.6 25 23.9 21.7 26.7 NA 23.9 22.8 24.4 26.1 18.3 21.1 32.2 25.6 29.4 30.6 24.4 22.2 23.3 32.8 17.2 22.8 31.1
0.4150685 33.3 28.9 24.4 27.8 21.7 29.4 27.8 13.9 27.8 25.6 20.6 28.3 30 30.6 26.7 18.9 30 31.7 21.1 24.4 25.6 28.9 21.1 16.7 33.3 31.1 31.1 30 26.1 25 28.3 27.2 17.8 25.6 35
0.4178082 33.3 27.2 13.3 29.4 23.9 31.7 31.1 22.8 33.9 24.4 19.4 25 32.8 28.9 29.4 27.8 29.4 28.3 21.7 27.8 28.3 28.9 19.4 19.4 23.9 25.6 28.9 24.4 23.9 30 24.4 29.4 16.7 25.6 22.2
0.4205479 34.4 23.9 17.2 27.2 26.1 32.2 35.6 27.2 35 27.8 18.3 30.6 35 28.9 29.4 29.4 28.3 30.6 24.4 29.4 32.8 28.3 16.7 27.2 23.3 21.1 27.8 25.6 31.1 26.1 23.9 30 21.7 15 21.7
0.4232877 36.1 26.7 28.3 30.6 24.4 30 33.3 33.3 33.3 32.8 20.6 30.6 32.2 20 28.3 27.8 27.8 35.6 25.6 34.4 32.8 27.8 22.2 30 27.8 20 31.1 28.3 28.3 22.2 28.3 31.7 25 17.2 32.2
0.4260274 32.2 26.7 27.8 32.8 20.6 27.2 35.6 32.2 31.7 34.4 28.3 33.3 33.3 23.3 32.2 29.4 27.8 37.8 26.7 33.3 35.6 31.7 23.3 20.6 32.2 17.2 27.8 30 28.3 27.8 31.1 30 25.6 21.1 33.3
0.4287671 15.6 28.3 29.4 35.6 28.9 26.7 32.2 32.2 30.6 36.1 32.2 33.3 33.9 29.4 21.1 30.6 28.3 28.9 26.1 30.6 31.7 31.1 31.1 23.9 30 25.6 31.1 31.7 30.6 28.9 27.8 27.8 23.9 29.4 33.3
0.4315068 17.8 28.9 27.2 38.9 31.1 29.4 30 30.6 33.3 35 32.2 30.6 34.4 33.3 26.1 28.9 28.9 28.9 24.4 32.2 27.8 36.1 26.1 26.7 33.9 32.2 30 32.8 36.1 27.2 28.9 26.7 25 29.4 29.4
0.4342466 21.7 28.9 25 35.6 36.1 26.1 26.7 30 32.2 24.4 31.1 30.6 34.4 35 16.7 21.1 31.7 33.3 26.1 20.6 23.3 36.1 31.7 28.9 30.6 37.2 29.4 31.7 36.7 26.7 28.9 28.3 27.2 29.4 27.2
0.4369863 28.3 30 27.2 35 32.8 25.6 22.2 31.1 30.6 25.6 32.2 29.4 34.4 32.8 17.8 24.4 32.2 34.4 31.7 15 27.8 36.1 23.3 30.6 23.9 26.7 30.6 31.1 29.4 23.9 31.7 28.3 25 28.9 22.8
0.439726 27.2 31.7 32.2 32.8 26.1 26.7 26.1 27.8 29.4 26.7 33.3 27.8 27.8 31.7 27.2 17.8 35 37.8 33.9 25.6 31.1 28.3 25 21.1 27.2 26.1 29.4 25 28.9 21.7 27.8 30.6 20.6 30 26.7
0.4424658 28.9 35 31.1 35 32.2 29.4 36.7 26.1 28.9 26.7 31.7 27.8 28.9 33.3 23.3 25 35.6 33.3 33.9 29.4 31.1 25 25 25.6 30 23.3 27.8 32.2 32.2 25 33.9 31.1 25 30 30
0.4452055 23.3 33.9 28.9 35 35.6 26.7 35.6 29.4 29.4 23.3 28.3 31.1 34.4 30.6 27.8 29.4 33.9 31.1 28.9 33.9 32.2 31.1 28.3 25 32.2 17.8 32.2 36.1 33.9 28.3 33.3 33.9 27.8 31.7 36.1
0.4479452 20 35 26.1 37.2 35 26.7 29.4 31.1 36.1 24.4 32.8 31.1 26.1 30.6 30.6 33.9 37.8 27.8 31.1 36.1 37.8 32.2 26.7 23.3 29.4 27.2 34.4 37.2 35 27.8 33.3 32.8 28.3 30 38.9
0.4506849 27.2 28.9 29.4 36.1 30.6 27.2 30.6 34.4 34.4 23.3 33.9 31.1 27.8 28.3 34.4 26.1 28.3 30.6 34.4 38.3 37.8 32.8 31.1 26.7 32.2 28.3 29.4 37.8 31.7 17.8 32.2 36.7 26.1 30.6 36.7
0.4534247 31.1 26.7 31.7 33.3 27.2 27.8 29.4 33.3 25 21.7 33.3 32.2 30 37.2 28.3 28.3 25.6 33.3 37.8 35.6 31.7 23.3 25.6 31.7 30.6 32.8 33.9 36.7 30 23.9 30 29.4 31.1 31.7 32.2
0.4561644 27.2 22.8 33.9 30.6 31.7 26.7 28.9 25 22.8 20 33.9 32.2 30.6 32.2 25.6 31.7 33.3 28.9 40 35 25 26.1 25.6 27.8 33.9 36.7 34.4 36.1 32.8 27.8 35 31.7 35 34.4 32.8
0.4589041 30 26.7 31.7 26.7 33.3 26.7 25 28.9 30.6 18.3 34.4 34.4 30.6 32.8 27.2 28.3 32.2 29.4 32.8 29.4 30 32.2 26.7 30 30.6 29.4 32.8 34.4 34.4 28.3 31.7 33.9 29.4 30 36.1
0.4616438 30 28.9 30.6 30 35 28.9 29.4 30 33.3 31.1 32.8 36.1 31.7 27.2 36.7 30 27.2 29.4 31.1 35 32.8 28.3 22.2 29.4 30 26.1 33.3 26.7 38.3 32.2 36.1 35 31.7 28.3 35.6
0.4643836 32.2 31.1 34.4 30.6 38.9 32.2 32.8 31.7 32.8 34.4 30 36.1 33.9 27.8 40 31.1 27.8 29.4 35.6 31.7 25.6 31.1 26.7 35.6 28.9 27.8 33.3 29.4 41.7 36.1 33.3 33.3 28.3 23.9 35.6
0.4671233 30.6 26.1 31.7 35 37.8 33.9 35 28.9 35 32.8 30 31.1 21.7 30 41.1 32.2 31.1 28.9 25 32.2 20 33.3 30 36.7 27.8 35 32.2 30.6 42.8 36.7 31.1 36.1 25.6 31.7 36.7
0.469863 28.9 32.2 29.4 31.1 32.2 33.3 34.4 26.7 33.9 28.9 26.1 32.8 21.7 30 41.7 30 31.7 26.7 28.9 37.8 28.3 30 31.7 33.9 31.1 32.8 33.9 32.2 41.7 32.8 26.1 35 24.4 32.8 30
0.4726027 25.6 31.1 32.8 29.4 31.7 34.4 33.9 28.9 35.6 31.7 28.3 37.8 27.2 32.8 31.7 28.3 32.8 29.4 33.9 27.8 31.7 26.7 28.9 34.4 33.9 31.7 29.4 33.3 40.6 21.7 27.8 27.8 30.6 31.1 34.4
0.4753425 26.1 27.8 32.2 27.8 30.6 32.2 33.3 27.8 34.4 31.1 35.6 35.6 28.3 38.9 30.6 28.9 30.6 31.1 35 26.1 35 35 28.3 33.9 29.4 37.8 32.2 32.8 38.9 21.7 29.4 26.7 33.9 28.3 28.3
0.4780822 24.4 26.1 31.1 34.4 34.4 29.4 36.1 24.4 32.2 27.2 35 43.3 31.7 40.6 28.3 31.7 27.2 30.6 35.6 26.1 37.2 37.2 28.9 32.8 29.4 35 32.8 31.7 38.9 28.9 33.9 32.2 33.9 25 33.3
0.4808219 27.8 30 29.4 37.2 34.4 26.7 38.3 25 29.4 32.2 37.2 39.4 32.8 39.4 30.6 31.1 32.2 31.7 41.1 27.8 37.2 32.8 25 31.7 35 35 34.4 30.6 40.6 30.6 37.8 38.3 28.3 28.3 37.8
0.4835616 30 33.3 29.4 35.6 35.6 29.4 36.7 26.1 22.8 33.3 36.1 37.8 32.2 36.7 30 30 36.7 33.3 35 35 38.9 28.3 28.9 32.2 33.9 27.8 35 28.9 35.6 30 36.1 38.3 27.8 31.1 31.1
0.4863014 31.1 36.7 30.6 37.8 35.6 30.6 33.9 34.4 31.1 32.2 35.6 35.6 29.4 33.9 31.1 26.1 36.1 35 31.7 32.2 42.2 36.7 23.3 28.9 31.1 27.8 35 31.7 36.1 29.4 35.6 38.3 26.1 32.8 32.2
0.4890411 38.9 37.2 31.1 40 37.8 31.1 38.9 33.9 41.1 37.8 39.4 34.4 30.6 33.9 34.4 33.3 29.4 28.9 36.1 31.1 35.6 35.6 32.2 27.8 35 31.7 36.7 33.3 37.8 31.7 40.6 37.2 25 33.3 33.3
0.4917808 37.8 39.4 32.2 38.9 35 33.9 38.3 30.6 38.9 36.7 38.3 35.6 33.9 34.4 38.9 31.7 30 30 36.7 30.6 35.6 30 35.6 30.6 34.4 33.3 37.8 27.8 35 31.7 41.7 37.8 29.4 34.4 33.3
0.4945205 36.1 40 32.2 38.9 33.9 27.8 37.8 33.3 36.7 34.4 36.1 33.3 36.7 34.4 32.2 32.8 28.9 NA 37.2 30.6 44.4 27.8 31.7 37.2 30 31.1 32.2 25.6 26.7 29.4 37.8 38.3 30.6 33.3 35.6
0.4972603 30 37.8 33.9 39.4 36.1 35 37.8 34.4 30.6 28.9 37.8 32.8 32.2 38.9 40 33.3 26.7 31.1 33.9 28.9 38.3 31.7 31.1 38.9 28.9 32.2 32.2 28.9 18.3 31.7 41.1 36.7 33.3 33.9 37.2
0.5 41.7 32.8 32.2 37.2 37.8 33.3 37.8 30 29.4 36.1 41.1 32.8 28.9 38.3 38.3 31.7 28.9 35.6 36.1 32.8 29.4 29.4 34.4 37.8 32.2 32.8 33.9 32.2 22.2 30.6 42.2 34.4 25.6 32.2 29.4
0.5027397 34.4 35.6 34.4 39.4 38.3 30.6 38.9 28.3 31.1 42.2 33.9 33.3 20.6 39.4 38.3 33.3 26.1 38.3 40 37.2 34.4 28.3 37.2 36.1 34.4 37.2 36.1 32.2 32.8 32.8 41.1 33.3 27.2 33.9 30
0.5054795 29.4 36.7 32.2 40 38.3 31.1 39.4 24.4 33.3 40.6 32.8 32.8 23.3 37.2 32.8 34.4 29.4 36.7 39.4 34.4 41.7 29.4 35.6 30.6 30 38.9 37.2 30.6 36.7 33.9 41.7 36.7 34.4 31.7 35
0.5082192 30 41.1 29.4 40.6 45 30.6 43.9 23.9 33.3 32.8 32.2 33.3 27.2 36.7 35 35.6 30.6 37.8 40 23.3 38.9 31.7 33.3 31.7 33.9 32.8 37.8 32.8 36.7 33.9 31.7 42.2 30.6 28.3 34.4
0.5109589 27.2 38.3 32.2 36.7 45 31.1 40 25.6 30.6 32.2 35 34.4 30 38.3 37.8 35 31.7 38.9 35.6 17.8 40.6 32.8 31.1 33.3 28.3 35 27.8 35 36.7 35.6 38.3 43.3 34.4 27.8 33.9
0.5136986 26.7 30 36.1 33.3 42.8 33.3 36.1 28.9 32.8 34.4 36.7 40 30 39.4 38.3 35 35 31.1 30.6 22.8 40 31.7 31.7 33.9 33.9 39.4 30 30.6 35 36.1 39.4 40 36.7 30 26.1
0.5164384 24.4 31.7 35 34.4 36.7 33.9 38.3 30.6 35.6 36.7 37.2 36.7 36.7 38.3 38.3 35 37.2 33.3 40.6 32.2 41.7 33.9 31.7 36.1 40.6 41.1 35.6 29.4 33.9 34.4 39.4 30 34.4 32.2 27.2
0.5191781 31.7 30.6 29.4 32.2 33.9 33.3 41.1 34.4 33.3 35 36.7 33.9 36.7 37.2 38.3 27.8 37.8 32.2 26.1 31.7 43.3 33.9 32.8 37.8 39.4 40 32.8 32.8 28.9 36.1 35.6 37.8 27.8 27.8 31.1
0.5219178 38.3 32.2 32.8 29.4 33.3 31.7 39.4 37.2 36.1 30 36.7 34.4 34.4 36.7 38.3 30.6 36.1 34.4 26.1 35 43.9 36.1 28.3 38.3 32.8 37.8 31.1 34.4 32.2 36.1 32.2 33.9 30 33.3 32.2
0.5246575 38.3 32.8 32.2 22.8 30.6 30.6 41.1 36.1 36.1 35.6 35 33.3 31.7 37.8 39.4 27.2 35 32.8 27.8 36.1 44.4 37.8 32.2 33.3 31.7 41.1 32.8 33.9 32.8 34.4 30.6 33.3 31.1 26.1 32.8
0.5273973 36.1 28.9 32.2 29.4 29.4 36.7 42.2 32.2 35 38.9 33.3 39.4 35.6 36.7 39.4 27.2 34.4 35 40.6 37.8 41.7 38.9 33.3 37.2 33.3 41.1 32.2 28.3 35 33.9 25 35 33.9 29.4 31.7
0.530137 31.1 26.1 36.1 34.4 33.3 33.9 41.1 26.1 36.1 40 35 37.2 35 33.3 37.8 30 35 37.8 28.9 38.9 42.8 38.3 32.2 36.7 36.7 40 31.7 26.1 40.6 32.2 25.6 30.6 27.8 32.2 28.3
0.5328767 28.9 30.6 35 33.3 35 28.3 42.8 30 35.6 39.4 41.1 33.3 37.2 28.9 41.1 31.1 34.4 38.9 36.1 35 44.4 40 33.3 36.7 41.1 35.6 36.1 28.9 40.6 32.8 28.9 34.4 31.7 26.1 28.3
0.5356164 31.1 33.9 31.7 31.7 37.2 31.1 33.3 27.8 33.9 39.4 38.3 35 23.9 30 37.2 34.4 31.7 34.4 36.7 30 42.2 35.6 35 32.8 33.3 33.3 36.1 34.4 40.6 24.4 35.6 35.6 35.6 28.3 28.3
0.5383562 37.2 33.3 31.1 33.9 39.4 36.7 32.8 21.1 35.6 38.9 35.6 36.7 28.3 31.7 37.8 35 31.1 38.9 38.3 27.8 39.4 34.4 36.7 30 32.8 34.4 36.7 29.4 36.7 23.3 33.9 37.8 27.8 32.8 31.7
0.5410959 36.1 36.7 28.3 33.9 38.3 36.1 38.9 23.3 35.6 35.6 38.9 37.8 31.7 33.9 38.9 33.9 31.1 40 39.4 23.9 42.8 30.6 37.2 35 32.8 36.1 37.8 26.7 30.6 31.1 34.4 38.3 29.4 33.3 31.1
0.5438356 30 39.4 30 37.2 35.6 36.1 43.9 24.4 34.4 35.6 43.3 35.6 27.2 35.6 39.4 35 35.6 39.4 35.6 27.2 36.7 30.6 35 41.1 36.7 40.6 40 36.1 35 29.4 35 40.6 31.7 28.3 33.9
0.5465753 32.8 37.8 33.9 37.2 37.8 35.6 39.4 27.2 33.9 30.6 37.8 30.6 32.2 28.3 39.4 35 36.1 38.3 37.2 28.3 42.8 32.8 35 41.7 36.1 34.4 36.1 36.7 25.6 29.4 35.6 38.9 33.9 29.4 36.1
0.5493151 33.9 35 28.9 33.9 39.4 34.4 32.8 30.6 36.7 30.6 27.8 33.9 33.3 23.9 40.6 32.8 36.7 39.4 28.3 30.6 37.2 35.6 37.2 40.6 37.2 33.9 29.4 35.6 30 29.4 28.3 38.3 25 28.9 30
0.5520548 35 28.9 36.7 33.9 42.2 38.3 28.9 32.2 39.4 30.6 28.3 33.9 33.9 23.9 42.8 35 32.2 31.7 38.3 32.8 34.4 30 36.7 40.6 37.2 31.1 29.4 34.4 31.1 30 23.9 40.6 24.4 23.9 31.1
0.5547945 32.8 25.6 35 40.6 43.9 38.3 31.1 35.6 39.4 34.4 29.4 33.9 35 26.7 31.7 36.1 35 35 26.1 32.8 33.9 31.1 32.8 41.7 37.2 33.3 33.3 33.9 31.7 28.3 26.7 38.3 27.8 32.2 32.2
0.5575342 30.6 33.3 31.7 41.1 43.9 41.1 30.6 38.9 38.9 35 32.2 31.1 37.2 30.6 35.6 35.6 37.2 36.1 27.2 31.1 35 33.9 31.7 40 37.8 33.9 36.1 36.1 33.9 27.8 28.9 31.1 26.7 32.2 33.9
0.560274 32.2 36.1 31.1 37.8 40.6 38.9 38.3 37.8 27.8 35 30.6 28.9 32.2 28.3 36.1 31.7 37.2 41.7 32.8 33.3 36.7 28.9 33.3 31.1 35 35 39.4 37.2 36.1 30 32.2 29.4 33.3 35.6 26.1
0.5630137 36.1 36.1 30.6 35 37.2 31.7 35.6 33.9 28.9 32.2 35.6 31.1 32.2 27.8 35 31.7 38.9 28.3 36.7 31.1 31.1 30 34.4 33.3 35 31.1 35 36.7 33.3 30.6 31.7 31.7 35 32.2 31.7
0.5657534 38.9 37.2 27.8 33.9 37.8 33.3 38.3 35 35.6 37.2 38.3 31.7 35 32.2 40 35 37.2 30 34.4 32.8 32.8 25 35 36.7 31.7 32.2 35.6 36.1 30 32.2 33.9 31.1 28.3 30.6 26.1
0.5684932 34.4 40.6 31.7 31.1 31.7 32.2 36.1 33.3 34.4 30.6 36.1 28.9 25 34.4 40.6 37.8 35 32.8 34.4 35 36.7 22.2 32.2 43.3 30.6 33.3 36.1 36.1 33.3 32.8 35 30.6 30 31.1 27.8
0.5712329 33.9 36.1 30 29.4 36.7 30 32.2 29.4 30.6 33.3 36.1 28.3 30 32.2 40 37.2 35.6 35.6 35.6 35.6 42.2 21.1 30 38.9 32.2 30.6 40.6 37.8 31.1 33.9 30.6 33.3 32.8 31.7 27.8
0.5739726 32.2 38.9 30.6 32.2 33.3 31.1 31.1 36.7 31.1 32.2 40 24.4 28.3 32.2 33.9 36.7 36.1 36.1 31.7 38.3 42.2 27.2 27.8 36.7 32.2 23.9 41.7 37.8 35.6 38.3 31.1 33.3 33.3 33.3 28.3
0.5767123 28.9 37.8 30 36.1 39.4 33.9 31.1 36.7 38.9 31.1 41.7 27.2 30.6 31.1 36.1 35.6 41.7 38.3 30.6 32.2 41.1 31.1 31.1 37.8 34.4 33.3 36.7 37.8 38.3 38.9 27.8 39.4 26.7 37.2 31.7
0.5794521 31.7 37.2 28.3 38.9 39.4 29.4 35 35 38.3 32.2 41.7 28.9 31.7 30 36.7 33.3 32.2 27.8 33.9 27.8 37.8 33.9 34.4 38.3 35 25 30 39.4 38.3 31.1 28.9 38.9 26.1 35.6 34.4
0.5821918 38.9 33.9 27.8 41.1 41.1 33.3 37.2 33.9 26.1 30.6 37.2 32.2 31.7 29.4 26.1 30.6 29.4 33.9 29.4 30.6 41.1 34.4 35.6 40.6 33.3 25 26.7 40.6 36.7 32.8 30 40.6 29.4 30 30.6
0.5849315 41.1 32.2 30.6 41.7 43.9 36.7 32.2 34.4 30 33.3 41.1 33.3 33.3 30 27.8 31.7 30 32.8 30 34.4 36.7 32.2 36.1 40.6 35 28.3 30 40 36.7 32.2 34.4 40.6 30 28.3 31.7
0.5876712 40.6 35 33.9 37.2 42.8 38.3 30.6 33.9 34.4 33.9 38.3 33.3 25 31.7 26.1 33.9 30.6 29.4 22.8 36.7 39.4 32.8 38.3 40.6 36.1 30 31.7 33.3 37.8 35.6 34.4 27.8 26.7 21.7 26.1
0.590411 35.6 38.9 35.6 38.9 40 39.4 33.9 32.2 38.3 32.8 39.4 31.7 22.8 31.7 31.1 36.7 36.7 32.8 25.6 36.7 32.2 35.6 37.8 38.9 35 32.8 33.3 32.2 29.4 40.6 31.1 25 25.6 26.7 31.7
0.5931507 42.8 36.7 33.9 42.2 36.1 36.7 31.7 31.7 38.3 32.8 40.6 28.9 32.2 32.2 22.8 35.6 33.9 31.7 28.3 37.8 27.8 35.6 32.8 36.7 37.8 35.6 30 33.9 32.2 32.8 25.6 29.4 27.8 22.8 27.2
0.5958904 39.4 33.3 36.7 39.4 37.8 36.1 37.2 34.4 39.4 37.8 41.7 29.4 30 35 20.6 34.4 31.1 32.2 32.2 37.8 36.1 26.7 31.1 32.8 40 34.4 32.8 37.8 36.7 27.2 26.7 37.2 29.4 27.8 31.1
0.5986301 38.3 36.1 35 37.2 33.9 32.8 32.8 32.2 40 35.6 43.3 29.4 30.6 30 28.3 37.8 31.1 36.1 33.3 37.8 38.9 27.8 32.2 35 36.7 33.3 31.1 37.2 38.9 25 27.2 36.7 33.9 28.3 35
0.6013699 30.6 37.2 36.1 35.6 33.9 32.8 30.6 33.3 37.8 38.9 40 31.1 30 33.3 31.1 38.9 37.2 35 35 37.8 39.4 31.1 NA 36.7 36.7 33.9 31.1 29.4 33.9 27.8 31.1 29.4 34.4 30.6 32.8
0.6041096 28.9 39.4 36.7 32.2 39.4 33.9 26.7 31.7 35.6 38.3 33.3 33.3 28.3 33.9 23.3 38.3 41.7 35.6 33.3 37.8 39.4 29.4 33.9 37.2 37.8 34.4 27.8 28.3 33.9 30 33.3 26.1 32.8 34.4 33.9
0.6068493 27.8 37.2 36.1 33.9 38.9 33.9 28.3 27.2 32.8 36.1 31.1 37.8 32.8 32.8 27.8 37.8 36.7 30.6 32.2 29.4 40.6 27.2 20 40 33.9 26.7 27.2 31.7 36.1 26.1 33.3 28.3 33.3 35.6 31.1
0.609589 30.6 33.3 34.4 33.3 33.9 37.8 29.4 27.8 25.6 36.1 32.8 33.9 34.4 36.1 32.2 40 41.1 25 33.3 29.4 32.2 30 22.2 35 35 32.8 29.4 35.6 36.7 28.9 28.3 30 26.7 31.7 30.6
0.6123288 31.7 29.4 32.2 33.3 27.2 40.6 28.3 28.9 30 37.8 35 36.1 36.1 33.3 36.1 37.2 34.4 27.8 35.6 31.1 38.3 30 34.4 36.7 36.1 31.1 35 28.3 35 27.8 26.7 22.2 26.7 36.1 37.8
0.6150685 33.9 26.7 31.7 28.3 24.4 37.8 26.7 29.4 33.9 36.7 36.7 33.9 35 30.6 36.7 29.4 35.6 31.7 39.4 35.6 39.4 28.9 31.7 37.2 33.9 32.8 32.2 26.7 33.9 23.9 26.7 28.3 26.1 31.7 32.2
0.6178082 34.4 26.1 32.2 28.9 18.3 37.8 30.6 33.9 32.8 31.7 38.3 33.3 34.4 30.6 26.7 27.2 32.8 28.3 36.1 20 30.6 34.4 26.1 35.6 35.6 22.8 30 32.2 39.4 29.4 25 30 23.9 35.6 27.2
0.6205479 33.3 28.3 34.4 35.6 18.9 34.4 29.4 33.9 34.4 30 37.8 33.9 35.6 30.6 31.7 29.4 32.2 35 30 18.9 23.9 29.4 31.1 43.9 37.2 26.1 30.6 37.2 40.6 23.9 28.3 32.8 25.6 35.6 33.3
0.6232877 32.8 29.4 32.8 40 22.2 33.9 33.3 32.2 33.9 31.7 31.7 33.9 36.1 32.2 31.7 32.8 37.2 22.8 33.9 25.6 33.3 27.8 NA 43.9 36.7 31.7 32.2 32.8 38.3 31.1 32.8 33.3 27.8 36.1 33.9
0.6260274 29.4 31.1 32.8 30.6 29.4 36.1 37.8 35 32.8 36.7 36.7 35 35.6 33.3 29.4 31.7 37.8 27.8 38.3 34.4 32.2 24.4 25.6 43.3 38.9 30.6 32.2 33.9 38.9 31.7 33.9 32.8 27.2 37.2 33.3
0.6287671 28.9 29.4 41.7 26.7 28.3 33.3 35 31.7 35 34.4 41.7 35.6 35.6 33.3 31.1 32.8 36.7 26.1 27.8 34.4 36.1 25.6 31.7 39.4 31.1 25 30 27.8 36.1 32.2 33.3 35 29.4 37.2 34.4
0.6315068 30 27.8 40.6 28.9 32.2 29.4 30 27.8 39.4 35.6 37.2 36.7 36.7 36.1 37.2 32.8 34.4 27.8 27.2 32.8 36.7 27.2 35.6 36.7 33.9 23.9 32.2 31.1 30 29.4 29.4 30.6 29.4 28.9 33.3
0.6342466 30.6 27.8 33.3 32.2 29.4 27.2 36.7 31.1 37.8 35 36.1 35.6 37.2 35.6 37.2 35.6 35 31.1 32.2 32.8 32.8 28.3 28.3 27.2 30.6 24.4 33.3 38.3 33.3 30.6 30.6 23.3 30 26.1 28.9
0.6369863 33.9 22.8 35.6 32.8 28.3 23.3 23.9 33.9 37.8 33.3 24.4 36.1 37.2 36.1 31.7 36.1 37.2 28.9 36.7 31.1 32.8 30 30.6 36.1 28.9 33.3 23.3 38.9 37.2 35 31.7 35 30 27.8 30.6
0.639726 35 22.2 37.2 36.1 26.7 23.9 23.9 33.3 39.4 25 30.6 37.2 27.8 38.3 28.3 37.2 37.8 23.3 36.7 32.2 32.2 32.8 37.2 34.4 32.8 30 31.1 27.8 33.9 28.3 34.4 38.3 30.6 32.8 33.9
0.6424658 35.6 27.8 34.4 37.8 28.9 27.2 23.9 33.3 38.3 29.4 33.9 36.7 30.6 30.6 29.4 36.7 36.1 25.6 37.8 28.9 38.3 26.1 30.6 37.2 29.4 29.4 26.1 22.8 33.9 32.2 36.1 31.1 32.2 31.1 35.6
0.6452055 30.6 30 26.7 34.4 35 30.6 27.2 32.2 31.7 28.3 33.3 33.3 17.2 31.1 27.2 37.8 37.2 26.7 38.9 31.1 39.4 31.7 24.4 38.9 30.6 25 31.7 17.2 35.6 29.4 34.4 34.4 32.8 33.3 37.8
0.6479452 34.4 34.4 31.7 30.6 23.9 35 31.7 34.4 35 27.8 36.1 35.6 20.6 40 32.2 30 34.4 31.7 37.8 30 40 33.3 27.2 40.6 33.3 25 33.9 28.3 36.1 32.2 37.2 35 19.4 32.8 37.8
0.6506849 31.7 35.6 32.2 32.2 31.7 35 31.1 32.2 35.6 26.1 42.2 36.7 25 37.8 33.3 28.9 39.4 34.4 31.7 28.3 35 28.9 NA 41.1 37.2 27.8 25.6 19.4 30.6 33.3 39.4 33.9 17.2 35 33.9
0.6534247 33.3 35 34.4 39.4 29.4 31.1 32.2 29.4 33.3 29.4 42.8 32.8 28.3 34.4 26.1 33.3 31.1 28.3 35 23.3 22.2 24.4 26.1 38.3 42.8 30.6 23.9 25 26.1 32.2 39.4 34.4 25 29.4 38.3
0.6561644 33.9 35.6 35 36.1 28.3 27.8 32.8 35 23.3 31.7 38.9 31.7 30 33.9 26.7 30.6 32.8 25.6 30 35 35.6 27.2 30 36.1 44.4 32.2 21.1 27.8 26.7 31.1 39.4 35 29.4 26.7 27.2
0.6589041 28.9 35.6 35 30.6 33.9 35 32.8 33.9 19.4 32.2 36.1 33.3 29.4 33.9 28.3 32.8 33.3 26.1 28.3 33.9 36.1 33.3 35 37.8 40 32.8 27.2 29.4 29.4 29.4 36.7 33.9 28.9 33.3 25
0.6616438 33.9 34.4 34.4 32.2 28.3 33.3 32.8 28.9 24.4 31.7 34.4 32.8 22.2 32.8 31.1 33.3 32.8 30 28.9 36.7 34.4 35.6 33.9 37.2 33.9 34.4 30 26.7 31.1 30 38.9 33.3 24.4 26.7 29.4
0.6643836 35.6 35 28.3 30.6 NA 25.6 31.1 24.4 25.6 30 36.1 35 23.3 32.2 21.1 37.8 31.1 30 30.6 33.3 32.2 31.1 30 33.3 40.6 40.6 26.7 27.8 33.3 35.6 40 35 25.6 23.9 21.7
0.6671233 35.6 32.8 30.6 26.1 36.1 29.4 32.2 22.2 30.6 25.6 34.4 33.9 17.8 32.8 16.1 38.3 31.7 28.9 35 30 30 26.7 34.4 36.1 37.8 35.6 25.6 33.3 26.7 29.4 40 28.9 27.8 26.7 24.4
0.669863 32.2 36.7 30 33.3 37.2 29.4 30 19.4 34.4 28.3 32.8 34.4 19.4 33.3 18.3 36.1 32.2 31.1 37.8 33.3 35 28.3 28.9 37.8 29.4 37.2 23.9 31.7 29.4 27.2 36.1 30 32.8 25.6 22.2
0.6726027 36.1 30.6 31.1 30 37.2 27.8 30 19.4 31.7 27.8 36.1 36.1 18.9 27.8 20.6 32.8 37.8 26.7 35.6 33.9 36.7 26.1 32.2 37.2 28.9 35.6 30.6 34.4 27.2 31.7 35 31.7 32.8 25 28.3
0.6753425 35.6 21.1 25.6 30 29.4 28.3 29.4 25 23.9 31.1 34.4 33.3 25 27.2 22.2 32.8 36.1 26.1 37.8 33.3 29.4 28.3 32.8 37.8 28.3 33.9 28.9 34.4 28.9 26.7 36.1 28.3 29.4 31.7 29.4
0.6780822 35.6 26.7 21.1 27.8 25 24.4 34.4 26.1 22.2 33.3 35.6 33.3 27.2 26.1 23.3 30.6 40.6 28.9 37.8 35.6 37.8 32.2 31.7 33.9 30.6 35.6 29.4 25 26.1 26.1 36.7 31.1 31.7 21.1 30.6
0.6808219 36.7 36.1 25.6 36.1 33.3 34.4 24.4 26.7 30 33.9 38.3 39.4 33.3 28.3 23.3 28.9 37.2 31.7 37.8 29.4 37.2 24.4 25 30.6 38.3 37.8 18.9 25.6 27.2 33.3 36.1 32.2 31.1 21.1 29.4
0.6835616 35.6 31.1 24.4 34.4 33.9 32.8 26.7 28.9 31.7 31.1 37.2 39.4 21.1 21.7 28.9 32.8 33.9 29.4 36.1 29.4 35.6 25.6 25.6 35 33.9 36.7 17.2 30 35 33.9 36.7 29.4 26.7 21.7 28.9
0.6863014 36.1 32.2 26.7 33.3 34.4 28.3 27.8 32.8 31.7 27.2 34.4 37.2 23.9 26.1 29.4 31.1 21.1 31.7 34.4 30.6 35.6 28.9 26.1 37.8 28.3 31.1 20.6 26.7 33.9 30 36.1 37.2 21.1 23.9 31.1
0.6890411 23.9 32.8 23.9 32.2 36.1 32.8 30.6 29.4 23.3 25.6 32.8 28.9 20.6 27.2 28.9 32.2 24.4 31.7 32.2 34.4 27.8 31.7 30.6 37.2 32.8 28.9 29.4 30 32.2 22.2 37.2 33.9 26.7 29.4 31.7
0.6917808 28.3 34.4 24.4 30.6 32.8 26.7 32.2 27.8 25.6 27.8 26.1 36.1 32.8 26.7 28.9 28.9 27.2 25.6 33.9 35 28.3 31.1 35 31.1 35.6 25.6 27.8 26.7 36.1 21.7 35.6 33.3 25 25.6 30.6
0.6945205 32.2 26.7 31.1 35.6 18.3 27.8 31.1 28.3 27.2 28.3 31.1 32.2 33.3 27.8 27.8 23.3 31.7 27.8 34.4 32.8 33.9 32.2 27.8 29.4 36.1 22.8 26.1 24.4 35 16.1 33.3 35 27.2 33.9 31.7
0.6972603 26.7 18.3 34.4 32.2 22.2 33.3 27.8 29.4 28.9 27.2 31.1 35 32.2 18.9 16.1 20.6 31.1 27.2 32.8 30 36.1 30 24.4 24.4 40 20.6 30.6 23.3 25.6 11.1 33.3 35 30.6 35 32.8
0.7 27.2 17.2 32.2 21.7 25 29.4 27.8 27.2 32.2 29.4 13.9 33.3 32.8 18.9 18.9 23.3 30 25 22.2 23.3 29.4 32.8 16.7 23.9 27.2 20 30 30.6 25.6 12.2 33.3 32.2 33.9 27.8 35
0.7027397 33.9 15 32.2 26.1 31.1 30.6 25 27.8 32.2 31.1 13.9 30 24.4 23.3 23.3 15 30 24.4 27.8 21.7 25 29.4 17.8 26.7 20.6 20 28.3 31.7 23.9 19.4 27.8 28.9 33.9 16.1 35.6
0.7054795 28.3 20.6 29.4 30.6 25.6 26.1 22.2 28.9 27.8 31.1 20 25 28.3 17.8 25.6 17.8 27.2 23.3 32.8 27.8 28.9 25.6 19.4 28.9 20.6 25.6 24.4 28.9 22.2 22.8 33.3 26.7 33.3 21.1 30.6
0.7082192 31.7 NA 26.7 26.7 23.9 25 20 28.3 21.7 28.3 16.7 22.2 34.4 9.4 25.6 24.4 23.9 28.3 33.3 29.4 20 20 23.3 28.9 18.3 25 27.2 25 29.4 28.3 25 26.7 34.4 25 28.3
0.7109589 30 26.7 27.8 28.9 21.1 11.7 23.3 27.8 18.9 26.1 22.8 17.8 36.7 15.6 32.2 23.9 30 29.4 19.4 31.1 23.3 20 19.4 37.8 24.4 32.2 29.4 26.1 36.1 31.7 17.2 28.9 35 26.7 26.1
0.7136986 30.6 26.7 31.7 31.7 25.6 23.3 21.7 27.2 22.2 22.2 28.9 12.8 36.1 18.9 32.2 22.8 32.2 27.2 32.8 31.1 33.3 25 22.2 29.4 30.6 33.9 31.7 25 31.7 31.7 24.4 17.2 27.2 22.8 28.3
0.7164384 35 26.1 28.9 33.9 29.4 22.8 23.9 26.7 25.6 25 27.8 20 33.3 18.9 31.1 21.7 27.2 25 26.7 28.3 36.7 31.1 26.7 33.3 33.3 28.9 31.7 25 23.3 28.9 21.1 18.3 22.8 22.8 30.6
0.7191781 33.9 23.3 18.3 30.6 22.2 20 26.7 28.9 31.1 27.8 34.4 23.9 26.1 21.1 23.9 21.1 22.2 27.2 13.9 31.7 29.4 32.8 18.9 12.8 33.9 22.8 34.4 25.6 29.4 29.4 23.9 19.4 24.4 25.6 30.6
0.7219178 35 27.8 15.6 23.3 20.6 18.3 31.7 26.7 31.7 30 32.8 22.2 23.9 29.4 23.3 20.6 27.2 28.3 21.1 23.3 36.7 27.8 20 18.3 30 12.8 32.8 21.7 34.4 24.4 23.9 25.6 23.9 32.8 23.3
0.7246575 29.4 23.9 15.6 22.8 24.4 22.2 28.9 26.7 32.2 27.2 23.9 19.4 22.2 27.2 25 23.9 31.1 28.3 26.1 27.8 23.3 27.8 27.8 15.6 26.7 17.2 30.6 23.9 26.7 25 22.8 22.2 22.2 26.7 13.3
0.7273973 21.1 13.9 17.8 28.9 23.9 18.3 29.4 25 30 26.1 15.6 21.1 25.6 30 21.7 27.8 24.4 30 26.1 32.8 24.4 32.8 26.7 21.1 35 15.6 21.7 31.1 21.1 14.4 19.4 23.3 26.1 15.6 11.7
0.730137 22.8 13.3 26.1 26.1 23.3 18.9 35 23.9 25 28.9 27.2 21.1 30.6 22.2 22.8 20.6 27.8 26.7 27.8 26.7 20 27.2 24.4 27.8 27.8 12.8 30 32.2 25 19.4 29.4 18.3 25.6 12.8 17.2
0.7328767 25 20 26.1 26.7 29.4 20 31.7 32.2 27.2 27.8 26.1 25.6 27.2 22.8 28.3 20.6 18.9 26.7 25.6 30.6 21.1 27.2 22.2 30.6 15.6 16.1 30 30 30.6 27.2 33.9 28.3 27.2 23.3 26.1
0.7356164 25 25 27.2 27.8 26.7 15 18.9 26.7 28.3 33.3 21.1 32.2 21.7 19.4 33.9 24.4 22.2 31.1 26.7 31.7 23.9 23.9 26.7 32.8 10 17.8 33.3 32.2 31.7 24.4 34.4 24.4 22.8 18.3 21.7
0.7383562 23.3 21.1 22.2 30 18.3 27.2 21.1 16.7 31.1 30.6 26.1 32.8 27.8 15.6 20 21.1 15 26.7 25.6 32.2 23.9 26.1 27.8 33.3 10 26.7 30 31.1 31.1 23.9 30.6 30.6 26.7 25.6 28.9
0.7410959 26.1 20 22.8 26.7 23.3 28.3 29.4 18.3 30 33.3 29.4 31.7 22.2 17.8 20 17.8 16.1 19.4 28.3 31.1 18.3 28.9 32.2 32.2 12.2 13.3 32.2 25.6 25 29.4 26.7 30.6 18.3 22.8 27.8
0.7438356 24.4 31.7 22.2 23.3 25.6 26.1 30.6 23.3 28.3 32.2 28.9 32.8 14.4 16.7 30 23.9 25 22.2 23.3 36.7 23.9 33.9 28.9 29.4 15.6 3.9 18.3 23.9 16.1 30 16.7 31.1 22.8 22.2 36.7
0.7465753 20.6 23.9 22.8 30.6 27.2 18.3 25.6 26.7 30.6 35.6 29.4 29.4 25 19.4 19.4 17.2 32.2 22.2 23.3 33.3 31.1 28.3 22.8 30 18.9 11.1 16.1 26.1 18.3 30 20.6 25.6 26.1 30 35.6
0.7493151 28.9 12.8 21.1 35 29.4 23.3 23.9 30.6 31.1 33.3 31.7 29.4 32.8 21.7 22.2 19.4 33.9 22.2 27.8 23.9 26.1 23.9 20 32.2 22.2 16.7 18.3 32.8 21.7 31.1 27.8 30.6 28.3 20 23.3
0.7520548 23.9 21.1 18.3 34.4 26.7 27.8 26.7 31.7 27.8 28.9 30 26.7 30 25.6 18.3 23.9 33.3 18.3 25.6 30 21.7 23.3 23.3 33.3 27.2 20.6 21.7 21.1 22.2 18.9 25 30.6 29.4 20 18.9
0.7547945 24.4 25 22.2 31.1 26.7 22.8 22.2 32.2 17.8 32.2 27.8 23.9 26.1 20.6 29.4 27.2 28.3 20.6 21.7 21.7 21.7 20 25 23.9 28.9 23.9 18.9 21.1 24.4 15 20 16.7 30 27.8 23.3
0.7575342 25.6 28.9 25.6 36.1 20.6 25 21.1 28.9 20.6 28.9 30.6 25.6 27.8 20.6 31.7 27.8 16.7 28.3 17.8 20.6 26.1 26.7 27.2 21.1 26.1 14.4 18.9 31.7 13.9 24.4 28.3 14.4 29.4 30.6 22.2
0.760274 29.4 30.6 23.3 35.6 18.3 24.4 22.2 25 20.6 26.1 28.9 27.8 25 22.2 29.4 27.2 18.3 15 18.3 28.3 29.4 20.6 30 30 18.3 17.8 22.8 22.2 7.2 21.1 31.7 13.9 28.9 30 25.6
0.7630137 25.6 27.8 26.7 36.1 23.9 25 28.3 17.8 22.8 22.8 29.4 28.3 15.6 22.2 15 27.8 9.4 12.8 22.2 26.7 28.9 20.6 22.8 20.6 23.9 24.4 21.7 22.2 7.8 21.7 24.4 16.7 25.6 31.7 28.3
0.7657534 22.8 26.7 25 28.9 31.1 24.4 31.7 16.7 27.8 24.4 26.7 31.7 22.8 27.2 18.3 27.8 13.9 23.3 27.2 26.7 32.8 18.9 26.1 22.2 25.6 26.1 25.6 18.9 11.1 17.8 15 30 12.8 28.9 20.6
0.7684932 22.2 23.3 27.8 32.2 22.2 25.6 31.7 16.7 27.8 28.9 5 28.3 25 27.2 26.7 27.8 20 16.7 NA 33.9 33.3 18.3 25.6 20 19.4 22.2 25 22.8 17.2 27.2 9.4 32.8 7.8 19.4 20.6
0.7712329 26.7 15.6 29.4 28.9 16.7 29.4 26.1 24.4 21.1 30.6 11.7 18.3 19.4 27.2 25.6 23.3 22.2 23.3 26.1 15.6 32.2 15.6 15.6 19.4 17.8 6.7 16.1 15 21.1 26.1 11.1 29.4 15.6 9.4 22.8
0.7739726 28.3 25 30.6 35 20 34.4 26.7 14.4 20 25.6 16.1 30 26.7 21.7 29.4 27.8 27.2 15 26.1 23.3 22.8 22.2 12.8 26.7 23.3 7.8 15.6 5 23.3 27.8 18.3 27.2 18.9 9.4 22.8
0.7767123 30.6 26.7 31.1 30.6 20.6 23.9 30.6 20.6 22.8 17.8 14.4 29.4 24.4 15.6 27.8 35 32.8 13.9 28.9 30 20.6 13.9 18.3 17.8 25 11.7 16.1 14.4 19.4 34.4 22.8 30 23.9 22.8 22.2
0.7794521 26.1 26.7 26.7 27.2 23.9 23.9 32.2 26.7 26.1 14.4 19.4 29.4 11.7 21.1 17.2 34.4 26.1 20 22.2 22.8 24.4 18.3 17.8 13.3 23.9 21.7 6.1 23.3 22.8 27.8 17.2 28.3 20.6 22.2 23.3
0.7821918 25 21.1 27.2 30.6 22.8 25 32.2 25 31.1 8.9 16.7 21.1 18.3 23.3 13.9 32.2 23.9 25.6 16.1 13.3 30.6 21.7 13.3 16.1 25 21.7 11.7 24.4 28.3 32.2 25 27.8 23.9 20 24.4
0.7849315 22.2 22.8 30.6 30 23.9 23.9 27.2 27.2 32.8 11.7 13.9 29.4 18.9 27.8 15.6 25.6 29.4 25.6 15.6 23.9 28.3 11.7 23.3 23.3 21.7 16.1 14.4 23.3 28.9 30.6 21.1 17.8 20.6 20.6 20.6
0.7876712 18.3 24.4 27.2 32.2 27.8 23.9 12.2 23.9 30.6 11.1 15 28.9 16.7 26.1 19.4 17.8 15 15.6 22.2 28.3 26.1 17.8 22.8 24.4 15 23.3 16.1 12.2 25.6 31.1 23.3 21.7 11.7 21.1 15
0.790411 21.1 28.3 19.4 27.8 28.3 27.8 16.1 19.4 26.7 9.4 15.6 27.2 25.6 17.2 26.1 23.9 12.2 21.1 16.1 28.3 26.1 17.2 21.1 19.4 10 23.3 24.4 16.1 27.2 10.6 30 30 7.8 17.2 18.9
0.7931507 22.2 30.6 17.2 27.8 23.9 26.7 13.9 23.3 12.2 12.2 12.2 25 19.4 22.8 27.2 20 10.6 22.2 26.1 22.8 17.8 17.8 27.2 18.3 10.6 17.8 23.9 22.8 22.8 11.7 23.3 32.2 15 13.9 23.3
0.7958904 18.3 23.3 24.4 26.7 18.9 23.9 10 20 18.9 11.1 12.8 23.3 7.2 25.6 22.8 20 11.7 20.6 19.4 26.7 15 13.9 26.1 17.2 16.1 21.1 23.3 17.8 16.1 8.9 15.6 15.6 12.8 13.3 21.7
0.7986301 12.8 17.8 28.9 28.3 18.3 17.2 15 21.1 20 20.6 16.7 20 7.2 26.1 21.7 26.1 5.6 23.9 25.6 27.8 20.6 26.1 13.9 16.7 15.6 14.4 23.9 12.8 13.9 9.4 25.6 13.3 17.8 15.6 22.2
0.8013699 15 20.6 22.8 23.9 29.4 17.2 22.8 19.4 19.4 19.4 21.7 18.3 11.1 26.7 21.7 31.7 15 28.9 31.7 28.9 23.3 23.3 11.1 11.7 13.9 18.9 22.2 11.1 21.1 22.8 16.7 19.4 24.4 13.9 25
0.8041096 24.4 23.3 26.1 23.3 25.6 17.8 27.2 22.8 22.2 23.3 21.1 21.7 15 26.7 23.3 26.7 16.7 27.8 28.3 21.1 26.7 12.8 15 9.4 13.9 18.9 15 17.8 22.8 26.1 14.4 26.1 28.3 17.8 25
0.8068493 24.4 26.7 21.7 26.1 18.9 22.8 20.6 26.7 20.6 18.9 20 20 12.8 27.8 23.3 30 20.6 15.6 16.1 11.7 26.1 11.1 17.8 12.8 12.2 22.8 16.7 18.3 27.2 25 21.1 30.6 28.3 22.8 21.1
0.809589 23.9 18.3 15 26.7 18.3 19.4 19.4 25.6 20 12.2 22.2 16.7 9.4 28.9 22.8 20 19.4 11.1 13.3 16.7 17.2 8.3 20.6 16.1 13.9 25 15.6 12.8 18.3 28.3 22.2 28.3 25 22.2 15.6
0.8123288 25 20.6 17.2 23.9 25 17.2 22.2 23.3 14.4 14.4 22.2 21.1 13.3 21.7 23.3 11.1 7.8 9.4 22.2 20.6 12.2 14.4 23.3 15 10.6 23.3 13.3 12.2 21.1 27.8 15 11.7 25.6 25 14.4
0.8150685 22.8 16.7 12.2 24.4 19.4 23.9 26.1 15.6 22.8 13.9 20 25 16.1 22.2 17.2 14.4 8.3 20.6 15.6 22.2 11.1 13.9 20.6 17.8 14.4 25 12.2 8.3 15 28.9 22.2 12.2 25.6 21.7 13.3
0.8178082 23.3 18.3 21.7 23.9 18.3 21.7 26.1 13.3 25.6 12.8 14.4 21.7 20.6 20 18.3 20 7.2 26.7 18.3 26.1 12.2 17.8 23.3 23.3 20.6 25.6 15 17.8 20 23.3 27.8 18.3 16.7 12.8 19.4
0.8205479 25 19.4 26.7 18.9 22.2 25 30 12.2 20.6 10.6 11.1 18.3 12.8 16.1 20.6 23.3 5 25 22.2 21.1 7.8 22.2 23.3 26.7 21.1 17.8 24.4 16.1 14.4 16.1 20.6 26.1 21.7 16.7 22.2
0.8232877 18.9 24.4 21.1 16.1 20 18.3 22.8 20.6 15 7.8 12.8 15 9.4 11.1 16.1 17.2 7.8 23.9 24.4 22.8 5.6 21.1 17.2 20 11.1 20.6 22.2 22.2 10 20 20.6 20 12.2 17.2 22.8
0.8260274 15 21.1 15.6 12.8 21.1 23.9 13.9 17.8 27.8 6.7 13.9 3.9 12.2 16.1 21.7 18.3 6.7 22.8 25.6 21.1 12.8 23.9 20.6 12.2 18.3 17.2 17.8 25 8.9 17.2 28.3 3.9 6.7 8.3 18.3
0.8287671 12.2 14.4 19.4 20 28.3 25.6 23.9 11.7 30.6 8.3 12.8 8.3 13.9 12.2 21.7 23.3 13.9 22.8 24.4 12.2 18.9 20.6 19.4 11.7 11.1 11.1 20 23.3 13.3 8.9 26.1 0.6 7.8 2.2 11.1
0.8315068 13.9 12.8 17.2 15.6 23.9 21.1 20 13.9 27.8 10 10.6 15.6 3.9 16.7 16.1 25.6 15.6 22.2 13.9 7.2 25 16.7 25 18.9 16.1 13.9 18.3 20 23.3 16.1 27.2 -3.3 10 10 16.1
0.8342466 20.6 22.8 12.8 15.6 25 20 8.9 16.1 20.6 8.9 12.2 12.2 10 18.9 19.4 18.9 22.2 10 20.6 9.4 18.9 10 14.4 21.1 11.1 15 5 18.9 23.9 6.1 28.9 -4.4 8.9 13.9 17.8
0.8369863 15.6 17.8 9.4 18.3 26.7 25 4.4 11.1 15.6 7.8 7.2 13.9 11.7 10 13.9 16.1 17.2 16.1 27.2 11.7 27.2 12.8 13.9 17.8 12.2 13.3 5 26.1 21.7 10 22.8 -8.3 10.6 12.8 19.4
0.839726 16.7 7.8 10 18.9 22.8 22.8 14.4 3.3 13.3 6.7 7.2 13.9 13.3 9.4 8.3 16.1 13.3 16.7 26.7 16.1 20 11.7 7.2 20.6 22.2 17.8 11.7 23.9 17.8 15 8.9 -5 6.7 21.7 9.4
0.8424658 11.1 10 13.9 15.6 15.6 14.4 7.2 0.6 15.6 15 11.1 21.1 20 3.3 11.7 22.2 6.1 18.3 27.2 17.2 18.3 14.4 5 14.4 18.3 18.9 6.1 23.3 19.4 22.2 3.9 2.2 1.1 16.1 5.6
0.8452055 12.8 6.1 8.9 22.8 12.8 22.2 15 6.7 12.8 25 17.8 14.4 20 5 8.9 19.4 16.7 14.4 17.8 11.7 21.7 14.4 10 12.8 17.2 22.8 17.8 15 12.8 15.6 10.6 7.8 3.3 1.7 14.4
0.8479452 12.2 9.4 18.3 20 18.3 20.6 22.8 9.4 8.3 18.9 22.8 6.7 12.8 8.3 10.6 16.7 17.2 15 12.8 6.1 29.4 16.1 17.2 12.8 18.3 11.7 18.3 23.9 16.1 16.1 6.7 2.8 1.1 6.7 18.9
0.8506849 12.2 13.3 17.2 25.6 20.6 19.4 20.6 18.3 10 20.6 19.4 6.7 15.6 10 16.1 24.4 11.7 15 15.6 9.4 26.1 17.2 16.7 19.4 23.9 18.9 17.2 20 18.9 17.2 5 -6.1 4.4 13.3 23.3
0.8534247 11.1 12.8 12.8 19.4 22.2 17.2 14.4 20.6 4.4 13.9 20.6 8.9 16.1 10 12.8 17.8 18.9 12.8 23.9 6.1 28.3 13.3 10 13.3 17.8 17.8 10.6 12.2 17.2 12.2 7.8 2.2 16.1 15 13.9
0.8561644 7.2 13.9 15.6 22.2 22.8 7.2 1.7 20 7.2 19.4 19.4 16.1 8.9 7.2 10.6 11.1 21.1 5.6 21.7 3.9 21.7 7.2 21.1 6.7 17.8 1.7 5 7.8 12.2 20.6 14.4 9.4 20.6 16.7 11.7
0.8589041 8.3 17.2 20.6 21.1 21.1 11.7 13.9 18.9 7.2 21.7 21.1 20 12.2 12.2 12.2 14.4 10.6 12.2 11.1 4.4 17.8 18.3 12.8 6.7 7.8 0 1.1 9.4 12.2 18.3 19.4 5.6 12.2 18.3 13.3
0.8616438 15 15.6 18.3 15.6 25 14.4 8.9 23.9 5 15.6 13.9 22.8 12.2 16.1 11.7 14.4 2.8 12.2 2.8 8.3 23.9 17.2 23.3 3.9 7.8 3.3 1.7 16.1 15 25 23.9 5.6 7.8 12.8 15
0.8643836 15.6 14.4 21.1 13.3 19.4 15.6 7.2 16.7 7.8 12.2 5 21.7 7.8 18.3 11.1 7.2 1.1 12.2 9.4 8.3 22.8 18.3 6.1 10 15.6 6.1 -0.6 22.2 14.4 21.7 23.9 16.7 10.6 19.4 15
0.8671233 15.6 10.6 22.8 8.3 21.1 15 19.4 12.8 13.3 9.4 5.6 22.2 5.6 22.8 9.4 8.3 1.1 16.1 11.7 8.3 13.3 20 10.6 18.3 18.9 3.3 -2.2 18.9 20.6 17.8 25.6 18.3 6.7 10 22.2
0.869863 11.1 11.1 18.9 7.8 23.9 13.3 20 19.4 8.3 3.9 5 21.1 -1.7 15 5.6 18.9 5 17.8 1.7 13.3 3.3 18.3 3.9 10.6 20.6 2.2 7.2 16.1 21.1 13.9 22.8 20.6 12.2 4.4 12.8
0.8726027 18.3 5.6 13.9 17.8 21.1 20.6 22.8 14.4 8.3 13.9 9.4 21.1 0 13.9 12.2 20.6 10 17.2 2.8 15.6 5.6 20 9.4 10.6 12.8 2.8 13.3 15.6 17.8 8.9 22.8 7.8 17.2 6.1 12.8
0.8753425 16.7 7.8 7.8 16.7 11.1 12.8 22.2 23.3 10 19.4 18.3 21.1 2.8 17.8 15.6 21.1 12.2 13.9 1.7 18.3 6.1 21.7 14.4 16.1 11.1 11.1 10 10 3.9 0 14.4 8.9 19.4 5 14.4
0.8780822 18.3 1.7 2.8 13.3 7.8 5.6 16.7 18.9 6.7 15.6 18.9 15 1.7 18.3 18.9 18.9 21.1 11.7 7.8 22.8 2.8 20.6 16.1 16.7 7.8 14.4 15.6 7.2 10.6 13.9 14.4 10 6.7 11.7 20
0.8808219 14.4 1.7 1.1 16.1 6.7 17.8 11.1 13.3 4.4 4.4 13.9 4.4 1.7 15.6 10.6 18.3 23.3 14.4 9.4 18.3 11.1 20.6 10 14.4 5.6 9.4 6.1 8.9 8.9 14.4 16.7 13.3 3.9 14.4 10.6
0.8835616 15 0 6.1 10.6 4.4 18.9 14.4 16.7 3.3 12.2 11.7 10.6 2.2 12.8 14.4 13.9 15 18.3 -3.3 17.2 13.3 5 21.7 11.1 5.6 -3.3 6.1 12.8 3.3 23.3 17.8 11.7 5 8.3 7.8
0.8863014 15.6 4.4 17.8 18.3 0 17.2 17.8 12.8 13.9 17.2 15.6 18.9 3.9 7.8 16.1 0 11.1 17.2 -4.4 8.9 11.1 5 14.4 15 8.3 -1.1 13.3 11.7 7.2 18.9 20 13.3 5 13.3 9.4
0.8890411 19.4 10 13.9 15.6 -0.6 19.4 16.1 12.8 19.4 21.1 15.6 14.4 1.7 9.4 18.3 1.1 7.2 -0.6 -3.9 6.1 16.7 11.1 15 12.8 6.7 0 19.4 16.7 12.8 11.7 20.6 17.8 3.3 16.7 8.9
0.8917808 11.7 8.3 13.3 15.6 12.8 17.2 16.7 8.3 20.6 13.9 12.2 3.3 7.2 9.4 20 3.9 5 8.3 1.1 3.3 15.6 13.9 7.2 3.9 12.8 -2.8 12.8 13.9 13.9 5 16.7 6.7 3.3 15.6 3.9
0.8945205 11.1 16.1 12.2 13.9 11.1 18.3 11.1 12.2 13.3 15 -1.7 5.6 11.1 8.3 8.9 4.4 7.2 7.8 8.3 5.6 7.2 15 0 1.7 6.7 -2.8 6.1 13.9 17.2 8.9 18.3 3.9 2.8 7.2 11.1
0.8972603 15.6 17.8 12.2 16.1 11.7 17.2 12.2 16.1 15 18.9 6.1 11.7 5 10 11.7 -3.3 19.4 2.8 7.8 11.7 3.9 15.6 5 10 13.9 -5 14.4 8.3 20 12.8 22.8 2.2 1.1 -7.2 7.8
0.9 23.3 16.7 13.9 11.1 17.8 10 16.1 13.9 12.8 16.1 15.6 6.1 7.2 9.4 12.2 -7.2 16.1 3.3 6.1 8.3 7.8 14.4 8.9 13.9 10.6 0.6 15 2.8 6.7 13.3 15.6 6.1 -1.1 -5 11.1
0.9027397 18.3 10 9.4 11.7 14.4 7.2 19.4 7.2 11.1 12.8 8.9 5.6 8.9 12.8 12.2 -8.3 3.9 3.9 5 6.1 8.3 8.3 5 12.2 7.8 0.6 8.3 2.8 3.3 13.9 15.6 12.8 -1.7 -0.6 10.6
0.9054795 18.3 5.6 11.7 18.9 10 15 10.6 7.2 7.2 7.8 1.1 6.7 5 7.2 11.7 -2.8 -8.3 5.6 4.4 7.2 7.2 5 0.6 -1.1 6.1 -6.7 15 1.1 0.6 9.4 -1.7 11.7 0.6 4.4 9.4
0.9082192 18.3 4.4 13.3 12.8 5.6 15.6 10.6 3.3 9.4 12.2 2.8 4.4 6.7 11.1 3.3 8.9 -7.2 3.9 11.1 -1.1 16.7 6.1 3.3 -3.9 13.3 -5.6 17.8 0.6 11.7 4.4 7.2 8.3 -0.6 12.2 7.8
0.9109589 5.6 7.2 14.4 13.3 0 6.1 10 3.9 9.4 11.7 20.6 0 5.6 17.8 -1.7 17.8 -5.6 8.3 11.1 0.6 15.6 6.7 11.1 2.2 13.3 -8.9 19.4 4.4 10 14.4 11.7 1.7 2.8 8.9 6.1
0.9136986 0.6 6.1 15.6 12.8 0 11.1 7.8 3.3 9.4 20 21.1 1.7 8.9 11.7 -0.6 -4.4 7.8 7.8 12.8 5.6 18.9 6.7 6.1 -3.9 12.2 -11.1 13.9 3.9 8.9 16.1 15.6 0.6 1.7 13.3 12.8
0.9164384 5.6 5.6 16.1 14.4 5 16.7 -2.8 13.3 4.4 16.7 21.1 0.6 14.4 3.9 2.8 9.4 4.4 8.9 6.7 0.6 5.6 6.7 18.3 1.7 13.9 -12.2 2.8 3.9 15 15 8.3 -0.6 7.2 11.7 19.4
0.9191781 12.8 10 15 11.7 1.7 13.3 -1.7 7.8 7.8 15.6 16.7 0 19.4 20 8.9 14.4 -1.1 10.6 -1.7 4.4 -3.3 8.9 15.6 -1.7 2.8 -9.4 3.9 13.9 18.9 5 1.1 3.3 3.3 15.6 16.1
0.9219178 12.8 17.2 13.3 15.6 -5 16.1 0 15.6 8.9 11.7 16.1 -1.1 -3.3 5.6 9.4 17.2 9.4 10.6 -4.4 14.4 7.2 10 12.2 -3.3 1.1 -4.4 3.3 12.8 13.9 8.3 1.1 0 4.4 10 15.6
0.9246575 18.9 15 10.6 13.9 0 19.4 3.3 11.1 16.7 7.8 16.7 0 -7.2 1.1 14.4 17.2 5.6 3.3 8.3 22.2 15 8.9 9.4 0 1.7 7.8 2.8 10 10 18.3 7.2 4.4 0.6 11.7 15.6
0.9273973 13.3 15 7.2 17.2 0.6 17.8 10 13.3 9.4 5 13.9 0.6 -8.9 1.7 11.7 13.9 5 0.6 3.9 11.1 14.4 8.9 7.8 -0.6 4.4 8.3 8.3 12.2 15 21.7 14.4 13.3 -2.2 11.1 -2.2
0.930137 7.2 10.6 4.4 16.7 4.4 8.9 12.2 14.4 9.4 3.3 11.1 3.3 -15 0.6 8.3 4.4 0.6 0.6 -1.7 15.6 2.2 15.6 11.1 -2.8 2.8 4.4 6.7 10.6 16.7 8.9 7.2 15 1.1 5 -1.1
0.9328767 9.4 5.6 8.9 6.1 10 16.7 12.8 10 5 4.4 16.1 2.2 -6.1 3.3 10 8.3 10 1.7 -8.9 7.2 0 17.2 3.9 2.2 18.9 6.1 6.7 6.7 5.6 1.7 12.2 16.7 2.2 10.6 -2.8
0.9356164 2.2 0.6 8.9 5 10 12.8 9.4 15.6 5.6 0.6 12.8 0 -6.7 6.7 -0.6 8.9 4.4 0 -5.6 4.4 -2.2 12.2 1.1 5 13.3 6.7 0.6 8.3 1.1 3.9 17.8 12.2 7.2 15 -1.7
0.9383562 5 0.6 5.6 2.8 7.2 11.7 5 6.1 11.1 3.9 11.7 0 -10.6 3.3 13.3 9.4 12.8 -8.9 -1.7 16.7 2.2 8.3 3.3 -2.8 16.1 0.6 1.1 5.6 9.4 14.4 16.1 11.1 5.6 18.9 2.8
0.9410959 0 NA 10.6 -2.8 5 15 -2.8 1.1 15.6 2.2 8.3 6.7 -5 7.2 14.4 19.4 -0.6 0 6.1 16.1 6.1 6.1 5 1.7 16.1 0.6 -4.4 16.1 4.4 2.2 18.3 12.8 8.3 11.7 1.1
0.9438356 1.1 NA -1.1 -5.6 11.1 15.6 6.1 7.2 13.3 7.2 -0.6 8.9 -7.8 11.7 12.2 2.8 10 8.3 8.9 8.9 12.2 2.8 -2.2 0.6 14.4 -7.2 6.7 13.3 -3.9 -7.2 18.9 10.6 11.7 10.6 -1.1
0.9465753 0.6 -11.7 -6.1 -1.7 7.8 8.3 11.7 2.8 13.3 14.4 10.6 6.1 -4.4 11.1 12.8 1.7 7.8 11.7 11.1 0 16.7 4.4 4.4 0.6 2.8 -3.9 4.4 6.7 12.8 6.1 10.6 10.6 10 16.1 0.6
0.9493151 NA NA 17.8 -5 7.2 7.2 15 1.1 -1.7 15 9.4 4.4 -4.4 1.1 8.3 15 11.1 15 6.1 7.8 8.3 4.4 8.9 2.2 -2.8 -10 8.3 4.4 22.8 -1.7 3.3 10.6 4.4 8.3 0.6
0.9520548 3.9 -3.9 11.7 -6.7 4.4 6.1 17.8 -1.7 -2.8 17.2 13.3 1.1 -3.9 2.8 3.3 8.3 13.9 13.3 12.2 9.4 10 2.2 5.6 -5 -1.7 5 10 -0.6 12.8 -3.3 6.7 5.6 -1.7 -0.6 1.7
0.9547945 NA -8.9 17.2 -9.4 9.4 1.7 12.2 -1.7 -1.7 13.9 11.7 10 -2.2 -1.1 0.6 5 14.4 16.1 12.2 12.8 16.7 2.2 4.4 -2.2 3.3 5 3.9 1.7 -0.6 -14.4 6.7 5 -1.7 1.1 6.7
0.9575342 8.3 -1.7 21.1 -7.8 1.7 5 14.4 1.1 6.7 5 8.3 8.9 -4.4 -3.3 0.6 3.3 17.2 11.1 6.7 -8.3 12.2 2.2 5 0 5 5.6 4.4 1.7 8.3 -8.3 3.9 9.4 0.6 2.8 7.2
0.960274 6.7 0 18.3 -3.3 -10.6 7.2 17.8 6.7 2.2 6.1 11.1 7.2 1.1 4.4 4.4 -7.2 19.4 7.8 5.6 6.7 20 -10 16.1 -6.7 -0.6 4.4 7.8 3.3 8.9 -6.1 3.3 6.1 -1.1 3.9 10.6
0.9630137 NA -1.1 11.1 -6.7 -3.3 5.6 17.8 7.8 1.7 7.8 8.3 14.4 6.1 0.6 6.1 3.9 20 10 11.1 19.4 6.7 -7.8 12.8 -14.4 -5.6 -10 8.3 5.6 17.2 -6.7 10 3.3 3.3 5.6 9.4
0.9657534 5.6 -5 8.9 -4.4 9.4 7.2 17.8 9.4 1.7 4.4 0 9.4 3.3 -5.6 6.7 13.3 6.1 2.8 6.7 17.2 -3.3 -5 12.2 -17.2 0 4.4 10 3.9 14.4 -11.1 2.8 0.6 0 4.4 11.7
0.9684932 3.3 3.9 7.2 -9.4 3.3 13.3 16.7 15.6 -4.4 3.9 1.7 8.9 10.6 1.7 3.9 8.3 -2.8 -2.8 3.9 12.8 -5.6 5 10 -18.3 0.6 -5 -1.1 6.7 8.3 -6.1 -12.2 5 2.8 3.9 5
0.9712329 NA 4.4 2.2 -11.7 12.2 13.9 9.4 12.2 0.6 5 -1.1 9.4 7.8 3.9 7.8 5.6 3.3 3.3 11.1 13.9 -0.6 3.3 13.3 -18.9 5.6 11.1 -0.6 7.8 8.3 -17.8 -17.2 7.2 7.2 4.4 3.3
0.9739726 -3.9 3.3 5 -8.9 18.9 12.8 7.8 1.1 1.7 2.8 8.3 5.6 15 10 12.2 6.7 8.3 10 8.3 6.1 6.1 3.3 10 -17.8 7.8 10.6 2.2 10 11.1 -21.7 -16.1 5.6 5.6 -0.6 1.7
0.9767123 10.6 -1.7 -1.1 -0.6 28.3 8.9 -4.4 10.6 -5 3.9 7.2 11.7 8.3 1.1 6.7 -3.3 5 14.4 7.8 6.1 1.7 5.6 7.8 -17.8 8.3 11.1 10.6 8.3 12.8 -7.2 -7.2 5.6 1.1 1.1 8.3
0.9794521 11.1 -2.8 -4.4 13.9 22.8 3.9 -1.1 16.7 -1.1 1.7 7.2 9.4 0.6 0.6 -2.2 3.3 12.8 6.7 7.2 10 -6.1 7.2 10.6 -19.4 -2.8 3.3 9.4 2.8 5 7.8 3.9 8.9 5 8.3 6.1
0.9821918 11.1 5.6 -2.2 15.6 3.3 -2.8 -4.4 7.8 -0.6 10 5.6 16.7 8.3 2.2 6.7 2.2 11.7 1.1 6.7 13.9 -1.7 5 1.7 -12.8 3.3 -4.4 9.4 -2.8 7.8 11.1 -4.4 10.6 3.3 5.6 13.3
0.9849315 8.9 4.4 -1.1 12.2 0 2.2 -3.3 5 1.1 6.7 8.9 12.8 12.2 1.7 2.2 4.4 14.4 3.9 3.9 10.6 6.1 5 3.9 -5.6 9.4 9.4 11.1 -1.7 15.6 10.6 -5 7.2 8.3 12.2 15
0.9876712 4.4 1.1 3.3 4.4 0.6 -1.1 -3.9 2.2 1.1 0.6 11.7 -1.7 14.4 -1.1 3.9 2.8 17.2 2.2 7.2 12.2 10.6 3.9 0.6 -5.6 15.6 3.9 12.8 -2.2 -1.7 13.3 3.3 1.7 8.3 0 14.4
0.990411 NA 2.8 5 3.9 7.2 4.4 -5.6 -3.3 -3.3 -3.3 8.3 4.4 6.7 2.2 8.3 1.7 10.6 7.2 12.8 2.8 10.6 0.6 -5 -8.9 20 7.2 10 -2.2 2.2 16.7 6.1 2.8 2.2 -2.8 8.9
0.9931507 NA -2.2 -0.6 -1.1 4.4 12.2 -2.2 0.6 -6.7 -5 12.2 1.1 11.7 -3.3 2.8 3.9 6.1 9.4 -3.3 2.2 11.1 9.4 -3.3 -11.1 4.4 8.3 8.3 -2.8 6.7 2.2 -14.4 6.7 -1.1 0.6 1.1
0.9958904 7.8 3.3 7.2 -1.1 6.1 17.8 -7.8 -1.7 -12.2 -3.9 6.7 5 1.1 -3.9 -1.1 10 -0.6 6.7 -9.4 1.7 13.9 8.9 0.6 -2.2 -1.1 10.6 12.2 4.4 8.9 -0.6 -15.6 5 -4.4 8.3 2.8
0.9986301 9.4 NA 0.6 -0.6 10.6 15.6 -2.2 -6.7 -8.9 2.2 14.4 8.3 1.7 -7.2 4.4 2.8 0.6 3.9 -12.8 2.2 14.4 1.7 1.1 0.6 -1.7 9.4 7.2 -5 9.4 5.6 -1.1 6.7 -10 10.6 -1.7
