N sim mu psi_1 psi_2
500 1 0.001924861 0.001160999 0.001285275
500 2 0.002136555 0.001398399 0.003306508
500 3 0.005650696 0.003558878 0.005081926
500 4 0.001915385 0.01212886 0.01377834
500 5 0.002087833 0.0008109374 0.003497048
500 6 0.00386682 0.00275204 0.002196
500 7 0.00129231 0.0027501 0.004301097
500 8 0.002115919 0.002290565 0.00304867
500 9 0.01231874 0.002693867 0.005390001
500 10 0.002113038 0.0041449 0.005016794
500 11 0.004806386 0.002334906 0.003398949
500 12 0.004653402 0.003275194 0.002726373
500 13 0.001819741 0.0006485009 0.002553224
500 14 0.001055097 0.003212395 0.004586414
500 15 0.0008937584 0.001987599 0.001450103
500 16 0.002916022 0.003999835 0.006477056
500 17 0.01080301 0.00200568 0.005912175
500 18 0.001460234 0.002705195 0.005718007
500 19 0.004803196 0.00206646 0.003250275
500 20 0.0009421941 0.003130275 0.002876078
500 21 0.001931159 0.001214851 0.004152454
500 22 0.006107463 0.0007349726 0.002550616
500 23 0.006073049 0.0003357855 0.002188159
500 24 0.001327183 0.001525348 0.00161716
500 25 0.001250106 0.001355285 0.001930703
500 26 0.0014776 0.002028456 0.003756463
500 27 0.000925914 0.001454979 0.002911107
500 28 0.001159066 0.00378295 0.004443481
500 29 0.005066646 0.00127264 0.004402855
500 30 0.006519467 0.002532608 0.004167846
500 31 0.004619899 0.0004163104 0.00603312
500 32 0.001693696 0.0006065895 0.001597862
500 33 0.004791722 0.0009872758 0.0013266
500 34 0.008110724 0.001995014 0.004779504
500 35 0.002456885 0.0007203784 0.0009654513
500 36 0.0008827053 0.001661463 0.003701427
500 37 0.001281507 0.002038289 0.003168466
500 38 0.007256362 0.0002814306 0.001743373
500 39 0.003412834 0.0007342841 0.002653392
500 40 0.002403308 0.001463885 0.004527646
500 41 0.001242984 0.0003588729 0.002878709
500 42 0.01283914 0.00414333 0.005445695
500 43 0.01113922 0.0011725 0.002947258
500 44 0.002016119 0.003388757 0.005536104
500 45 0.003496179 0.0007011789 0.004706373
500 46 0.009066285 0.001368695 0.004084767
500 47 0.003097098 0.0009465792 0.003684538
500 48 0.002674635 0.001645163 0.004450762
500 49 0.002790141 0.001777369 0.00521199
500 50 0.0009636255 0.0007880317 0.002412601
500 51 0.0005889592 0.00400235 0.006649554
500 52 0.002319035 0.0006236982 0.002012289
500 53 0.006047052 0.005499165 0.006316095
500 54 0.001900067 0.002861314 0.005440793
500 55 0.001287901 0.001767307 0.004409676
500 56 0.006032229 0.004772368 0.006350188
500 57 0.006328716 0.00220184 0.005152254
500 58 0.001260872 0.002764601 0.007260399
500 59 0.001334153 0.003656584 0.004013726
500 60 0.001655355 0.00171688
0.0039574
500 61 0.004686074 0.001713631
0.003290237
500 62 0.001245453 0.00104754
0.000849377
500 63 0.002803427 0.00145331
0.00461722
500 64 0.002191483 0.001020681
0.002112105
500 65 0.001300087 0.002335769
0.001936361
500 66 0.001218348 0.001016424
0.004555099
500 67 0.002764063 0.0008404425
0.001450385
500 68 0.001198166 0.007940052
0.01137089
500 69 0.004045904 0.001241079
0.004382733
500 70 0.007751188 0.0009304348
0.006071714
500 71 0.005996898 0.003479637
0.005157145
500 72 0.002476871 0.001521394
0.00379403
500 73 0.003671518 0.0008780486
0.007381544
500 74 0.003436204 0.002137964
0.00622728
500 75 0.002603527 0.0005407311
0.001168331
500 76 0.0009700339 0.001283641
0.003674648
500 77 0.00399757 0.00122312
0.003255286
500 78 0.001640509 0.001194902
0.006769065
500 79 0.003189096 0.001061526
0.004036936
500 80 0.001867756 0.0009548882
0.002290132
500 81 0.001616326 0.002824989
0.005585894
500 82 0.002454157 0.002706097
0.004683061
500 83 0.00087001 0.0007674176
0.003420848
500 84 0.002466989 0.0008789593
0.004008991
500 85 0.0005311151 0.002939582
0.003498544
500 86 0.0008327053 0.01033508
0.01294246
500 87 0.000893695 0.000247256
0.001579128
500 88 0.0007106033 0.004334359
0.008245301
500 89 0.003511572 0.0008061347
0.001317601
500 90 0.00505792 0.002505747
0.003588573
500 91 0.00183914 0.001053781
0.00169429
500 92 0.0007406366 0.001416144
0.004415018
500 93 0.004022071 0.001054728
0.00149825
500 94 0.001321033 0.0006990551
0.002266234
500 95 0.002263261 0.002062097
0.005657652
500 96 0.007486703 0.002282218
0.004252904
500 97 0.001828094 0.001367237
0.004258852
500 98 0.0007620472 0.001806575
0.002666711
500 99 0.001544262 0.007484797
0.009245136
500 100 0.007545723 0.002672382
0.004235146
