time temperature
0.001369863 11.03429
0.004109589 10.53714
0.006849315 10.5
0.009589041 10.46
0.01232877 11.08
0.01506849 11.09714
0.01780822 11.79714
0.02054795 12.31714
0.02328767 12.57714
0.0260274 12.73429
0.02876712 11.74857
0.03150685 12.47429
0.03424658 12.65429
0.0369863 13.33714
0.03972603 13.10857
0.04246575 13.01714
0.04520548 13.03429
0.04794521 13.13429
0.05068493 13.59429
0.05342466 13.56286
0.05616438 14.07714
0.05890411 14.33429
0.06164384 14.55429
0.06438356 14.48571
0.06712329 14.14857
0.06986301 14.91143
0.07260274 13.98
0.07534247 13.79429
0.07808219 14.50286
0.08082192 14.51429
0.08356164 14.44286
0.08630137 14.97714
0.0890411 14.7
0.09178082 14.62286
0.09452055 15.54857
0.09726027 15.57429
0.1 15.87143
0.1027397 15.84571
0.1054795 16.59714
0.1082192 17.05143
0.1109589 16.89143
0.1136986 15.98
0.1164384 16.72286
0.1191781 18.06
0.1219178 17.29714
0.1246575 17.73143
0.1273973 17.99143
0.130137 17.36286
0.1328767 17.90571
0.1356164 17.81429
0.1383562 18.58857
0.1410959 18.67714
0.1438356 19.57714
0.1465753 18.84286
0.1493151 19.25714
0.1520548 19.59429
0.1547945 19.46286
0.1575342 19.68571
0.160274 19.79143
0.1630137 18.89143
0.1657534 18.90571
0.1684932 18.36857
0.1712329 18.47714
0.1739726 19.17429
0.1767123 18.98571
0.1794521 19.88286
0.1821918 19.93143
0.1849315 20.35143
0.1876712 19.97429
0.190411 19.48857
0.1931507 19.44571
0.1958904 20
0.1986301 19.34286
0.2013699 19.41429
0.2041096 19.89714
0.2068493 20.55714
0.209589 20.3
0.2123288 20.17714
0.2150685 20.9
0.2178082 22.03143
0.2205479 21.32857
0.2232877 21.63143
0.2260274 21.01714
0.2287671 21.6
0.2315068 20.50857
0.2342466 20.64
0.2369863 22.07429
0.239726 21.81143
0.2424658 22.83714
0.2452055 23.17429
0.2479452 22.41765
0.2506849 21.35
0.2534247 22.25882
0.2561644 22.94706
0.2589041 23.96471
0.2616438 24.31176
0.2643836 23.8
0.2671233 23.19118
0.269863 23.64118
0.2726027 23.85
0.2753425 24.05294
0.2780822 24.12059
0.2808219 25.04706
0.2835616 25.04118
0.2863014 24.91765
0.2890411 25.05588
0.2917808 25.25294
0.2945205 24.78529
0.2972603 22.88235
0.3 23.7
0.3027397 24.57647
0.3054795 25.05588
0.3082192 24.94706
0.3109589 25.08529
0.3136986 24.35294
0.3164384 24.41471
0.3191781 24.88235
0.3219178 26.45882
0.3246575 26.37059
0.3273973 27.02647
0.330137 27.43143
0.3328767 27.13429
0.3356164 27.53429
0.3383562 28.24
0.3410959 27.39714
0.3438356 27.00857
0.3465753 26.64857
0.3493151 27.3
0.3520548 28.39429
0.3547945 27.91714
0.3575342 27.59714
0.360274 28.52571
0.3630137 29.26
0.3657534 29.7
0.3684932 29.73714
0.3712329 29.64857
0.3739726 29.50857
0.3767123 30.40857
0.3794521 30.35143
0.3821918 29.85714
0.3849315 30.25429
0.3876712 29.42571
0.390411 30.28
0.3931507 30.56857
0.3958904 30.28286
0.3986301 30.73143
0.4013699 30.70857
0.4041096 30.46571
0.4068493 30.9
0.409589 31.21429
0.4123288 31.80286
0.4150685 31.56
0.4178082 31.89143
0.4205479 32.52286
0.4232877 32.28571
0.4260274 32.59714
0.4287671 32.06857
0.4315068 31.58286
0.4342466 31.81714
0.4369863 31.94571
0.439726 32.49429
0.4424658 32.65714
0.4452055 32.81429
0.4479452 32.77143
0.4506849 33.36286
0.4534247 33.41429
0.4561644 33.52286
0.4589041 34.52571
0.4616438 34.39429
0.4643836 34.34286
0.4671233 35.15714
0.469863 35.10571
0.4726027 35.35143
0.4753425 35.64571
0.4780822 35.26857
0.4808219 35.18
0.4835616 35.02571
0.4863014 35.58286
0.4890411 35.57143
0.4917808 34.79143
0.4945205 33.97429
0.4972603 34.75429
0.5 35.36571
0.5027397 35.19429
0.5054795 35.30286
0.5082192 35.52
0.5109589 35.79714
0.5136986 35.68
0.5164384 35.69714
0.5191781 35.64571
0.5219178 35.69714
0.5246575 36.36286
0.5273973 36.62571
0.530137 36.49143
0.5328767 36.98857
0.5356164 37.70571
0.5383562 37.44857
0.5410959 36.80286
0.5438356 36.50857
0.5465753 36.95714
0.5493151 36.81143
0.5520548 36.51143
0.5547945 36.41143
0.5575342 36.48
0.560274 37.14286
0.5630137 37.14571
0.5657534 37.01714
0.5684932 37.17429
0.5712329 37.4
0.5739726 37.46
0.5767123 36.88571
0.5794521 36.54
0.5821918 36.93429
0.5849315 36.90571
0.5876712 37.07714
0.590411 36.88286
0.5931507 36.73143
0.5958904 36.63714
0.5986301 36.86286
0.6013699 36.90571
0.6041096 37.00286
0.6068493 37.35429
0.609589 37.32571
0.6123288 36.87714
0.6150685 36.57143
0.6178082 35.70857
0.6205479 34.77429
0.6232877 34.83429
0.6260274 35.28857
0.6287671 35.04857
0.6315068 35.01714
0.6342466 34.64571
0.6369863 34.44571
0.639726 34.88286
0.6424658 34.18
0.6452055 34.70571
0.6479452 34.70286
0.6506849 34.61714
0.6534247 34.42
0.6561644 34.57429
0.6589041 35.10857
0.6616438 35.23143
0.6643836 34.17429
0.6671233 33.97143
0.669863 34.26857
0.6726027 34.76571
0.6753425 35.18571
0.6780822 34.16857
0.6808219 34.83714
0.6835616 34.29143
0.6863014 34.06857
0.6890411 33.99714
0.6917808 33.47714
0.6945205 33.06571
0.6972603 33.04857
0.7 32.94286
0.7027397 32.86571
0.7054795 32.52286
0.7082192 32.27429
0.7109589 32.14
0.7136986 31.94
0.7164384 30.88857
0.7191781 31.06
0.7219178 30.85143
0.7246575 31.34286
0.7273973 32.17429
0.730137 31.79429
0.7328767 32.09143
0.7356164 31.89714
0.7383562 32.01714
0.7410959 31.50571
0.7438356 30.66286
0.7465753 30.4
0.7493151 30.71429
0.7520548 30.89429
0.7547945 30.83714
0.7575342 29.99714
0.760274 30.71714
0.7630137 30.70571
0.7657534 30.45714
0.7684932 29.09714
0.7712329 28.86857
0.7739726 28.86571
0.7767123 29.73143
0.7794521 28.29714
0.7821918 28.56571
0.7849315 28.14286
0.7876712 27.78
0.790411 27.19714
0.7931507 26.97429
0.7958904 26.98571
0.7986301 27.12286
0.8013699 27.35714
0.8041096 26.55429
0.8068493 26.15429
0.809589 26.18857
0.8123288 26.40571
0.8150685 25.64
0.8178082 25.76571
0.8205479 24.85143
0.8232877 24.32
0.8260274 23.95143
0.8287671 23.36
0.8315068 23.00286
0.8342466 23.38571
0.8369863 23.55429
0.839726 23.59143
0.8424658 23.5
0.8452055 23.12
0.8479452 22.65143
0.8506849 22.32571
0.8534247 21.92
0.8561644 21.91714
0.8589041 21.04286
0.8616438 21.01143
0.8643836 20.53714
0.8671233 20.08286
0.869863 19.66286
0.8726027 18.80286
0.8753425 18.67429
0.8780822 18.11714
0.8808219 17.96286
0.8835616 17.56857
0.8863014 17.7
0.8890411 17.44571
0.8917808 16.24571
0.8945205 16.62857
0.8972603 16.62857
0.9 16.72571
0.9027397 16.46286
0.9054795 15.76286
0.9082192 15.73143
0.9109589 15.99143
0.9136986 16.26571
0.9164384 15.59429
0.9191781 15.61176
0.9219178 15.81765
0.9246575 15.52647
0.9273973 15.49412
0.930137 14.62353
0.9328767 14.20294
0.9356164 13.60588
0.9383562 14.4
0.9410959 13.72941
0.9438356 13.8
0.9465753 12.63529
0.9493151 13.04412
0.9520548 12.20882
0.9547945 11.94706
0.9575342 12.57429
0.960274 12.87143
0.9630137 13.40857
0.9657534 13.28857
0.9684932 12.56857
0.9712329 13.02857
0.9739726 11.74
0.9767123 12.33429
0.9794521 11.33143
0.9821918 11.18286
0.9849315 11.14
0.9876712 11.48
0.990411 12.46571
0.9931507 12.26857
0.9958904 12.08
0.9986301 11.42
