time temperature
0.001369863 0.7114286
0.004109589 -0.4514286
0.006849315 -0.7771429
0.009589041 -0.6942857
0.01232877 0.1771429
0.01506849 0.3657143
0.01780822 0.56
0.02054795 0.3142857
0.02328767 0.3942857
0.0260274 1.525714
0.02876712 1.802857
0.03150685 1.585714
0.03424658 1.16
0.0369863 2.151429
0.03972603 1.657143
0.04246575 2.14
0.04520548 1.945714
0.04794521 3.177143
0.05068493 2.862857
0.05342466 3.768571
0.05616438 3.174286
0.05890411 2.868571
0.06164384 2.502857
0.06438356 2.542857
0.06712329 2.568571
0.06986301 3.64
0.07260274 3.74
0.07534247 3.662857
0.07808219 3.551429
0.08082192 3.577143
0.08356164 3.971429
0.08630137 3.905714
0.0890411 3.751429
0.09178082 3.402857
0.09452055 4.468571
0.09726027 3.62
0.1 4.048571
0.1027397 3.857143
0.1054795 4.411429
0.1082192 4.86
0.1109589 5.917143
0.1136986 5.691429
0.1164384 5.602857
0.1191781 6.22
0.1219178 5.325714
0.1246575 5.685714
0.1273973 5.588571
0.130137 6.225714
0.1328767 6.377143
0.1356164 6.76
0.1383562 6.662857
0.1410959 6.168571
0.1438356 7.162857
0.1465753 6.522857
0.1493151 7.5
0.1520548 8.214286
0.1547945 7.497143
0.1575342 7.674286
0.160274 8.391429
0.1630137 9.322857
0.1657534 8.831429
0.1684932 7.631429
0.1712329 6.84
0.1739726 8.16
0.1767123 9.171429
0.1794521 9.451429
0.1821918 10.63143
0.1849315 11.18286
0.1876712 10.80857
0.190411 10.09143
0.1931507 9.191429
0.1958904 10.09429
0.1986301 10.32
0.2013699 10.64857
0.2041096 11.77714
0.2068493 11.52286
0.209589 11.08286
0.2123288 11.02857
0.2150685 11.20571
0.2178082 12.91429
0.2205479 13.10857
0.2232877 13.44286
0.2260274 12.84
0.2287671 13.22571
0.2315068 13.38
0.2342466 12.89429
0.2369863 12.06571
0.239726 11.31765
0.2424658 12.66176
0.2452055 13.59118
0.2479452 13.77143
0.2506849 13.06857
0.2534247 13.65429
0.2561644 13.84
0.2589041 15.22571
0.2616438 15.76286
0.2643836 16.06571
0.2671233 15.16286
0.269863 16.21429
0.2726027 16.73429
0.2753425 15.61143
0.2780822 15.49429
0.2808219 15.76857
0.2835616 17.23429
0.2863014 18.39429
0.2890411 18.91143
0.2917808 18.77714
0.2945205 17.64571
0.2972603 16.52857
0.3 15.80857
0.3027397 18.01714
0.3054795 18.28286
0.3082192 18.82
0.3109589 18.90286
0.3136986 18.02857
0.3164384 16.26571
0.3191781 16.79714
0.3219178 18.09429
0.3246575 18.71429
0.3273973 18.76857
0.330137 19.26857
0.3328767 19.91143
0.3356164 20.05143
0.3383562 21.04286
0.3410959 20.07429
0.3438356 19.27143
0.3465753 19.36286
0.3493151 20.00571
0.3520548 20.84571
0.3547945 21.87143
0.3575342 21.89412
0.360274 20.86571
0.3630137 21.31429
0.3657534 21.78571
0.3684932 22.49143
0.3712329 22.15429
0.3739726 22.39429
0.3767123 22.91714
0.3794521 23.51143
0.3821918 23.75143
0.3849315 23.69429
0.3876712 24.01714
0.390411 24.13143
0.3931507 23.60857
0.3958904 23.44286
0.3986301 24.00571
0.4013699 24.25143
0.4041096 24.65143
0.4068493 24.54
0.409589 24.22286
0.4123288 23.92059
0.4150685 24.66857
0.4178082 25.84571
0.4205479 25.99429
0.4232877 26.60857
0.4260274 26.57429
0.4287671 26.35143
0.4315068 26.08286
0.4342466 24.84
0.4369863 25.89143
0.439726 26.67143
0.4424658 26.76
0.4452055 27.38
0.4479452 27.23714
0.4506849 27.72
0.4534247 28.00857
0.4561644 27.94
0.4589041 28.18
0.4616438 28.42857
0.4643836 29.57429
0.4671233 30.01714
0.469863 30.51714
0.4726027 30.17143
0.4753425 30.98286
0.4780822 30.39143
0.4808219 30.17143
0.4835616 30.46286
0.4863014 31.24571
0.4890411 31.74571
0.4917808 31.53714
0.4945205 31.03143
0.4972603 31.72
0.5 31.94857
0.5027397 32.06
0.5054795 31.30286
0.5082192 32.11143
0.5109589 32.76
0.5136986 31.81714
0.5164384 31.80857
0.5191781 31.58
0.5219178 31.91429
0.5246575 32.08
0.5273973 31.46
0.530137 32.04571
0.5328767 32.34857
0.5356164 32.46286
0.5383562 31.78857
0.5410959 31.84
0.5438356 31.84571
0.5465753 31.34571
0.5493151 31.32857
0.5520548 31.42857
0.5547945 31.25143
0.5575342 30.29429
0.560274 30.66
0.5630137 30.83143
0.5657534 31.00286
0.5684932 31.34
0.5712329 31.7
0.5739726 31.62286
0.5767123 31.36286
0.5794521 30.67941
0.5821918 30.96857
0.5849315 30.35429
0.5876712 30.45429
0.590411 30.8
0.5931507 31.14
0.5958904 31.17353
0.5986301 31.56857
0.6013699 31.38857
0.6041096 30.99714
0.6068493 31.04
0.609589 30.50571
0.6123288 30.23714
0.6150685 29.90588
0.6178082 29.87429
0.6205479 29.22571
0.6232877 29.68571
0.6260274 29.07714
0.6287671 29.15714
0.6315068 29.24
0.6342466 28.48857
0.6369863 28.16
0.639726 28.40857
0.6424658 28.32857
0.6452055 28.87143
0.6479452 28.44286
0.6506849 28.97143
0.6534247 28.54857
0.6561644 29.13143
0.6589041 28.50857
0.6616438 28.42857
0.6643836 28.00294
0.6671233 27.77714
0.669863 27.92286
0.6726027 27.62286
0.6753425 27.82571
0.6780822 27.73429
0.6808219 27.25429
0.6835616 27.67429
0.6863014 26.48
0.6890411 26.61143
0.6917808 26.44
0.6945205 25.93429
0.6972603 24.29714
0.7 24.60571
0.7027397 24.40286
0.7054795 24.62
0.7082192 24.44571
0.7109589 24.93429
0.7136986 24.52286
0.7164384 23.38857
0.7191781 22.48857
0.7219178 22.56286
0.7246575 23.11143
0.7273973 23.77143
0.730137 23.93143
0.7328767 23.95143
0.7356164 24.01143
0.7383562 24.2
0.7410959 23.51429
0.7438356 23.20571
0.7465753 23.04118
0.7493151 23.12571
0.7520548 22.80571
0.7547945 22.04
0.7575342 21.68857
0.760274 21.99714
0.7630137 21.45143
0.7657534 20.85143
0.7684932 19.81429
0.7712329 20.25714
0.7739726 20.22571
0.7767123 19.65714
0.7794521 19.52857
0.7821918 19.90857
0.7849315 18.97429
0.7876712 18.24286
0.790411 17.47429
0.7931507 18.07143
0.7958904 17.48286
0.7986301 17.28286
0.8013699 17.84286
0.8041096 16.97714
0.8068493 17.44571
0.809589 16.9
0.8123288 16.35143
0.8150685 16.92857
0.8178082 17.03714
0.8205479 16.46286
0.8232877 15.29429
0.8260274 14.51429
0.8287671 13.23429
0.8315068 12.13636
0.8342466 12.57143
0.8369863 12.28571
0.839726 12.08
0.8424658 12.96
0.8452055 13.42857
0.8479452 13.88857
0.8506849 13.35143
0.8534247 12.62857
0.8561644 11.14286
0.8589041 11.14
0.8616438 11.96571
0.8643836 11.16
0.8671233 10.80857
0.869863 10.08
0.8726027 9.5
0.8753425 9.122857
0.8780822 8.828571
0.8808219 7.777143
0.8835616 7.76
0.8863014 7.017143
0.8890411 7.68
0.8917808 7.045714
0.8945205 7.817143
0.8972603 7.582857
0.9 7.434286
0.9027397 5.857143
0.9054795 4.331429
0.9082192 3.882857
0.9109589 3.742857
0.9136986 5.06
0.9164384 5.905714
0.9191781 5.708571
0.9219178 6.32
0.9246575 6.3
0.9273973 4.802857
0.930137 4.837143
0.9328767 4.531429
0.9356164 4.068571
0.9383562 3.92
0.9410959 3.694286
0.9438356 3.64
0.9465753 3.485714
0.9493151 2.588571
0.9520548 2.082857
0.9547945 2.86
0.9575342 2.62
0.960274 2.78
0.9630137 2.711429
0.9657534 2.765714
0.9684932 2.171429
0.9712329 1.614286
0.9739726 1.602857
0.9767123 1.674286
0.9794521 1.254286
0.9821918 2.04
0.9849315 1.614286
0.9876712 1.031429
0.990411 1.331429
0.9931507 1.588571
0.9958904 1.868571
0.9986301 0.6382353
