time temperature
0.001369863 6.32
0.004109589 5.525714
0.006849315 5.822857
0.009589041 6.085714
0.01232877 5.588571
0.01506849 4.62
0.01780822 5.808571
0.02054795 4.228571
0.02328767 4.022857
0.0260274 4.008571
0.02876712 3.782857
0.03150685 4.734286
0.03424658 5.071429
0.0369863 5.442857
0.03972603 5.188571
0.04246575 4.322857
0.04520548 5.174286
0.04794521 5.708571
0.05068493 4.302857
0.05342466 3.934286
0.05616438 4.037143
0.05890411 6.328571
0.06164384 6.86
0.06438356 7.408571
0.06712329 6.588235
0.06986301 7.997143
0.07260274 5.582857
0.07534247 5.457143
0.07808219 6.845714
0.08082192 5.444118
0.08356164 5.808571
0.08630137 6.688571
0.0890411 7.605714
0.09178082 6.211429
0.09452055 6.557143
0.09726027 7.694118
0.1 7.838235
0.1027397 5.102857
0.1054795 4.762857
0.1082192 5.282857
0.1109589 5.232353
0.1136986 7.02
0.1164384 7.531429
0.1191781 5.879412
0.1219178 6.257143
0.1246575 7.651429
0.1273973 8.58
0.130137 8.577143
0.1328767 9.182857
0.1356164 9.917143
0.1383562 8.665714
0.1410959 9.117143
0.1438356 10.84286
0.1465753 10.82857
0.1493151 9.894286
0.1520548 9.274286
0.1547945 7.897143
0.1575342 8.54
0.160274 9.265714
0.1630137 10.83529
0.1657534 11.30286
0.1684932 12.12857
0.1712329 12.33714
0.1739726 13.73429
0.1767123 11.98286
0.1794521 11.68857
0.1821918 12.46286
0.1849315 12.79429
0.1876712 11.96857
0.190411 12.87143
0.1931507 13.41714
0.1958904 13.92286
0.1986301 13.22
0.2013699 12.89143
0.2041096 13.42857
0.2068493 12.62286
0.209589 14.18857
0.2123288 14.34286
0.2150685 13.61429
0.2178082 14.19143
0.2205479 12.86286
0.2232877 13.58857
0.2260274 15.38857
0.2287671 15.76176
0.2315068 15.11429
0.2342466 16.22353
0.2369863 16.82857
0.239726 18.33143
0.2424658 17.05429
0.2452055 16.73429
0.2479452 16.68286
0.2506849 16.94857
0.2534247 18.25143
0.2561644 16.98571
0.2589041 17.12286
0.2616438 16.76571
0.2643836 17.24857
0.2671233 17.40286
0.269863 18.26286
0.2726027 16.44
0.2753425 18.84286
0.2780822 19.92
0.2808219 19.93714
0.2835616 20.49429
0.2863014 21.28286
0.2890411 19.73429
0.2917808 20.49143
0.2945205 21.63714
0.2972603 22.75429
0.3 22.98571
0.3027397 22.54857
0.3054795 21.62
0.3082192 22.57429
0.3109589 21.84571
0.3136986 21.98571
0.3164384 22.36286
0.3191781 22.41429
0.3219178 22.58857
0.3246575 22.58571
0.3273973 22.12857
0.330137 24.18
0.3328767 21.96571
0.3356164 22.21714
0.3383562 21.56
0.3410959 22.43143
0.3438356 23.30571
0.3465753 23.65143
0.3493151 23.99429
0.3520548 22.68
0.3547945 22.47143
0.3575342 23.84
0.360274 24.78
0.3630137 24.05714
0.3657534 24.77714
0.3684932 25.59429
0.3712329 24.72857
0.3739726 24.98
0.3767123 25.54
0.3794521 24.82857
0.3821918 25.00286
0.3849315 25.52286
0.3876712 26.22
0.390411 26.14
0.3931507 26.25143
0.3958904 26.20286
0.3986301 25.88571
0.4013699 25.41714
0.4041096 25.92571
0.4068493 26.27429
0.409589 26.06571
0.4123288 26.55143
0.4150685 27.16857
0.4178082 27.02
0.4205479 26.73143
0.4232877 27.11143
0.4260274 27.32
0.4287671 28.01429
0.4315068 28.18
0.4342466 28.63429
0.4369863 29.20286
0.439726 28.73143
0.4424658 28.29714
0.4452055 28.53143
0.4479452 28.50286
0.4506849 28.75714
0.4534247 29.16571
0.4561644 28.84
0.4589041 28.73429
0.4616438 29.10571
0.4643836 29.88286
0.4671233 29.39714
0.469863 28.63429
0.4726027 28.92
0.4753425 28.98857
0.4780822 29.08
0.4808219 29.03714
0.4835616 30.03714
0.4863014 29.82
0.4890411 29.87429
0.4917808 30.31714
0.4945205 30.36857
0.4972603 30.33429
0.5 30.33714
0.5027397 29.68286
0.5054795 29.11714
0.5082192 29.64571
0.5109589 30.00857
0.5136986 29.84571
0.5164384 30.71429
0.5191781 30.97714
0.5219178 30.76286
0.5246575 30.74571
0.5273973 30.60286
0.530137 30.56571
0.5328767 30.23143
0.5356164 30.18286
0.5383562 30.25143
0.5410959 31.22571
0.5438356 31.33429
0.5465753 31.12857
0.5493151 31.20857
0.5520548 31.3
0.5547945 31.21143
0.5575342 31.02571
0.560274 31.24857
0.5630137 31.22286
0.5657534 30.79429
0.5684932 30.96857
0.5712329 30.29429
0.5739726 29.61714
0.5767123 29.40571
0.5794521 29.88857
0.5821918 30.4
0.5849315 30.30286
0.5876712 30.53143
0.590411 30.64857
0.5931507 30.53429
0.5958904 30.18857
0.5986301 30.27143
0.6013699 29.59714
0.6041096 29.85143
0.6068493 29.98857
0.609589 29.29714
0.6123288 28.95143
0.6150685 28.89714
0.6178082 29.36857
0.6205479 30.01714
0.6232877 30.12857
0.6260274 30.20857
0.6287671 29.93143
0.6315068 29.56
0.6342466 30.32857
0.6369863 29.50857
0.639726 29.68857
0.6424658 29.71143
0.6452055 29.44286
0.6479452 29.54286
0.6506849 29.75143
0.6534247 30.31143
0.6561644 30.13429
0.6589041 30.00286
0.6616438 29.49118
0.6643836 29.47429
0.6671233 29.31143
0.669863 29
0.6726027 29.41143
0.6753425 28.7
0.6780822 28.27143
0.6808219 28.16571
0.6835616 28.42857
0.6863014 28.73429
0.6890411 28.55714
0.6917808 28.92
0.6945205 27.95143
0.6972603 27.70286
0.7 27.64706
0.7027397 27.86286
0.7054795 27.36571
0.7082192 26.3
0.7109589 26.11143
0.7136986 25.90857
0.7164384 25.57143
0.7191781 26.14286
0.7219178 26.20571
0.7246575 26.02286
0.7273973 24.49706
0.730137 23.46
0.7328767 23.47143
0.7356164 24.58571
0.7383562 23.88286
0.7410959 23.15294
0.7438356 23.34706
0.7465753 23.43143
0.7493151 23.72
0.7520548 23.66857
0.7547945 22.80286
0.7575342 22.25714
0.760274 22.52571
0.7630137 22.04
0.7657534 21.56857
0.7684932 21.54286
0.7712329 22.07429
0.7739726 21.42857
0.7767123 21.84
0.7794521 21.82857
0.7821918 22.21714
0.7849315 21.72857
0.7876712 22.04857
0.790411 21.80286
0.7931507 20.75714
0.7958904 21.04286
0.7986301 19.37714
0.8013699 17.74857
0.8041096 18.75429
0.8068493 20.07714
0.809589 19.79143
0.8123288 18.58857
0.8150685 18.58824
0.8178082 18.29706
0.8205479 19.13529
0.8232877 18.64118
0.8260274 18.35
0.8287671 18.3
0.8315068 19.14242
0.8342466 19.74118
0.8369863 19.36
0.839726 17.58
0.8424658 16.72857
0.8452055 15.54286
0.8479452 14.94
0.8506849 13.96
0.8534247 14.27429
0.8561644 15.09706
0.8589041 16.39118
0.8616438 14.38
0.8643836 14.24286
0.8671233 14.06857
0.869863 13.73429
0.8726027 15.49429
0.8753425 15.02857
0.8780822 14.49143
0.8808219 13.72571
0.8835616 13.29143
0.8863014 13.72
0.8890411 13.15714
0.8917808 12.16
0.8945205 12.39714
0.8972603 12.58
0.9 11.02857
0.9027397 13.19714
0.9054795 14.43143
0.9082192 13.12571
0.9109589 10.01143
0.9136986 8.077143
0.9164384 9.842857
0.9191781 11.12286
0.9219178 10.55429
0.9246575 11
0.9273973 9.871429
0.930137 10.03429
0.9328767 9.465714
0.9356164 9.202857
0.9383562 8.777143
0.9410959 8.665714
0.9438356 7.931429
0.9465753 8.437143
0.9493151 8.528571
0.9520548 7.971429
0.9547945 8.031429
0.9575342 8.22
0.960274 7.065714
0.9630137 6.988571
0.9657534 6.608571
0.9684932 7.354286
0.9712329 6.414286
0.9739726 5.94
0.9767123 7.762857
0.9794521 7.125714
0.9821918 6.414286
0.9849315 4.994286
0.9876712 5.168571
0.990411 6.84
0.9931507 7.568571
0.9958904 6.962857
0.9986301 7.268571
