time temperature
0.001369863 13.63714
0.004109589 12.46857
0.006849315 12.98571
0.009589041 12.95429
0.01232877 12.06571
0.01506849 12.76
0.01780822 14.63714
0.02054795 13.42857
0.02328767 12.24857
0.0260274 12.37714
0.02876712 12.74
0.03150685 11.89429
0.03424658 11.94857
0.0369863 13.73429
0.03972603 13.55429
0.04246575 14.02857
0.04520548 14.38286
0.04794521 14.68857
0.05068493 13.52286
0.05342466 12.98
0.05616438 13.53714
0.05890411 14.31429
0.06164384 15.11429
0.06438356 15.52
0.06712329 16.38571
0.06986301 15.75714
0.07260274 15.6
0.07534247 16.1
0.07808219 16.18571
0.08082192 16.68286
0.08356164 16.50857
0.08630137 16.10857
0.0890411 15.55429
0.09178082 14.92571
0.09452055 15.46
0.09726027 14.59143
0.1 14.88571
0.1027397 13.97714
0.1054795 14.11143
0.1082192 16.13143
0.1109589 16.18286
0.1136986 17.26857
0.1164384 16.28571
0.1191781 16.54857
0.1219178 18.27429
0.1246575 18.23714
0.1273973 17.71143
0.130137 16.96857
0.1328767 17.26571
0.1356164 17.24286
0.1383562 17.96571
0.1410959 19.27143
0.1438356 18.11143
0.1465753 18.07714
0.1493151 18.94
0.1520548 18.85714
0.1547945 19
0.1575342 18.30286
0.160274 18.18824
0.1630137 19.06
0.1657534 18.89429
0.1684932 19.56471
0.1712329 19.57143
0.1739726 19.68286
0.1767123 19.13143
0.1794521 19.50857
0.1821918 21.03429
0.1849315 20.82571
0.1876712 20.68
0.190411 21.37429
0.1931507 21.03429
0.1958904 21.26857
0.1986301 21.92857
0.2013699 21.12857
0.2041096 22.04571
0.2068493 21.56571
0.209589 22.96857
0.2123288 23.47714
0.2150685 22.28857
0.2178082 21.68286
0.2205479 21
0.2232877 22.82286
0.2260274 21.89143
0.2287671 21.08286
0.2315068 21.32
0.2342466 23.16857
0.2369863 23.72857
0.239726 24.06857
0.2424658 22.91143
0.2452055 23.68571
0.2479452 24.04857
0.2506849 25.15143
0.2534247 24.37714
0.2561644 24.39143
0.2589041 23.19429
0.2616438 23.67941
0.2643836 24.52941
0.2671233 24.80571
0.269863 25.14
0.2726027 24.62571
0.2753425 24.98286
0.2780822 25.23143
0.2808219 25.96857
0.2835616 26.56
0.2863014 25.57714
0.2890411 26.28286
0.2917808 26.59714
0.2945205 27.35143
0.2972603 27.59143
0.3 27.61143
0.3027397 26.22571
0.3054795 26.86857
0.3082192 27.18571
0.3109589 26.50857
0.3136986 27.76286
0.3164384 27.70857
0.3191781 27.23429
0.3219178 27.66857
0.3246575 27.82857
0.3273973 26.91429
0.330137 27.05429
0.3328767 26.91143
0.3356164 26.71714
0.3383562 26.85714
0.3410959 27.41714
0.3438356 28.46571
0.3465753 28.78286
0.3493151 28.18286
0.3520548 27.85143
0.3547945 28.67429
0.3575342 28.63143
0.360274 29.22286
0.3630137 28.98
0.3657534 29.28286
0.3684932 29.65143
0.3712329 29.46857
0.3739726 29.74571
0.3767123 29.59143
0.3794521 30.20571
0.3821918 29.89714
0.3849315 29.92286
0.3876712 29.95714
0.390411 30.18857
0.3931507 30.56
0.3958904 31.17429
0.3986301 30.85143
0.4013699 30.88857
0.4041096 30.90571
0.4068493 31.18286
0.409589 31.07429
0.4123288 30.51429
0.4150685 30.10857
0.4178082 31.00286
0.4205479 31.74571
0.4232877 31.64857
0.4260274 31.88571
0.4287671 32.53714
0.4315068 32.77429
0.4342466 32.65714
0.4369863 32.72857
0.439726 32.94286
0.4424658 32.69714
0.4452055 32.84286
0.4479452 32.92286
0.4506849 32.9
0.4534247 33.08
0.4561644 32.72857
0.4589041 32.13529
0.4616438 33.04857
0.4643836 32.82286
0.4671233 33.15714
0.469863 33.3
0.4726027 33.01429
0.4753425 33.44286
0.4780822 33.60286
0.4808219 33.21714
0.4835616 33.43714
0.4863014 33.45143
0.4890411 33.55143
0.4917808 33.68
0.4945205 33.77714
0.4972603 34.15
0.5 34.02647
0.5027397 34.75
0.5054795 34.46471
0.5082192 34.24118
0.5109589 33.42647
0.5136986 34.01471
0.5164384 34.36471
0.5191781 34.3
0.5219178 34.33235
0.5246575 34.31176
0.5273973 34.57941
0.530137 34.74118
0.5328767 34.47059
0.5356164 34.58824
0.5383562 33.91471
0.5410959 34.28529
0.5438356 34.40882
0.5465753 34.54118
0.5493151 34.63529
0.5520548 34.35882
0.5547945 33.81471
0.5575342 33.97941
0.560274 34.35
0.5630137 34.62353
0.5657534 34.86176
0.5684932 34.62647
0.5712329 34.37647
0.5739726 34.31471
0.5767123 34.42353
0.5794521 34.67059
0.5821918 34.73143
0.5849315 34.50857
0.5876712 33.84571
0.590411 34.15143
0.5931507 34.71143
0.5958904 34.58857
0.5986301 34.71143
0.6013699 34.32857
0.6041096 34.14
0.6068493 34.69143
0.609589 34.48571
0.6123288 33.82571
0.6150685 33.99429
0.6178082 33.95143
0.6205479 33.86857
0.6232877 34.04857
0.6260274 34.45429
0.6287671 34.41143
0.6315068 34.38235
0.6342466 34.55714
0.6369863 34.39429
0.639726 34.39714
0.6424658 34.17143
0.6452055 33.90571
0.6479452 33.92
0.6506849 33.85143
0.6534247 34.1
0.6561644 34.06571
0.6589041 32.89143
0.6616438 33.23143
0.6643836 33.49143
0.6671233 33.44286
0.669863 33.31429
0.6726027 33.36571
0.6753425 32.66571
0.6780822 32.65714
0.6808219 32.61143
0.6835616 32.82
0.6863014 32.88286
0.6890411 32.74286
0.6917808 32.31714
0.6945205 31.81714
0.6972603 31.87143
0.7 32.04286
0.7027397 32.30286
0.7054795 31.46857
0.7082192 30.97429
0.7109589 30.54286
0.7136986 31.31143
0.7164384 31.74571
0.7191781 30.32571
0.7219178 30.47429
0.7246575 30.49429
0.7273973 30.54286
0.730137 30.08
0.7328767 29.51714
0.7356164 29.20571
0.7383562 29.17429
0.7410959 28.93714
0.7438356 29.26571
0.7465753 29.73429
0.7493151 28.72
0.7520548 29.49429
0.7547945 29.30588
0.7575342 29.12353
0.760274 29
0.7630137 28.21143
0.7657534 27.68
0.7684932 27.82286
0.7712329 27.65588
0.7739726 27.01765
0.7767123 27.07143
0.7794521 27.60857
0.7821918 27.16765
0.7849315 26.62941
0.7876712 26.38235
0.790411 26.62647
0.7931507 26.40588
0.7958904 26.60588
0.7986301 25.82059
0.8013699 25.84
0.8041096 25.32571
0.8068493 25.51176
0.809589 25.49118
0.8123288 24.68571
0.8150685 24.60882
0.8178082 23.89429
0.8205479 24.16
0.8232877 24.01714
0.8260274 24.38857
0.8287671 25.16
0.8315068 24.33235
0.8342466 24.25143
0.8369863 23.07714
0.839726 22.12857
0.8424658 22.16
0.8452055 22.54
0.8479452 21.67429
0.8506849 21.73714
0.8534247 21.57143
0.8561644 21.54857
0.8589041 21.96857
0.8616438 20.96571
0.8643836 21.46286
0.8671233 21.49143
0.869863 20.74571
0.8726027 21.01429
0.8753425 22.2
0.8780822 20.70857
0.8808219 20.31471
0.8835616 20.53714
0.8863014 20.44286
0.8890411 19.62286
0.8917808 19.40857
0.8945205 19.02571
0.8972603 18.85429
0.9 18.68857
0.9027397 20.57143
0.9054795 20.07714
0.9082192 17.95143
0.9109589 15.6
0.9136986 16.75714
0.9164384 17.06571
0.9191781 18.42286
0.9219178 18.02286
0.9246575 18.26857
0.9273973 17.25294
0.930137 17.8
0.9328767 16.49143
0.9356164 16.40882
0.9383562 17.12857
0.9410959 16.33143
0.9438356 15.96571
0.9465753 16.11143
0.9493151 14.69143
0.9520548 15.25143
0.9547945 15.16857
0.9575342 14.50857
0.960274 14.42571
0.9630137 15.24
0.9657534 15.37143
0.9684932 15.69429
0.9712329 15.54
0.9739726 15.40294
0.9767123 14.85714
0.9794521 15.15714
0.9821918 14.64
0.9849315 13.98857
0.9876712 14.67143
0.990411 15.35429
0.9931507 15.74
0.9958904 14.43429
0.9986301 14.61143
