time temperature
0.001369863 4.551515
0.004109589 4.938235
0.006849315 5.837143
0.009589041 5.691429
0.01232877 5.534286
0.01506849 5.728571
0.01780822 4.477143
0.02054795 6
0.02328767 6.354286
0.0260274 6.251429
0.02876712 6.574286
0.03150685 5.962857
0.03424658 7.274286
0.0369863 6.62
0.03972603 8.38
0.04246575 6.705714
0.04520548 6.971429
0.04794521 5.982857
0.05068493 6.128571
0.05342466 5.827273
0.05616438 6.194286
0.05890411 7.031429
0.06164384 7.014286
0.06438356 6.957143
0.06712329 7.242857
0.06986301 7.154286
0.07260274 7.302857
0.07534247 7.18
0.07808219 7.594118
0.08082192 7.862857
0.08356164 7.774286
0.08630137 6.448571
0.0890411 6.434286
0.09178082 7.252941
0.09452055 6.454286
0.09726027 6.751429
0.1 6.302857
0.1027397 6.448571
0.1054795 5.991429
0.1082192 7.105714
0.1109589 6.622857
0.1136986 6.477143
0.1164384 7.868571
0.1191781 8.042857
0.1219178 7.394286
0.1246575 6.542857
0.1273973 7.351429
0.130137 6.171429
0.1328767 6.244118
0.1356164 6.214706
0.1383562 6.633333
0.1410959 6.270588
0.1438356 6.879412
0.1465753 7.552941
0.1493151 9.185294
0.1520548 8.155882
0.1547945 8.744118
0.1575342 8.135294
0.160274 8.811765
0.1630137 8.712121
0.1657534 7.582353
0.1684932 7.174286
0.1712329 6.629412
0.1739726 7.023529
0.1767123 8.305882
0.1794521 9.174286
0.1821918 9.820588
0.1849315 9.544118
0.1876712 9.623529
0.190411 8.128571
0.1931507 7.797143
0.1958904 8.411429
0.1986301 8.928571
0.2013699 8.528571
0.2041096 9.265714
0.2068493 9.654286
0.209589 9.568571
0.2123288 9.351429
0.2150685 9.788571
0.2178082 10.63429
0.2205479 10.74286
0.2232877 10.85294
0.2260274 10.60571
0.2287671 10.97429
0.2315068 10.84286
0.2342466 10.41429
0.2369863 9.531429
0.239726 9.045714
0.2424658 9.145714
0.2452055 10.57647
0.2479452 10.14571
0.2506849 10.82
0.2534247 10.80857
0.2561644 10.59429
0.2589041 11.75143
0.2616438 12.97714
0.2643836 12.47714
0.2671233 12.73714
0.269863 12.65143
0.2726027 13.23824
0.2753425 13.12857
0.2780822 12.72857
0.2808219 13.01143
0.2835616 14.12286
0.2863014 13.86857
0.2890411 15.00857
0.2917808 14.95143
0.2945205 14.53143
0.2972603 13.73143
0.3 13.51143
0.3027397 14.03714
0.3054795 14.43429
0.3082192 15.15
0.3109589 15.27143
0.3136986 15.19412
0.3164384 14.01143
0.3191781 14.01429
0.3219178 14.56286
0.3246575 14.55143
0.3273973 14.64286
0.330137 14.61143
0.3328767 14.90588
0.3356164 15.76571
0.3383562 16.32941
0.3410959 16.35714
0.3438356 15.11714
0.3465753 15.56571
0.3493151 16.95143
0.3520548 17.36857
0.3547945 17.18
0.3575342 17.72571
0.360274 17.35143
0.3630137 17.1
0.3657534 17.69714
0.3684932 17.67429
0.3712329 17.97143
0.3739726 18.04
0.3767123 18.54857
0.3794521 18.49143
0.3821918 17.86471
0.3849315 18.60857
0.3876712 19.01714
0.390411 19.20571
0.3931507 18.78286
0.3958904 18.68
0.3986301 19.13824
0.4013699 19.31714
0.4041096 19.14571
0.4068493 19.36286
0.409589 18.97059
0.4123288 19.27576
0.4150685 18.96571
0.4178082 19.56571
0.4205479 19.22286
0.4232877 20.41429
0.4260274 20.68571
0.4287671 21.08857
0.4315068 21.30571
0.4342466 21.24857
0.4369863 20.84
0.439726 20.62121
0.4424658 22.11429
0.4452055 22.49429
0.4479452 23.03714
0.4506849 22.51143
0.4534247 22.27576
0.4561644 22.93429
0.4589041 23.96857
0.4616438 23.96
0.4643836 23.52
0.4671233 24.30294
0.469863 24.76
0.4726027 25.07353
0.4753425 24.96
0.4780822 24.64857
0.4808219 24.66857
0.4835616 25.38571
0.4863014 25.79714
0.4890411 25.64286
0.4917808 25.04286
0.4945205 25.38286
0.4972603 25.44242
0.5 25.55588
0.5027397 25.51143
0.5054795 25.08571
0.5082192 24.78571
0.5109589 25.33714
0.5136986 25.28571
0.5164384 24.79143
0.5191781 24.39429
0.5219178 24.34286
0.5246575 25.20857
0.5273973 24.34857
0.530137 24.14857
0.5328767 24.32
0.5356164 24.08529
0.5383562 24.09714
0.5410959 24.6
0.5438356 24.15143
0.5465753 24.18857
0.5493151 23.38571
0.5520548 24.01714
0.5547945 24.30286
0.5575342 23.84286
0.560274 23.21429
0.5630137 23.56
0.5657534 23.63143
0.5684932 23.92857
0.5712329 23.46857
0.5739726 24.09118
0.5767123 23.94412
0.5794521 23.70909
0.5821918 23.58824
0.5849315 23.68485
0.5876712 23.90588
0.590411 22.84706
0.5931507 23.37429
0.5958904 23.9
0.5986301 23.92286
0.6013699 24.05143
0.6041096 23.56571
0.6068493 22.63429
0.609589 22.68571
0.6123288 23.20571
0.6150685 23.53429
0.6178082 22.69143
0.6205479 22.90571
0.6232877 23.36286
0.6260274 23.22857
0.6287671 23.39143
0.6315068 23.16286
0.6342466 23.31429
0.6369863 23.28857
0.639726 23.14571
0.6424658 22.33429
0.6452055 22.82
0.6479452 23.36571
0.6506849 22.71143
0.6534247 22.50571
0.6561644 22.38
0.6589041 22.76176
0.6616438 22.00286
0.6643836 21.4625
0.6671233 22.03143
0.669863 22.82286
0.6726027 22.46
0.6753425 21.75714
0.6780822 21.57429
0.6808219 21.56286
0.6835616 21.55143
0.6863014 21.90571
0.6890411 21.80571
0.6917808 21.76857
0.6945205 21.36
0.6972603 20.53714
0.7 19.82286
0.7027397 19.63429
0.7054795 19.75143
0.7082192 20.03714
0.7109589 19.92
0.7136986 19.58235
0.7164384 20.01714
0.7191781 19
0.7219178 18.49143
0.7246575 18.99714
0.7273973 19.10286
0.730137 19.33714
0.7328767 19.20571
0.7356164 18.92
0.7383562 19.11143
0.7410959 19.39706
0.7438356 19.33143
0.7465753 19.33714
0.7493151 19.75294
0.7520548 19.47143
0.7547945 18.60286
0.7575342 18.86471
0.760274 18.53429
0.7630137 17.57143
0.7657534 17.94857
0.7684932 17.69143
0.7712329 18.00286
0.7739726 18.11143
0.7767123 17.49143
0.7794521 17.42
0.7821918 17.24
0.7849315 16.41143
0.7876712 15.73235
0.790411 15.54286
0.7931507 15.32286
0.7958904 15.14
0.7986301 15.58
0.8013699 15.7
0.8041096 15.21429
0.8068493 14.63714
0.809589 14.56286
0.8123288 15.45714
0.8150685 15.48571
0.8178082 14.97143
0.8205479 14.70571
0.8232877 14.51143
0.8260274 14.16
0.8287671 12.68
0.8315068 12.69706
0.8342466 11.07714
0.8369863 11.35143
0.839726 11.63143
0.8424658 13.02857
0.8452055 13.31429
0.8479452 13.46286
0.8506849 13.48286
0.8534247 12.71429
0.8561644 12.54286
0.8589041 13.41714
0.8616438 12.37143
0.8643836 12.34
0.8671233 12.52571
0.869863 11.33143
0.8726027 10.92286
0.8753425 10.22286
0.8780822 10.25588
0.8808219 9.36
0.8835616 8.72
0.8863014 10.27429
0.8890411 9.014286
0.8917808 9.645714
0.8945205 9.070588
0.8972603 9.908824
0.9 8.734286
0.9027397 7.322857
0.9054795 6.711429
0.9082192 6.711429
0.9109589 7.402857
0.9136986 7.922857
0.9164384 8.528571
0.9191781 9.524242
0.9219178 9.441176
0.9246575 10.21515
0.9273973 8.141176
0.930137 6.954286
0.9328767 8.425714
0.9356164 7.617143
0.9383562 7.64
0.9410959 7.214286
0.9438356 7.157143
0.9465753 6.52
0.9493151 5.84
0.9520548 6.314286
0.9547945 5.454286
0.9575342 6.897143
0.960274 7.037143
0.9630137 7.394286
0.9657534 7.46
0.9684932 7.017143
0.9712329 6.708571
0.9739726 6.111429
0.9767123 6.331429
0.9794521 7.8
0.9821918 7.128571
0.9849315 6.794286
0.9876712 6.034286
0.990411 5.371429
0.9931507 4.9
0.9958904 5.674286
0.9986301 4.658824
