time temperature
0.001369863 4.542857
0.004109589 4.125714
0.006849315 4.54
0.009589041 4.605714
0.01232877 5.017143
0.01506849 5.297143
0.01780822 5.682857
0.02054795 5.857143
0.02328767 6.177143
0.0260274 6.522857
0.02876712 5.422857
0.03150685 6.165714
0.03424658 6.78
0.0369863 7.222857
0.03972603 7.731429
0.04246575 7.242857
0.04520548 7.825714
0.04794521 7.62
0.05068493 6.877143
0.05342466 7.14
0.05616438 6.937143
0.05890411 6.797143
0.06164384 7.048571
0.06438356 6.86
0.06712329 7.725714
0.06986301 7.771429
0.07260274 7.708571
0.07534247 7.305714
0.07808219 7.585714
0.08082192 7.474286
0.08356164 7.594286
0.08630137 7.731429
0.0890411 7.6
0.09178082 8.377143
0.09452055 8.788571
0.09726027 8.222857
0.1 7.92
0.1027397 8.471429
0.1054795 9.094286
0.1082192 9.48
0.1109589 8.688571
0.1136986 9.037143
0.1164384 9.342857
0.1191781 8.968571
0.1219178 8.62
0.1246575 9.131429
0.1273973 8.848571
0.130137 9.645714
0.1328767 9.462857
0.1356164 9.477143
0.1383562 10.08857
0.1410959 10.90571
0.1438356 10.76
0.1465753 11.29429
0.1493151 12.59143
0.1520548 11.42
0.1547945 11.60857
0.1575342 11.74857
0.160274 11.48286
0.1630137 10.91714
0.1657534 10.09143
0.1684932 9.731429
0.1712329 10.17429
0.1739726 11
0.1767123 11.18286
0.1794521 12.24286
0.1821918 13.07143
0.1849315 13.15714
0.1876712 12.61429
0.190411 11.41714
0.1931507 11.80571
0.1958904 11.73714
0.1986301 12.54286
0.2013699 12.50857
0.2041096 12.71143
0.2068493 12.45429
0.209589 12.44
0.2123288 13.04571
0.2150685 14.19714
0.2178082 14.44857
0.2205479 14.36286
0.2232877 14.58
0.2260274 14.85429
0.2287671 14.36857
0.2315068 14.19429
0.2342466 13.66286
0.2369863 13.61143
0.239726 14.86286
0.2424658 15.60571
0.2452055 14.78857
0.2479452 14.26571
0.2506849 14.74286
0.2534247 15.76286
0.2561644 16.79143
0.2589041 17.24
0.2616438 17.06286
0.2643836 16.09714
0.2671233 17.10857
0.269863 18.19143
0.2726027 17.56571
0.2753425 16.74
0.2780822 17.50571
0.2808219 18.08
0.2835616 18.35143
0.2863014 18.75143
0.2890411 18.54857
0.2917808 18.05429
0.2945205 16.54571
0.2972603 16.16
0.3 17.17143
0.3027397 17.62571
0.3054795 18.22571
0.3082192 17.89143
0.3109589 17.44571
0.3136986 16.52
0.3164384 17.07429
0.3191781 18.7
0.3219178 19.92
0.3246575 19.80857
0.3273973 20.10571
0.330137 20.85429
0.3328767 21.12857
0.3356164 21.79429
0.3383562 21.00857
0.3410959 20.06286
0.3438356 18.88857
0.3465753 20.32
0.3493151 21.68571
0.3520548 20.93429
0.3547945 21.17714
0.3575342 21.44
0.360274 22.33143
0.3630137 22.87429
0.3657534 23.16571
0.3684932 23.51429
0.3712329 22.50857
0.3739726 23.45429
0.3767123 23.71429
0.3794521 23.46
0.3821918 23.20571
0.3849315 23.61714
0.3876712 24.32857
0.390411 24.38286
0.3931507 23.91429
0.3958904 24.64286
0.3986301 25.22571
0.4013699 25.08
0.4041096 25.09143
0.4068493 25.85429
0.409589 25.34857
0.4123288 25.27143
0.4150685 25.63429
0.4178082 26.96571
0.4205479 27.18571
0.4232877 27.43714
0.4260274 26.55714
0.4287671 26.09714
0.4315068 25.72286
0.4342466 26.10857
0.4369863 26.97143
0.439726 26.78857
0.4424658 27.81143
0.4452055 28.24
0.4479452 28.08571
0.4506849 27.76286
0.4534247 28.25714
0.4561644 28.67429
0.4589041 28.76
0.4616438 29.43143
0.4643836 29.91143
0.4671233 30.45714
0.469863 30.63714
0.4726027 30.87143
0.4753425 31.07429
0.4780822 30.54571
0.4808219 30.90571
0.4835616 31.76286
0.4863014 31.73714
0.4890411 31.72857
0.4917808 30.70857
0.4945205 31.59143
0.4972603 32.06571
0.5 32.34286
0.5027397 32.02571
0.5054795 32.50857
0.5082192 32.92
0.5109589 32.60286
0.5136986 32.74571
0.5164384 32.54286
0.5191781 32.02857
0.5219178 32.52857
0.5246575 33.08286
0.5273973 33.12286
0.530137 33.55429
0.5328767 33.81143
0.5356164 33.16857
0.5383562 32.73143
0.5410959 32.97429
0.5438356 33.13714
0.5465753 33.28
0.5493151 32.82857
0.5520548 32.37714
0.5547945 32.47714
0.5575342 32.54
0.560274 33.25143
0.5630137 33.60286
0.5657534 33.32
0.5684932 33.16571
0.5712329 33.61143
0.5739726 33.47429
0.5767123 32.74286
0.5794521 32.61714
0.5821918 33.64857
0.5849315 33.58571
0.5876712 33.43714
0.590411 32.92571
0.5931507 33.15714
0.5958904 33.46857
0.5986301 32.95143
0.6013699 33.37143
0.6041096 33.38857
0.6068493 32.56857
0.609589 32.79429
0.6123288 32.44571
0.6150685 32.06
0.6178082 31.36
0.6205479 30.71714
0.6232877 30.96
0.6260274 30.71429
0.6287671 30.01429
0.6315068 29.79143
0.6342466 29.86571
0.6369863 29.93714
0.639726 30.04571
0.6424658 30.06571
0.6452055 30.28857
0.6479452 30.57714
0.6506849 30.19429
0.6534247 29.78286
0.6561644 30.55714
0.6589041 30.82286
0.6616438 30.42
0.6643836 29.79143
0.6671233 29.69714
0.669863 29.87714
0.6726027 29.7
0.6753425 29.41429
0.6780822 28.46857
0.6808219 29.16286
0.6835616 28.17714
0.6863014 28.33143
0.6890411 28.1
0.6917808 27.90571
0.6945205 27.24286
0.6972603 27.14286
0.7 26.80857
0.7027397 26.72286
0.7054795 26.76
0.7082192 26.28857
0.7109589 25.57714
0.7136986 24.27714
0.7164384 24.52286
0.7191781 24.54857
0.7219178 24.50571
0.7246575 25.52286
0.7273973 25.80571
0.730137 25.69143
0.7328767 25.48571
0.7356164 25.89714
0.7383562 25.36286
0.7410959 24.68857
0.7438356 24.50571
0.7465753 24.28
0.7493151 24.32857
0.7520548 24.03143
0.7547945 23.38
0.7575342 23.54286
0.760274 23.63714
0.7630137 23.73714
0.7657534 22.19429
0.7684932 21.73429
0.7712329 21.90286
0.7739726 21.99714
0.7767123 21.04857
0.7794521 20.83714
0.7821918 20.81143
0.7849315 19.85429
0.7876712 19.14286
0.790411 19.07143
0.7931507 19.75143
0.7958904 19.97143
0.7986301 19.74
0.8013699 19.44
0.8041096 19.67143
0.8068493 19.38
0.809589 19.36
0.8123288 18.96
0.8150685 19.31143
0.8178082 18.63429
0.8205479 18.06
0.8232877 16.95714
0.8260274 15.14
0.8287671 14.86
0.8315068 15.43714
0.8342466 16.16571
0.8369863 15.96857
0.839726 16.60857
0.8424658 16.48
0.8452055 15.94571
0.8479452 14.90857
0.8506849 14.89714
0.8534247 13.90286
0.8561644 13.79429
0.8589041 13.69714
0.8616438 13.52571
0.8643836 12.50857
0.8671233 11.98
0.869863 10.48571
0.8726027 10.72571
0.8753425 10.64
0.8780822 10.46286
0.8808219 8.94
0.8835616 8.665714
0.8863014 9.648571
0.8890411 8.891429
0.8917808 9.588571
0.8945205 9.765714
0.8972603 10.30286
0.9 9.085714
0.9027397 7.834286
0.9054795 8.005714
0.9082192 8.105714
0.9109589 8.517143
0.9136986 8.9
0.9164384 9.014286
0.9191781 8.285714
0.9219178 9.588571
0.9246575 8.837143
0.9273973 8.702857
0.930137 8.708571
0.9328767 7.5
0.9356164 7.325714
0.9383562 7.494286
0.9410959 7.777143
0.9438356 7.205714
0.9465753 6.571429
0.9493151 6.122857
0.9520548 6.471429
0.9547945 7.334286
0.9575342 7.337143
0.960274 7.371429
0.9630137 7.317143
0.9657534 6.734286
0.9684932 6.268571
0.9712329 5.925714
0.9739726 5.142857
0.9767123 5.734286
0.9794521 6.557143
0.9821918 7.04
0.9849315 6.46
0.9876712 5.962857
0.990411 5.462857
0.9931507 4.971429
0.9958904 5.385714
0.9986301 5.314286
