time temperature
0.001369863 0.8742857
0.004109589 0.6342857
0.006849315 0.9742857
0.009589041 2.485714
0.01232877 2.625714
0.01506849 1.708571
0.01780822 1.185714
0.02054795 1.828571
0.02328767 2.368571
0.0260274 2.288571
0.02876712 2.268571
0.03150685 2.648571
0.03424658 3.057143
0.0369863 3.891429
0.03972603 4.24
0.04246575 3.842857
0.04520548 4.14
0.04794521 4.002941
0.05068493 4.147059
0.05342466 3.628571
0.05616438 4.105714
0.05890411 3.94
0.06164384 3.262857
0.06438356 3.828571
0.06712329 4.011429
0.06986301 3.551429
0.07260274 3.54
0.07534247 3.811429
0.07808219 4.017143
0.08082192 3.345714
0.08356164 3.442857
0.08630137 3.44
0.0890411 3.888571
0.09178082 4.565714
0.09452055 4.6
0.09726027 4.811429
0.1 4.225714
0.1027397 4.902857
0.1054795 5.448571
0.1082192 5.997143
0.1109589 6.022857
0.1136986 6.151429
0.1164384 6.008571
0.1191781 5.765714
0.1219178 5.574286
0.1246575 5.614286
0.1273973 5.185714
0.130137 5.208571
0.1328767 5.671429
0.1356164 6.774286
0.1383562 7.125714
0.1410959 7.317143
0.1438356 7.008571
0.1465753 6.997143
0.1493151 7.688571
0.1520548 6.777143
0.1547945 6.785714
0.1575342 7.268571
0.160274 8.142857
0.1630137 6.968571
0.1657534 6.145714
0.1684932 6.117143
0.1712329 7.208571
0.1739726 7.777143
0.1767123 8.451429
0.1794521 7.842857
0.1821918 8.771429
0.1849315 8.634286
0.1876712 7.891429
0.190411 7.794286
0.1931507 7.665714
0.1958904 7.92
0.1986301 8.52
0.2013699 8.711429
0.2041096 8.957143
0.2068493 8.948571
0.209589 8.965714
0.2123288 9.797143
0.2150685 10.35294
0.2178082 10.61429
0.2205479 10.83143
0.2232877 10.40571
0.2260274 9.445714
0.2287671 10.28286
0.2315068 10.34
0.2342466 9.98
0.2369863 10.03143
0.239726 11.54286
0.2424658 11.55143
0.2452055 11.58286
0.2479452 11.03143
0.2506849 11.18
0.2534247 12.30286
0.2561644 12.94857
0.2589041 13.58857
0.2616438 12.23714
0.2643836 12.55143
0.2671233 12.80286
0.269863 12.08
0.2726027 11.93143
0.2753425 12.86
0.2780822 13.05429
0.2808219 14.71143
0.2835616 15.36286
0.2863014 14.61714
0.2890411 13.71143
0.2917808 12.03824
0.2945205 12.22647
0.2972603 12.77647
0.3 12.98529
0.3027397 13.87059
0.3054795 13.4
0.3082192 13.28235
0.3109589 13.49412
0.3136986 12.17647
0.3164384 12.43714
0.3191781 15.32571
0.3219178 15.63429
0.3246575 15.28529
0.3273973 15.82941
0.330137 16.48
0.3328767 16.12857
0.3356164 16.49143
0.3383562 15.85429
0.3410959 16.46857
0.3438356 16.38286
0.3465753 16.68286
0.3493151 17.09143
0.3520548 17.00571
0.3547945 16.41143
0.3575342 16.39429
0.360274 18.12571
0.3630137 18.6
0.3657534 18.17143
0.3684932 17.79714
0.3712329 18.71429
0.3739726 18.85429
0.3767123 18.69714
0.3794521 18.45882
0.3821918 18.45429
0.3849315 19.13235
0.3876712 19.95588
0.390411 18.67353
0.3931507 18.94571
0.3958904 19.44857
0.3986301 19.10857
0.4013699 19.08824
0.4041096 19.47143
0.4068493 20
0.409589 20.47429
0.4123288 19.82286
0.4150685 20.33143
0.4178082 20.88571
0.4205479 20.78
0.4232877 20.93143
0.4260274 20.90571
0.4287671 20.62857
0.4315068 20.21714
0.4342466 20.80286
0.4369863 21.47647
0.439726 21.54857
0.4424658 22.07143
0.4452055 21.65429
0.4479452 21.54286
0.4506849 21.89412
0.4534247 22.46286
0.4561644 22.55143
0.4589041 22.99143
0.4616438 24.34857
0.4643836 24.72857
0.4671233 24.19714
0.469863 24.66286
0.4726027 24.65714
0.4753425 24.68571
0.4780822 24.77143
0.4808219 25.31143
0.4835616 24.61765
0.4863014 24.80857
0.4890411 24.28857
0.4917808 23.76
0.4945205 23.72857
0.4972603 25.18857
0.5 24.83824
0.5027397 25.44848
0.5054795 26.43333
0.5082192 25
0.5109589 25.98286
0.5136986 26.33714
0.5164384 27.12
0.5191781 26.91143
0.5219178 26.41176
0.5246575 26.7
0.5273973 26.93143
0.530137 26.71714
0.5328767 27.21143
0.5356164 26.57714
0.5383562 27.46286
0.5410959 27.33714
0.5438356 28.14286
0.5465753 28.57143
0.5493151 27.73143
0.5520548 28.33429
0.5547945 28.5
0.5575342 28.59429
0.560274 28.92
0.5630137 28.63429
0.5657534 29.77714
0.5684932 30.49429
0.5712329 30.48286
0.5739726 30.02353
0.5767123 29.17714
0.5794521 29.38571
0.5821918 28.83714
0.5849315 28.43429
0.5876712 28.98857
0.590411 29.36765
0.5931507 28.35143
0.5958904 28.90571
0.5986301 28.66
0.6013699 29.16571
0.6041096 29.36286
0.6068493 28.75143
0.609589 28.66571
0.6123288 28.68
0.6150685 27.95294
0.6178082 27.22286
0.6205479 27.27429
0.6232877 26.09714
0.6260274 26.77714
0.6287671 26.9
0.6315068 26.09429
0.6342466 25.67429
0.6369863 25.92571
0.639726 25.77714
0.6424658 25.90857
0.6452055 25.56286
0.6479452 25.02571
0.6506849 24.90286
0.6534247 25.17143
0.6561644 25.58
0.6589041 25.65143
0.6616438 25.32857
0.6643836 24.55714
0.6671233 24.46
0.669863 25.09714
0.6726027 25.71471
0.6753425 25.68857
0.6780822 25.72286
0.6808219 25.22
0.6835616 24.67714
0.6863014 24.40571
0.6890411 23.89143
0.6917808 23.43143
0.6945205 22.12286
0.6972603 21.99412
0.7 22.65143
0.7027397 21.85143
0.7054795 21.78235
0.7082192 22.30571
0.7109589 22.04857
0.7136986 21.50286
0.7164384 20.76286
0.7191781 20.42286
0.7219178 20.76
0.7246575 22.12857
0.7273973 22.01714
0.730137 22.6
0.7328767 22.58571
0.7356164 22.53714
0.7383562 21.88857
0.7410959 21.28286
0.7438356 21.48286
0.7465753 22.13143
0.7493151 21.49118
0.7520548 21.51429
0.7547945 20.63429
0.7575342 20.42857
0.760274 20.89143
0.7630137 19.87429
0.7657534 18.98571
0.7684932 18.86857
0.7712329 18.58857
0.7739726 18.56857
0.7767123 17.76571
0.7794521 17.12857
0.7821918 16.98
0.7849315 16.78286
0.7876712 16.15429
0.790411 16.79714
0.7931507 16.51714
0.7958904 16.94571
0.7986301 16.99429
0.8013699 16.95143
0.8041096 15.31143
0.8068493 15.05143
0.809589 15.83429
0.8123288 15.19429
0.8150685 15.90571
0.8178082 15.2
0.8205479 13.54857
0.8232877 11.96857
0.8260274 11.80857
0.8287671 12.28286
0.8315068 12.75143
0.8342466 13.19429
0.8369863 11.85714
0.839726 12.57429
0.8424658 11.46
0.8452055 11.22353
0.8479452 10.86286
0.8506849 9.534286
0.8534247 9.165714
0.8561644 8.791429
0.8589041 8.608824
0.8616438 8.84
0.8643836 8.274286
0.8671233 7.794286
0.869863 6.673529
0.8726027 7.58
0.8753425 6.697143
0.8780822 6.22
0.8808219 5.554286
0.8835616 6.177143
0.8863014 6.954286
0.8890411 5.02
0.8917808 4.517143
0.8945205 4.311429
0.8972603 5.122857
0.9 5.142857
0.9027397 3.774286
0.9054795 3.92
0.9082192 3.711429
0.9109589 4.077143
0.9136986 4.671429
0.9164384 5.082857
0.9191781 5.02
0.9219178 5.674286
0.9246575 4.937143
0.9273973 4.128571
0.930137 4.197143
0.9328767 3.665714
0.9356164 4.08
0.9383562 4.442857
0.9410959 4.022857
0.9438356 2.714286
0.9465753 2.325714
0.9493151 2.551429
0.9520548 3.814286
0.9547945 3.734286
0.9575342 3.757143
0.960274 3.302941
0.9630137 3.568571
0.9657534 3.254286
0.9684932 2.568571
0.9712329 2.237143
0.9739726 2.98
0.9767123 2.448571
0.9794521 3.151429
0.9821918 3.451429
0.9849315 3.222857
0.9876712 3.194286
0.990411 1.771429
0.9931507 1.917143
0.9958904 2.285714
0.9986301 1.705714
