time temperature
0.001369863 2.874286
0.004109589 1.588571
0.006849315 1.62
0.009589041 1.745714
0.01232877 0.8714286
0.01506849 0.92
0.01780822 1.905714
0.02054795 0.2971429
0.02328767 -0.5114286
0.0260274 -0.38
0.02876712 -0.3771429
0.03150685 0.04285714
0.03424658 0.6142857
0.0369863 0.8457143
0.03972603 0.08857143
0.04246575 -0.22
0.04520548 0.2457143
0.04794521 0.5514286
0.05068493 0.1942857
0.05342466 0.56
0.05616438 0.16
0.05890411 1.222857
0.06164384 1.94
0.06438356 1.934286
0.06712329 2.431429
0.06986301 2.377143
0.07260274 1.445714
0.07534247 0.6314286
0.07808219 0.4114286
0.08082192 1.08
0.08356164 1.045714
0.08630137 0.92
0.0890411 2.02
0.09178082 2.014286
0.09452055 1.122857
0.09726027 1.465714
0.1 1.685714
0.1027397 0.8428571
0.1054795 0.84
0.1082192 0.5571429
0.1109589 1.488571
0.1136986 1.997143
0.1164384 1.302857
0.1191781 1.222857
0.1219178 1.871429
0.1246575 2.657143
0.1273973 3.06
0.130137 2.74
0.1328767 4.068571
0.1356164 4.254286
0.1383562 4
0.1410959 4.92
0.1438356 5.697143
0.1465753 5.011429
0.1493151 5.145714
0.1520548 3.825714
0.1547945 2.817143
0.1575342 3.911429
0.160274 5
0.1630137 5.78
0.1657534 6.868571
0.1684932 6.354286
0.1712329 6.131429
0.1739726 7.748571
0.1767123 5.614286
0.1794521 7.297143
0.1821918 6.425714
0.1849315 5.785714
0.1876712 7.365714
0.190411 6.508571
0.1931507 6.528571
0.1958904 7.408571
0.1986301 7.251429
0.2013699 8.194286
0.2041096 8.022857
0.2068493 8.337143
0.209589 7.24
0.2123288 8.645714
0.2150685 8.588571
0.2178082 8.302857
0.2205479 8.574286
0.2232877 10.42
0.2260274 9.742857
0.2287671 10.46571
0.2315068 11.70857
0.2342466 11.60571
0.2369863 13.50857
0.239726 14.18857
0.2424658 12.06
0.2452055 12.00571
0.2479452 12.38286
0.2506849 12.10857
0.2534247 12.56286
0.2561644 12.45429
0.2589041 13.58857
0.2616438 12.06286
0.2643836 12.61143
0.2671233 13.28857
0.269863 12.95143
0.2726027 13.16571
0.2753425 14.25429
0.2780822 14.62
0.2808219 14.82857
0.2835616 16.17429
0.2863014 15.57143
0.2890411 16.35143
0.2917808 17.54571
0.2945205 18.22286
0.2972603 17.44571
0.3 17.63429
0.3027397 18.18571
0.3054795 18.15143
0.3082192 18.39429
0.3109589 16.85714
0.3136986 17.97429
0.3164384 19.69143
0.3191781 19.54286
0.3219178 18.71429
0.3246575 19.14571
0.3273973 19.44
0.330137 19.12571
0.3328767 18.66857
0.3356164 19.34571
0.3383562 18.83714
0.3410959 20.16
0.3438356 20.42571
0.3465753 20.53143
0.3493151 19.2
0.3520548 20.24286
0.3547945 21.67143
0.3575342 21.46
0.360274 21.20857
0.3630137 21.52571
0.3657534 21.88286
0.3684932 22.14857
0.3712329 21.66571
0.3739726 22.98571
0.3767123 22.08571
0.3794521 23.43429
0.3821918 23.47143
0.3849315 22.96571
0.3876712 24.29714
0.390411 23.98571
0.3931507 23.30571
0.3958904 23.72
0.3986301 22.66
0.4013699 22.70857
0.4041096 23.78571
0.4068493 23.74571
0.409589 23.84286
0.4123288 24.51143
0.4150685 25.33143
0.4178082 24.72857
0.4205479 23.76571
0.4232877 24.96857
0.4260274 25.09429
0.4287671 25.00857
0.4315068 26.06571
0.4342466 26.24286
0.4369863 26.40857
0.439726 26.66286
0.4424658 26.52857
0.4452055 25.84286
0.4479452 25.83429
0.4506849 26.13143
0.4534247 26.81143
0.4561644 26.17429
0.4589041 25.79429
0.4616438 26.32857
0.4643836 27.66286
0.4671233 26.67429
0.469863 26.26571
0.4726027 27.03143
0.4753425 27.00286
0.4780822 27.32571
0.4808219 27.11429
0.4835616 26.82286
0.4863014 28.33143
0.4890411 27.74571
0.4917808 27.86857
0.4945205 28.50286
0.4972603 27.88571
0.5 28.17714
0.5027397 27.51143
0.5054795 27.64286
0.5082192 27.51143
0.5109589 27.85714
0.5136986 28.39143
0.5164384 28.75714
0.5191781 29.52286
0.5219178 28.85143
0.5246575 27.96857
0.5273973 28.46
0.530137 29.07714
0.5328767 28.73429
0.5356164 29.00286
0.5383562 29.03143
0.5410959 29.43429
0.5438356 30.17714
0.5465753 30.00857
0.5493151 29.31429
0.5520548 28.89143
0.5547945 29.2
0.5575342 28.96857
0.560274 28.50571
0.5630137 28.71429
0.5657534 28.12286
0.5684932 28.60286
0.5712329 28.54571
0.5739726 27.81714
0.5767123 27.94
0.5794521 27.76571
0.5821918 28.19143
0.5849315 28.22
0.5876712 28.43143
0.590411 28.02571
0.5931507 27.94286
0.5958904 28.12571
0.5986301 27.86
0.6013699 28.72
0.6041096 27.96857
0.6068493 27.39143
0.609589 26.85429
0.6123288 26.87143
0.6150685 27.22857
0.6178082 27.48857
0.6205479 27.71429
0.6232877 27.28286
0.6260274 27.83143
0.6287671 26.95714
0.6315068 27.04571
0.6342466 26.51143
0.6369863 26.28286
0.639726 26.9
0.6424658 26.96857
0.6452055 27.00857
0.6479452 27.27143
0.6506849 27.81429
0.6534247 27.91714
0.6561644 28.20571
0.6589041 27.23143
0.6616438 27.70286
0.6643836 26.44571
0.6671233 25.94
0.669863 25.94
0.6726027 25.69714
0.6753425 25.56286
0.6780822 25.36
0.6808219 25.86857
0.6835616 25.45143
0.6863014 25.26857
0.6890411 25.77143
0.6917808 26.11429
0.6945205 24.62
0.6972603 24.39143
0.7 24.46286
0.7027397 24.22
0.7054795 22.97714
0.7082192 22.75714
0.7109589 23.21714
0.7136986 23.41714
0.7164384 22.30286
0.7191781 22.16286
0.7219178 21.82571
0.7246575 21.68857
0.7273973 21.12571
0.730137 20.81714
0.7328767 19.80857
0.7356164 21.09143
0.7383562 20.72
0.7410959 19.24286
0.7438356 19.24286
0.7465753 19.50571
0.7493151 19.51429
0.7520548 19.84
0.7547945 19.37143
0.7575342 18.56857
0.760274 19.1
0.7630137 18.79143
0.7657534 17.92286
0.7684932 18.40857
0.7712329 18.16286
0.7739726 17.54
0.7767123 17.42571
0.7794521 17.54
0.7821918 17.95429
0.7849315 17.85143
0.7876712 19.26571
0.790411 18.15429
0.7931507 16.61429
0.7958904 16.50571
0.7986301 15.04286
0.8013699 15.7
0.8041096 15.78857
0.8068493 16.26571
0.809589 16.09429
0.8123288 14.88571
0.8150685 15.14286
0.8178082 14.62857
0.8205479 15.57714
0.8232877 15.58571
0.8260274 14.53143
0.8287671 13.61143
0.8315068 13.56571
0.8342466 14.24
0.8369863 15.27143
0.839726 14.58857
0.8424658 13.39429
0.8452055 12.58857
0.8479452 11.12571
0.8506849 11.21429
0.8534247 11.14571
0.8561644 10.99714
0.8589041 11.10571
0.8616438 9.905714
0.8643836 9.625714
0.8671233 9.82
0.869863 10.42571
0.8726027 10.20571
0.8753425 10.05714
0.8780822 9.934286
0.8808219 9.922857
0.8835616 9.465714
0.8863014 9.06
0.8890411 7.911429
0.8917808 7.917143
0.8945205 8.474286
0.8972603 8.7
0.9 7.977143
0.9027397 8.157143
0.9054795 8.414286
0.9082192 9.208571
0.9109589 6.751429
0.9136986 5.477143
0.9164384 5.431429
0.9191781 5.931429
0.9219178 5.857143
0.9246575 5.551429
0.9273973 5.62
0.930137 6.151429
0.9328767 4.862857
0.9356164 4.925714
0.9383562 4.411429
0.9410959 4.44
0.9438356 3.791429
0.9465753 3.368571
0.9493151 4.508571
0.9520548 3.805714
0.9547945 3.345714
0.9575342 3.022857
0.960274 2.491429
0.9630137 2.434286
0.9657534 1.76
0.9684932 2.28
0.9712329 1.877143
0.9739726 2.614286
0.9767123 2.734286
0.9794521 2.428571
0.9821918 2.437143
0.9849315 1.525714
0.9876712 1.105714
0.990411 1.897143
0.9931507 1.731429
0.9958904 1.368571
0.9986301 1.614286
