time temperature
0.001369863 9.094286
0.004109589 8.754286
0.006849315 8.428571
0.009589041 8.654286
0.01232877 7.448571
0.01506849 6.82
0.01780822 8.297143
0.02054795 8.16
0.02328767 7.097143
0.0260274 6.811429
0.02876712 7.045714
0.03150685 7.297143
0.03424658 7.214286
0.0369863 7.082857
0.03972603 6.797143
0.04246575 5.857143
0.04520548 7.351429
0.04794521 7.965714
0.05068493 7.282857
0.05342466 7.185714
0.05616438 6.854286
0.05890411 7.531429
0.06164384 8.654286
0.06438356 9.111429
0.06712329 9.371429
0.06986301 10.06857
0.07260274 8.717143
0.07534247 8.177143
0.07808219 9.72
0.08082192 9.068571
0.08356164 9.36
0.08630137 9.631429
0.0890411 10.16571
0.09178082 9.3
0.09452055 9.048571
0.09726027 10.29143
0.1 9.242857
0.1027397 7.734286
0.1054795 7.125714
0.1082192 8.102857
0.1109589 8.5
0.1136986 9.948571
0.1164384 10.82571
0.1191781 9.682353
0.1219178 9.511429
0.1246575 11.25714
0.1273973 12.01429
0.130137 10.79143
0.1328767 10.78286
0.1356164 11.35429
0.1383562 11.38857
0.1410959 11.27714
0.1438356 12.65429
0.1465753 12.9
0.1493151 13.04
0.1520548 11.84286
0.1547945 10.52571
0.1575342 10.04
0.160274 11.78571
0.1630137 11.50857
0.1657534 13.16
0.1684932 13.94
0.1712329 15.12571
0.1739726 15.18857
0.1767123 14.32286
0.1794521 13.85714
0.1821918 14.29714
0.1849315 14.57714
0.1876712 14.27353
0.190411 14.36571
0.1931507 14.86
0.1958904 15.80588
0.1986301 15.74412
0.2013699 14.53429
0.2041096 15.9
0.2068493 14.65429
0.209589 14.64412
0.2123288 15.70857
0.2150685 16.19429
0.2178082 16.42571
0.2205479 15.27429
0.2232877 15.26286
0.2260274 16.61471
0.2287671 17.19714
0.2315068 16.17143
0.2342466 17.14857
0.2369863 18.09714
0.239726 19.21714
0.2424658 18.94286
0.2452055 18.98
0.2479452 18.58
0.2506849 18.92286
0.2534247 19.77714
0.2561644 18.95429
0.2589041 19.3
0.2616438 17.87714
0.2643836 17.82571
0.2671233 18.21714
0.269863 19.20857
0.2726027 17.76286
0.2753425 19.82
0.2780822 20.90571
0.2808219 20.98
0.2835616 21.60286
0.2863014 22.57429
0.2890411 20.88857
0.2917808 20.80571
0.2945205 22.18857
0.2972603 23.09429
0.3 22.92286
0.3027397 23.36571
0.3054795 22.82286
0.3082192 22.64857
0.3109589 23.13529
0.3136986 22.53429
0.3164384 22.6
0.3191781 22.93429
0.3219178 22.71176
0.3246575 22.41714
0.3273973 22.98571
0.330137 24.15
0.3328767 23.62059
0.3356164 22.78824
0.3383562 22.82647
0.3410959 23.60882
0.3438356 23.76765
0.3465753 24.44412
0.3493151 24.07059
0.3520548 23.30882
0.3547945 23
0.3575342 23.67059
0.360274 24.42647
0.3630137 25.17647
0.3657534 25.89706
0.3684932 25.93529
0.3712329 25.53824
0.3739726 25.66765
0.3767123 25.62059
0.3794521 26.57059
0.3821918 26.23824
0.3849315 25.44706
0.3876712 26.35294
0.390411 27.00588
0.3931507 26.64412
0.3958904 26.74848
0.3986301 26.1
0.4013699 25.88529
0.4041096 26.92353
0.4068493 26.06471
0.409589 26.11471
0.4123288 27.29118
0.4150685 27.27714
0.4178082 27.30571
0.4205479 27.77143
0.4232877 27.80286
0.4260274 27.83714
0.4287671 28.29143
0.4315068 28.42286
0.4342466 29.02286
0.4369863 29.17714
0.439726 28.84857
0.4424658 28.90571
0.4452055 28.53714
0.4479452 28.81429
0.4506849 29.27714
0.4534247 29.26857
0.4561644 29.14286
0.4589041 28.95429
0.4616438 29.00286
0.4643836 29.68286
0.4671233 29.22571
0.469863 29.28571
0.4726027 29.46571
0.4753425 29.52286
0.4780822 29.72
0.4808219 29.47714
0.4835616 29.47429
0.4863014 29.42857
0.4890411 29.81429
0.4917808 30.16571
0.4945205 30.14571
0.4972603 30.22
0.5 29.97429
0.5027397 29.84857
0.5054795 29.70588
0.5082192 29.47143
0.5109589 29.82571
0.5136986 29.56
0.5164384 30.46
0.5191781 30.83429
0.5219178 30.48857
0.5246575 30.86857
0.5273973 31.03429
0.530137 30.93714
0.5328767 30.53429
0.5356164 30.84286
0.5383562 30.46286
0.5410959 30.48
0.5438356 30.97143
0.5465753 30.93429
0.5493151 31.23714
0.5520548 31.29714
0.5547945 31.32571
0.5575342 31.31429
0.560274 31.22286
0.5630137 31.24286
0.5657534 30.48824
0.5684932 30.61714
0.5712329 30.63143
0.5739726 30.64571
0.5767123 30.22941
0.5794521 30.23636
0.5821918 30.60857
0.5849315 30.13429
0.5876712 30.71429
0.590411 30.69429
0.5931507 30.41714
0.5958904 30.65429
0.5986301 29.97143
0.6013699 30.05143
0.6041096 30.01714
0.6068493 29.95429
0.609589 30.05429
0.6123288 29.55714
0.6150685 28.70286
0.6178082 29.42857
0.6205479 29.73143
0.6232877 29.92286
0.6260274 29.85429
0.6287671 29.84
0.6315068 30.10571
0.6342466 30.29143
0.6369863 30.17143
0.639726 29.70571
0.6424658 29.71143
0.6452055 29.64286
0.6479452 29.62857
0.6506849 30.06
0.6534247 30.07714
0.6561644 30.35429
0.6589041 30.24571
0.6616438 29.95429
0.6643836 29.88529
0.6671233 29.38286
0.669863 29.34857
0.6726027 29.42571
0.6753425 29.43143
0.6780822 28.58286
0.6808219 28.58286
0.6835616 28.16
0.6863014 28.52
0.6890411 28.96857
0.6917808 29.03429
0.6945205 28.86
0.6972603 28.11714
0.7 27.55429
0.7027397 27.61429
0.7054795 27.60571
0.7082192 26.98286
0.7109589 26.97143
0.7136986 26.20857
0.7164384 26.75714
0.7191781 27.06857
0.7219178 27.28
0.7246575 26.85714
0.7273973 26.04286
0.730137 25.04571
0.7328767 25.14571
0.7356164 24.8
0.7383562 25.38286
0.7410959 24.23143
0.7438356 24.50294
0.7465753 24.29429
0.7493151 24.17714
0.7520548 23.68857
0.7547945 23.90882
0.7575342 23.15588
0.760274 23.17714
0.7630137 22.43714
0.7657534 22.40857
0.7684932 22.27143
0.7712329 21.90857
0.7739726 22.48
0.7767123 22.83143
0.7794521 22.97143
0.7821918 22.57429
0.7849315 22.92286
0.7876712 22.48
0.790411 22.42
0.7931507 21.66857
0.7958904 21.7
0.7986301 20.84286
0.8013699 19.60286
0.8041096 20.28286
0.8068493 20.53429
0.809589 20.91429
0.8123288 20.26857
0.8150685 19.6
0.8178082 18.78857
0.8205479 19.3
0.8232877 19.02857
0.8260274 19.18
0.8287671 19.73714
0.8315068 19.88857
0.8342466 19.50286
0.8369863 19.60857
0.839726 18.90571
0.8424658 18.2
0.8452055 17.38529
0.8479452 16.78571
0.8506849 15.22857
0.8534247 15.18571
0.8561644 15.86
0.8589041 17.03143
0.8616438 16.79429
0.8643836 15.6
0.8671233 15.26
0.869863 14.79429
0.8726027 15.86857
0.8753425 16.40286
0.8780822 16.00286
0.8808219 15.56571
0.8835616 15.75714
0.8863014 15.57143
0.8890411 15.28
0.8917808 13.93429
0.8945205 14.07143
0.8972603 13.80286
0.9 13.98286
0.9027397 14.54571
0.9054795 15.47941
0.9082192 16.1
0.9109589 13.16857
0.9136986 10.50857
0.9164384 10.89091
0.9191781 11.57941
0.9219178 12.05882
0.9246575 12.64412
0.9273973 11.73529
0.930137 11.46471
0.9328767 11.20588
0.9356164 10.97941
0.9383562 10.94706
0.9410959 11.45
0.9438356 10.62647
0.9465753 9.797059
0.9493151 10.62647
0.9520548 10.61471
0.9547945 10.42941
0.9575342 10.35588
0.960274 9.114706
0.9630137 9.244118
0.9657534 9.002941
0.9684932 9.952941
0.9712329 9.558824
0.9739726 8.158824
0.9767123 9.064706
0.9794521 9.602941
0.9821918 8.329412
0.9849315 6.694118
0.9876712 8.311765
0.990411 9.902941
0.9931507 10.4
0.9958904 8.841176
0.9986301 9.182353
