time temperature
0.001369863 9.591176
0.004109589 9.954286
0.006849315 10.18286
0.009589041 8.797143
0.01232877 9.52
0.01506849 9.905714
0.01780822 10.52286
0.02054795 9.605714
0.02328767 10.48
0.0260274 8.768571
0.02876712 8.288571
0.03150685 9.314286
0.03424658 9.077143
0.0369863 9.791429
0.03972603 10.92
0.04246575 11.64
0.04520548 11.30286
0.04794521 10.83714
0.05068493 9.525714
0.05342466 9.954286
0.05616438 10.35429
0.05890411 10.80571
0.06164384 11.30857
0.06438356 11.58571
0.06712329 14.17429
0.06986301 13.11143
0.07260274 11.90286
0.07534247 12.57143
0.07808219 12.41429
0.08082192 12.09429
0.08356164 13.01429
0.08630137 12.92571
0.0890411 13.04857
0.09178082 10.47429
0.09452055 11.74286
0.09726027 11.47143
0.1 10.24857
0.1027397 9.211429
0.1054795 11.64286
0.1082192 12.44706
0.1109589 12.70882
0.1136986 13.44286
0.1164384 12.35143
0.1191781 14.23714
0.1219178 16.62571
0.1246575 14.6
0.1273973 13.6
0.130137 13.01714
0.1328767 14.03714
0.1356164 13.85143
0.1383562 15.36571
0.1410959 17.01143
0.1438356 13.92286
0.1465753 15.04571
0.1493151 14.43143
0.1520548 15.72424
0.1547945 15.60571
0.1575342 14.45143
0.160274 15.53529
0.1630137 15.64857
0.1657534 16.26857
0.1684932 17.20857
0.1712329 17.27143
0.1739726 15.56
0.1767123 15.93714
0.1794521 17.34857
0.1821918 17.98857
0.1849315 17.66286
0.1876712 17.69714
0.190411 18.16286
0.1931507 18.36
0.1958904 18.09429
0.1986301 18.26571
0.2013699 19.74
0.2041096 18.84286
0.2068493 19.11143
0.209589 19.84286
0.2123288 19.37143
0.2150685 19.11143
0.2178082 19.27714
0.2205479 19.51143
0.2232877 20.31714
0.2260274 19.16571
0.2287671 17.36286
0.2315068 18.01714
0.2342466 20.49143
0.2369863 21.30286
0.239726 20.16
0.2424658 19.46286
0.2452055 19.55429
0.2479452 21.51143
0.2506849 22.06857
0.2534247 22.43143
0.2561644 21.57429
0.2589041 20.33714
0.2616438 21.46571
0.2643836 22.52286
0.2671233 22.64857
0.269863 21.84286
0.2726027 23.23714
0.2753425 22.44
0.2780822 23.73529
0.2808219 24.23429
0.2835616 23.42059
0.2863014 22.88529
0.2890411 24.34706
0.2917808 24.90588
0.2945205 25
0.2972603 24.00571
0.3 24.90286
0.3027397 25.08286
0.3054795 24.28235
0.3082192 24.81429
0.3109589 24.69714
0.3136986 24.92571
0.3164384 24.21765
0.3191781 24.07059
0.3219178 24.65429
0.3246575 24.58529
0.3273973 24.65
0.330137 23.61714
0.3328767 24.21765
0.3356164 23.76286
0.3383562 24.46571
0.3410959 25.43429
0.3438356 25.77429
0.3465753 26.11429
0.3493151 26.12941
0.3520548 26.23235
0.3547945 26.31714
0.3575342 26.66286
0.360274 26.68571
0.3630137 27.17714
0.3657534 27.57143
0.3684932 27.47714
0.3712329 28.07714
0.3739726 28.11143
0.3767123 27.72571
0.3794521 28.06
0.3821918 27.97429
0.3849315 28.08
0.3876712 28.07647
0.390411 28.36857
0.3931507 28.48571
0.3958904 28.88857
0.3986301 29
0.4013699 29.21143
0.4041096 28.31714
0.4068493 28.89143
0.409589 28.52857
0.4123288 29.04571
0.4150685 28.45294
0.4178082 28.46857
0.4205479 29.32286
0.4232877 29.60286
0.4260274 30.25143
0.4287671 30.02857
0.4315068 30.63143
0.4342466 30.65143
0.4369863 31.12
0.439726 30.87143
0.4424658 30.83143
0.4452055 30.88286
0.4479452 31.25429
0.4506849 31.33143
0.4534247 32.28571
0.4561644 31.09429
0.4589041 31.03429
0.4616438 31.87714
0.4643836 32.20857
0.4671233 32.6
0.469863 32.79714
0.4726027 32.76286
0.4753425 33.00286
0.4780822 32.85143
0.4808219 32.57143
0.4835616 32.54
0.4863014 32.82286
0.4890411 33.58857
0.4917808 33.66857
0.4945205 33.62
0.4972603 33.89412
0.5 34.17059
0.5027397 34.52647
0.5054795 34.23235
0.5082192 33.85
0.5109589 33.72647
0.5136986 33.92353
0.5164384 34.24706
0.5191781 34.45294
0.5219178 35.01176
0.5246575 34.70294
0.5273973 34.70588
0.530137 34.33939
0.5328767 33.80606
0.5356164 33.85294
0.5383562 34.15588
0.5410959 34.33235
0.5438356 34.34412
0.5465753 34.7
0.5493151 34.69118
0.5520548 34.39706
0.5547945 34.55294
0.5575342 34.47647
0.560274 34.65882
0.5630137 34.54706
0.5657534 34.26471
0.5684932 34.48824
0.5712329 34.26176
0.5739726 34.87059
0.5767123 34.78235
0.5794521 34.14412
0.5821918 34.69429
0.5849315 34.29143
0.5876712 34.05143
0.590411 33.88571
0.5931507 33.91143
0.5958904 34.76
0.5986301 34.89143
0.6013699 34.18857
0.6041096 34.60857
0.6068493 34.99429
0.609589 34.59714
0.6123288 34.16571
0.6150685 33.70571
0.6178082 33.63429
0.6205479 34.05143
0.6232877 33.74286
0.6260274 34.44857
0.6287671 34.36
0.6315068 34.26857
0.6342466 34.48857
0.6369863 34.56571
0.639726 34.72571
0.6424658 34.22571
0.6452055 34.34857
0.6479452 34.08857
0.6506849 33.92286
0.6534247 34.08
0.6561644 33.98
0.6589041 33.13143
0.6616438 32.84286
0.6643836 33.27714
0.6671233 32.39714
0.669863 32.01429
0.6726027 32.29706
0.6753425 32.15588
0.6780822 31.99706
0.6808219 31.92
0.6835616 31.66571
0.6863014 32.28
0.6890411 31.98
0.6917808 30.82571
0.6945205 30.64857
0.6972603 31.08571
0.7 31.04
0.7027397 30.37714
0.7054795 29.37429
0.7082192 29.45429
0.7109589 29.38286
0.7136986 29.78571
0.7164384 29.72
0.7191781 29.12
0.7219178 29.31429
0.7246575 28.55143
0.7273973 28.18
0.730137 27.18571
0.7328767 26.9
0.7356164 27.91429
0.7383562 27.7
0.7410959 27.48286
0.7438356 27.77143
0.7465753 27.64857
0.7493151 26.85143
0.7520548 27.55714
0.7547945 28.2
0.7575342 27.51429
0.760274 26.99429
0.7630137 26.38
0.7657534 26.31429
0.7684932 25.96
0.7712329 25.75429
0.7739726 25.62
0.7767123 26.21143
0.7794521 26.16857
0.7821918 26.39714
0.7849315 26.08
0.7876712 25.58857
0.790411 24.96857
0.7931507 25.37429
0.7958904 24.89143
0.7986301 23.86286
0.8013699 22.79429
0.8041096 23.67143
0.8068493 24.14571
0.809589 23.18571
0.8123288 23.05143
0.8150685 22.62
0.8178082 22.62286
0.8205479 23
0.8232877 22.63429
0.8260274 22.32059
0.8287671 22.37059
0.8315068 21.35152
0.8342466 21.46
0.8369863 20.67143
0.839726 19.58857
0.8424658 20.34
0.8452055 19.37714
0.8479452 19.48
0.8506849 19.20286
0.8534247 19.22571
0.8561644 19.76
0.8589041 19.22647
0.8616438 19.29706
0.8643836 19.25588
0.8671233 19.03824
0.869863 19.32857
0.8726027 19.14571
0.8753425 18.12571
0.8780822 17.15714
0.8808219 17.52857
0.8835616 17.83429
0.8863014 17.58571
0.8890411 18.1
0.8917808 17.02
0.8945205 16.41429
0.8972603 16.79412
0.9 16.54412
0.9027397 17.28
0.9054795 16.95429
0.9082192 13.72
0.9109589 13.45143
0.9136986 14.56
0.9164384 14.50286
0.9191781 15.50857
0.9219178 14.65714
0.9246575 14.79143
0.9273973 14.63714
0.930137 15.46857
0.9328767 13.81471
0.9356164 13.75429
0.9383562 13.00286
0.9410959 12.40286
0.9438356 11.87143
0.9465753 11.78
0.9493151 12.65143
0.9520548 12.08
0.9547945 12.17429
0.9575342 11.30857
0.960274 12.62
0.9630137 12.36857
0.9657534 13.05714
0.9684932 12.58
0.9712329 11.68235
0.9739726 11.2
0.9767123 11.93429
0.9794521 13.09429
0.9821918 11.28857
0.9849315 10.90571
0.9876712 12.26857
0.990411 12.08857
0.9931507 11.32
0.9958904 11.52286
0.9986301 10.14
