time temperature
0.001369863 7.048571
0.004109589 6.82
0.006849315 7.002857
0.009589041 6.462857
0.01232877 6.274286
0.01506849 5.897143
0.01780822 6.368571
0.02054795 6.874286
0.02328767 4.957143
0.0260274 4.794286
0.02876712 4.714286
0.03150685 4.968571
0.03424658 4.92
0.0369863 5.231429
0.03972603 5.757143
0.04246575 5.465714
0.04520548 5.334286
0.04794521 6.405714
0.05068493 6.351429
0.05342466 5.437143
0.05616438 5.337143
0.05890411 5.602857
0.06164384 6.762857
0.06438356 8.657143
0.06712329 8.322857
0.06986301 7.585714
0.07260274 7.794286
0.07534247 7.44
0.07808219 6.314286
0.08082192 6.965714
0.08356164 7.057143
0.08630137 6.588571
0.0890411 7.4
0.09178082 7.557143
0.09452055 6.342857
0.09726027 7.028571
0.1 6.962857
0.1027397 6.965714
0.1054795 5.7
0.1082192 5.657143
0.1109589 5.648571
0.1136986 7
0.1164384 8.177143
0.1191781 6.068571
0.1219178 6.531429
0.1246575 8.797143
0.1273973 9.302857
0.130137 8.005714
0.1328767 7.96
0.1356164 8.645714
0.1383562 10.28
0.1410959 9.885714
0.1438356 10.03429
0.1465753 11.10857
0.1493151 9.791429
0.1520548 10.69714
0.1547945 8.922857
0.1575342 7.702857
0.160274 9.328571
0.1630137 10.71143
0.1657534 10.75143
0.1684932 12.00571
0.1712329 10.15714
0.1739726 12.08
0.1767123 13.04857
0.1794521 11.36286
0.1821918 12.28286
0.1849315 11.31143
0.1876712 11.85714
0.190411 11.98857
0.1931507 12
0.1958904 13.29143
0.1986301 13.03143
0.2013699 12.28
0.2041096 13.36286
0.2068493 12.68286
0.209589 13.31714
0.2123288 12.40857
0.2150685 13.56
0.2178082 12.93714
0.2205479 13.2
0.2232877 12.91714
0.2260274 14.37714
0.2287671 14.67143
0.2315068 13.65143
0.2342466 15.06857
0.2369863 15.74857
0.239726 17.56
0.2424658 18.00286
0.2452055 16.50857
0.2479452 16.16
0.2506849 18.05429
0.2534247 18.84118
0.2561644 18.22857
0.2589041 17.44
0.2616438 16.60857
0.2643836 14.88857
0.2671233 16.98
0.269863 17.13143
0.2726027 16.60286
0.2753425 17.31143
0.2780822 18.17143
0.2808219 18.7
0.2835616 18.14571
0.2863014 19.62
0.2890411 18.87429
0.2917808 19.55429
0.2945205 21.34857
0.2972603 21.56857
0.3 20.85429
0.3027397 20.80286
0.3054795 21.72571
0.3082192 21.06286
0.3109589 21.96
0.3136986 21.80857
0.3164384 21.10286
0.3191781 21.15714
0.3219178 20.73143
0.3246575 21.15714
0.3273973 20.94571
0.330137 22.12857
0.3328767 23.02
0.3356164 22.25714
0.3383562 22.06
0.3410959 20.90571
0.3438356 22.64857
0.3465753 23.49714
0.3493151 22.32571
0.3520548 23.42
0.3547945 23.00857
0.3575342 23.74857
0.360274 24.14
0.3630137 24.24
0.3657534 24.00857
0.3684932 23.18571
0.3712329 24.31143
0.3739726 24.25429
0.3767123 24.83714
0.3794521 24.64
0.3821918 24.58857
0.3849315 24.80571
0.3876712 24.4
0.390411 24.97143
0.3931507 25.36
0.3958904 25.55143
0.3986301 24.71714
0.4013699 24.84
0.4041096 23.59429
0.4068493 24.34571
0.409589 25.20571
0.4123288 25.73714
0.4150685 26.62286
0.4178082 27.16
0.4205479 26.25429
0.4232877 25.92
0.4260274 25.88286
0.4287671 27.49143
0.4315068 28.24286
0.4342466 27.86
0.4369863 28.78571
0.439726 28.15294
0.4424658 28.24857
0.4452055 27.68286
0.4479452 28.35429
0.4506849 27.89143
0.4534247 28.36286
0.4561644 28.60286
0.4589041 28.16286
0.4616438 27.55714
0.4643836 28.49143
0.4671233 29.61714
0.469863 29
0.4726027 28.47143
0.4753425 28.81714
0.4780822 28.98
0.4808219 29.11143
0.4835616 28.95714
0.4863014 28.55429
0.4890411 29.58571
0.4917808 29.80857
0.4945205 29.87714
0.4972603 30.29714
0.5 29.44857
0.5027397 30.34571
0.5054795 29.74
0.5082192 29.14
0.5109589 29.31714
0.5136986 29.63143
0.5164384 30.38286
0.5191781 30.82857
0.5219178 31.11143
0.5246575 30.67714
0.5273973 30.71143
0.530137 30.20571
0.5328767 30.54857
0.5356164 30.92286
0.5383562 30.75714
0.5410959 30.83714
0.5438356 31.23429
0.5465753 31.49714
0.5493151 31.77714
0.5520548 31.78
0.5547945 31.28286
0.5575342 30.38
0.560274 30.33429
0.5630137 30.63429
0.5657534 30.06571
0.5684932 30.47714
0.5712329 30.25429
0.5739726 30.63824
0.5767123 29.49143
0.5794521 29.23429
0.5821918 30.65429
0.5849315 30.35143
0.5876712 30.86571
0.590411 30.79143
0.5931507 30.73143
0.5958904 29.77429
0.5986301 29.74571
0.6013699 29.71429
0.6041096 30.71143
0.6068493 30.54
0.609589 29.99429
0.6123288 29.57143
0.6150685 28.9
0.6178082 28.93714
0.6205479 29.69143
0.6232877 29.46571
0.6260274 29.73143
0.6287671 29.84286
0.6315068 28.78857
0.6342466 28.78571
0.6369863 28.72571
0.639726 28.04571
0.6424658 28.45714
0.6452055 28.55429
0.6479452 28.99143
0.6506849 29.15429
0.6534247 29.81429
0.6561644 30.28571
0.6589041 30.18
0.6616438 29.77714
0.6643836 29.76571
0.6671233 29.54571
0.669863 28.47429
0.6726027 28.78
0.6753425 28.81714
0.6780822 28.14
0.6808219 27.88857
0.6835616 27.73714
0.6863014 27.68571
0.6890411 27.17429
0.6917808 28.17429
0.6945205 28.14571
0.6972603 28.02571
0.7 27.24286
0.7027397 26.02286
0.7054795 26.81143
0.7082192 26.16286
0.7109589 25.73143
0.7136986 25.58857
0.7164384 26.07143
0.7191781 25.65429
0.7219178 25.23714
0.7246575 24.84286
0.7273973 24.59143
0.730137 24.17714
0.7328767 23.56857
0.7356164 23.46
0.7383562 24.40286
0.7410959 23.97143
0.7438356 22.62571
0.7465753 22.47714
0.7493151 22.00286
0.7520548 22.18857
0.7547945 22.52857
0.7575342 22.14571
0.760274 21.60857
0.7630137 21.64571
0.7657534 21.91143
0.7684932 21.12
0.7712329 21.40286
0.7739726 22.14
0.7767123 20.06857
0.7794521 20.88857
0.7821918 20.76571
0.7849315 21.00286
0.7876712 21.88286
0.790411 22.53143
0.7931507 20.87143
0.7958904 19.50571
0.7986301 20.64857
0.8013699 18.73429
0.8041096 18.85429
0.8068493 19.28571
0.809589 19.87714
0.8123288 19.85714
0.8150685 17.76857
0.8178082 17.84
0.8205479 17.54286
0.8232877 18.07714
0.8260274 18.45714
0.8287671 17.86286
0.8315068 17.08
0.8342466 17.50857
0.8369863 18.87429
0.839726 19.47714
0.8424658 18.34857
0.8452055 17.73143
0.8479452 15.93429
0.8506849 15.21429
0.8534247 15.06857
0.8561644 15.52571
0.8589041 16.59714
0.8616438 15.08857
0.8643836 14.60286
0.8671233 14.01714
0.869863 13.90286
0.8726027 15.62571
0.8753425 15.09714
0.8780822 15.06857
0.8808219 14.14286
0.8835616 14.86571
0.8863014 14.02
0.8890411 13.48
0.8917808 12.59714
0.8945205 12.72
0.8972603 12.83143
0.9 12.94857
0.9027397 12.26286
0.9054795 14.25714
0.9082192 14.18
0.9109589 14.18
0.9136986 10.90571
0.9164384 10.01143
0.9191781 9.977143
0.9219178 10.84
0.9246575 11.23143
0.9273973 10.98857
0.930137 10.88286
0.9328767 11.47714
0.9356164 9.92
0.9383562 10.15429
0.9410959 9.622857
0.9438356 9.651429
0.9465753 8.177143
0.9493151 8.891429
0.9520548 8.937143
0.9547945 7.928571
0.9575342 8.02
0.960274 7.588571
0.9630137 7.962857
0.9657534 6.905714
0.9684932 7.697143
0.9712329 7.222857
0.9739726 5.954286
0.9767123 6.857143
0.9794521 8.574286
0.9821918 7.382857
0.9849315 7.031429
0.9876712 7.3
0.990411 6.96
0.9931507 7.722857
0.9958904 7.16
0.9986301 7.294286
