time temperature
0.001369863 6.134286
0.004109589 5.982857
0.006849315 6.208571
0.009589041 6.008571
0.01232877 5.551429
0.01506849 5.257143
0.01780822 6.22
0.02054795 6.62
0.02328767 7.105714
0.0260274 6.582857
0.02876712 7.065714
0.03150685 7.477143
0.03424658 7.874286
0.0369863 8.225714
0.03972603 8.282857
0.04246575 8.334286
0.04520548 7.777143
0.04794521 7.931429
0.05068493 8.065714
0.05342466 7.92
0.05616438 7.62
0.05890411 7.422857
0.06164384 7.662857
0.06438356 7.06
0.06712329 7.742857
0.06986301 7.051429
0.07260274 7.251429
0.07534247 7.488571
0.07808219 7.585714
0.08082192 7.937143
0.08356164 8.288571
0.08630137 7.971429
0.0890411 8.348571
0.09178082 9.005714
0.09452055 8.857143
0.09726027 9.274286
0.1 9.168571
0.1027397 9.468571
0.1054795 9.471429
0.1082192 9.248571
0.1109589 9.434286
0.1136986 9.785714
0.1164384 10.15714
0.1191781 9.431429
0.1219178 9.462857
0.1246575 9.365714
0.1273973 9.026471
0.130137 8.985294
0.1328767 9.532353
0.1356164 9.95
0.1383562 9.979412
0.1410959 10.07353
0.1438356 10.72059
0.1465753 10.37353
0.1493151 10.16857
0.1520548 10.25143
0.1547945 9.862857
0.1575342 11.04857
0.160274 10.33429
0.1630137 9.411429
0.1657534 9.965714
0.1684932 9.345714
0.1712329 9.92
0.1739726 10.96
0.1767123 11.07429
0.1794521 10.88
0.1821918 11.20857
0.1849315 11.31143
0.1876712 11.52286
0.190411 11.28
0.1931507 11.37429
0.1958904 11.6
0.1986301 11.17143
0.2013699 11.39714
0.2041096 12
0.2068493 11.55714
0.209589 11.85429
0.2123288 12.17714
0.2150685 12.84
0.2178082 12.23714
0.2205479 12.28286
0.2232877 11.77714
0.2260274 12.02
0.2287671 11.65429
0.2315068 11.76571
0.2342466 11.80857
0.2369863 12.16571
0.239726 13.04571
0.2424658 13.36
0.2452055 13.06
0.2479452 12.45
0.2506849 12.70294
0.2534247 12.65
0.2561644 13.01176
0.2589041 13.65588
0.2616438 13.15588
0.2643836 13.86765
0.2671233 13.48529
0.269863 13.24412
0.2726027 13.41176
0.2753425 13.31176
0.2780822 13.68235
0.2808219 13.60882
0.2835616 14.43824
0.2863014 13.72059
0.2890411 13.63235
0.2917808 13.57941
0.2945205 13.37647
0.2972603 14.14412
0.3 14.08529
0.3027397 14.21471
0.3054795 14.02059
0.3082192 14.41176
0.3109589 13.90294
0.3136986 14.29706
0.3164384 15.03529
0.3191781 15.9
0.3219178 15.57353
0.3246575 15.95
0.3273973 16.21471
0.330137 15.88857
0.3328767 16
0.3356164 15.78286
0.3383562 16.26571
0.3410959 16.18286
0.3438356 16.24
0.3465753 17.19143
0.3493151 16.70571
0.3520548 17.34571
0.3547945 17.44286
0.3575342 16.85429
0.360274 16.38571
0.3630137 16.55143
0.3657534 16.62571
0.3684932 17.76
0.3712329 17.78857
0.3739726 17.58286
0.3767123 18.20857
0.3794521 18.33143
0.3821918 18.01714
0.3849315 18.94571
0.3876712 18.22
0.390411 17.96571
0.3931507 18.37429
0.3958904 18.34857
0.3986301 18.24286
0.4013699 18.06
0.4041096 18.69429
0.4068493 18.96857
0.409589 18.90857
0.4123288 19.26
0.4150685 19.34
0.4178082 19.62647
0.4205479 19.58529
0.4232877 19.48235
0.4260274 20.28485
0.4287671 19.77353
0.4315068 19.29118
0.4342466 18.64706
0.4369863 19.89412
0.439726 19.75294
0.4424658 19.65143
0.4452055 19.41429
0.4479452 20.21429
0.4506849 20.51143
0.4534247 20.28286
0.4561644 19.54857
0.4589041 20.90857
0.4616438 21.02857
0.4643836 21.19429
0.4671233 20.63714
0.469863 20.34571
0.4726027 20.73143
0.4753425 20.93143
0.4780822 21.28286
0.4808219 20.51714
0.4835616 19.73143
0.4863014 20.25143
0.4890411 20.26571
0.4917808 20.19429
0.4945205 21.09714
0.4972603 20.08286
0.5 21.04
0.5027397 21.42857
0.5054795 21.48
0.5082192 20.97714
0.5109589 21.76286
0.5136986 22.14286
0.5164384 22.32571
0.5191781 21.52
0.5219178 20.74571
0.5246575 21.58
0.5273973 22.38571
0.530137 21.73714
0.5328767 21.96
0.5356164 22.40571
0.5383562 22.53429
0.5410959 23.10571
0.5438356 23.93429
0.5465753 23.11714
0.5493151 23.57714
0.5520548 23.47714
0.5547945 23.47429
0.5575342 23.46286
0.560274 23.78286
0.5630137 23.76571
0.5657534 24.49143
0.5684932 24.08857
0.5712329 23.74571
0.5739726 24.06286
0.5767123 24.42571
0.5794521 23.90857
0.5821918 23.44571
0.5849315 23.36571
0.5876712 23.88857
0.590411 23.33429
0.5931507 22.64571
0.5958904 23.45714
0.5986301 24.14286
0.6013699 25.22571
0.6041096 25.43714
0.6068493 24.58857
0.609589 24.33143
0.6123288 23.18
0.6150685 23.39714
0.6178082 23.11714
0.6205479 22.87143
0.6232877 22.88571
0.6260274 23.39714
0.6287671 23.06857
0.6315068 22.45429
0.6342466 22.66571
0.6369863 22.79714
0.639726 22.66571
0.6424658 22.26571
0.6452055 22.48
0.6479452 22.21429
0.6506849 22.68
0.6534247 21.85714
0.6561644 22.04
0.6589041 22.04286
0.6616438 21.94857
0.6643836 21.74286
0.6671233 21.32571
0.669863 21.80857
0.6726027 21.66
0.6753425 21.52857
0.6780822 21.93429
0.6808219 21.37429
0.6835616 21.34857
0.6863014 21.16
0.6890411 21.23143
0.6917808 21.39714
0.6945205 19.98571
0.6972603 20.32
0.7 20.78286
0.7027397 21.14286
0.7054795 20.12
0.7082192 20.24857
0.7109589 19.58571
0.7136986 20.15714
0.7164384 19.39429
0.7191781 19.29143
0.7219178 19.71143
0.7246575 19.47714
0.7273973 18.78571
0.730137 18.82
0.7328767 18.93429
0.7356164 19.19429
0.7383562 18.86857
0.7410959 18.7
0.7438356 18.72571
0.7465753 18.97941
0.7493151 18.25714
0.7520548 17.86
0.7547945 17.87429
0.7575342 17.44857
0.760274 17.04571
0.7630137 17.08857
0.7657534 16.94857
0.7684932 16.61143
0.7712329 17.07429
0.7739726 16.55714
0.7767123 16.2
0.7794521 15.43714
0.7821918 15.34857
0.7849315 15.57143
0.7876712 16.00571
0.790411 14.72286
0.7931507 14.80571
0.7958904 14.58571
0.7986301 14.49143
0.8013699 14.29429
0.8041096 14.68571
0.8068493 14.16286
0.809589 15.25714
0.8123288 14.73429
0.8150685 14.09714
0.8178082 13.54
0.8205479 13.44571
0.8232877 12.96857
0.8260274 12.98
0.8287671 12.51143
0.8315068 13.12
0.8342466 12.66571
0.8369863 12.51143
0.839726 12.47429
0.8424658 12.66176
0.8452055 12.20588
0.8479452 11.62647
0.8506849 11.94
0.8534247 11.27143
0.8561644 11.30588
0.8589041 11.65714
0.8616438 11.15714
0.8643836 11.07714
0.8671233 10.66286
0.869863 10.25714
0.8726027 10.1
0.8753425 10.12571
0.8780822 9.668571
0.8808219 9.62
0.8835616 9.491429
0.8863014 9.491429
0.8890411 8.471429
0.8917808 7.808571
0.8945205 8.8
0.8972603 8.551429
0.9 8.288571
0.9027397 7.982857
0.9054795 7.86
0.9082192 8.285714
0.9109589 8.177143
0.9136986 8.351429
0.9164384 8.774286
0.9191781 9.045714
0.9219178 8.814286
0.9246575 8.017143
0.9273973 8.051429
0.930137 8.311765
0.9328767 7.711429
0.9356164 7.871429
0.9383562 7.977143
0.9410959 8.108571
0.9438356 7.674286
0.9465753 7.511429
0.9493151 7.888571
0.9520548 8.034286
0.9547945 7.857143
0.9575342 7.325714
0.960274 7.257143
0.9630137 7.2
0.9657534 7.317143
0.9684932 6.945714
0.9712329 7.26
0.9739726 7.242857
0.9767123 7.297143
0.9794521 7.428571
0.9821918 7.014286
0.9849315 6.602857
0.9876712 6.442857
0.990411 5.502857
0.9931507 5.64
0.9958904 6.125714
0.9986301 6.129412
