time temperature
0.001369863 6.037143
0.004109589 4.394286
0.006849315 4.557143
0.009589041 3.877143
0.01232877 3.331429
0.01506849 2.414286
0.01780822 4.185714
0.02054795 3.065714
0.02328767 1.425714
0.0260274 2.391429
0.02876712 2.714286
0.03150685 2.288571
0.03424658 2.48
0.0369863 3.662857
0.03972603 3.58
0.04246575 1.028571
0.04520548 2.405714
0.04794521 3.328571
0.05068493 2.302857
0.05342466 2.157143
0.05616438 2.234286
0.05890411 2.537143
0.06164384 4.826471
0.06438356 4.972727
0.06712329 4.808571
0.06986301 5.011429
0.07260274 4.038235
0.07534247 2.842857
0.07808219 3.568571
0.08082192 3.077143
0.08356164 2.582857
0.08630137 3.417143
0.0890411 4.845714
0.09178082 4.965714
0.09452055 3.76
0.09726027 3.965714
0.1 4.588571
0.1027397 3.442857
0.1054795 2.554286
0.1082192 3.152941
0.1109589 2.511429
0.1136986 4.008571
0.1164384 4.217143
0.1191781 4.122857
0.1219178 3.317143
0.1246575 4.685714
0.1273973 6.085714
0.130137 6.2
0.1328767 4.905714
0.1356164 7.377143
0.1383562 7.088571
0.1410959 6.222857
0.1438356 7.057143
0.1465753 8.451429
0.1493151 6.891176
0.1520548 6.891429
0.1547945 4.391429
0.1575342 3.922857
0.160274 5.617143
0.1630137 6.471429
0.1657534 7.662857
0.1684932 9.245714
0.1712329 9.557143
0.1739726 10.63429
0.1767123 9.505714
0.1794521 8.471429
0.1821918 8.585714
0.1849315 8.948571
0.1876712 9.26
0.190411 8.951429
0.1931507 8.84
0.1958904 10.6
0.1986301 10.23143
0.2013699 9.125714
0.2041096 9.871429
0.2068493 10.11143
0.209589 9.26
0.2123288 10.05143
0.2150685 10.90857
0.2178082 10.32
0.2205479 10.27143
0.2232877 10.01714
0.2260274 12.22571
0.2287671 11.22
0.2315068 11.97143
0.2342466 13.38286
0.2369863 13.68571
0.239726 16.08286
0.2424658 15.30571
0.2452055 14.00571
0.2479452 13.89714
0.2506849 15.04286
0.2534247 14.39143
0.2561644 14.28857
0.2589041 14.22286
0.2616438 13.61429
0.2643836 11.98571
0.2671233 13.93143
0.269863 14.01714
0.2726027 13.52286
0.2753425 14.27714
0.2780822 15.22
0.2808219 16.25143
0.2835616 16.72571
0.2863014 18.25429
0.2890411 16.83143
0.2917808 16.82
0.2945205 17.94571
0.2972603 19.16286
0.3 18.90857
0.3027397 20.17429
0.3054795 19.47714
0.3082192 18.70286
0.3109589 19.68
0.3136986 17.81714
0.3164384 17.89143
0.3191781 18.51143
0.3219178 19.30571
0.3246575 18.96857
0.3273973 19.54857
0.330137 20.24286
0.3328767 19.96857
0.3356164 19.29706
0.3383562 18.88235
0.3410959 18.54286
0.3438356 20.71714
0.3465753 20.60571
0.3493151 21.14
0.3520548 20.98286
0.3547945 19.64857
0.3575342 20.80857
0.360274 22.29429
0.3630137 21.68286
0.3657534 21.61143
0.3684932 23.24
0.3712329 23.33143
0.3739726 23.01714
0.3767123 21.48
0.3794521 21.79429
0.3821918 22.22571
0.3849315 23.03429
0.3876712 23.12571
0.390411 24.17941
0.3931507 23.61714
0.3958904 23.58857
0.3986301 23.91429
0.4013699 22.56857
0.4041096 22.55294
0.4068493 23.72647
0.409589 23.11143
0.4123288 23.89429
0.4150685 24.12286
0.4178082 24.19429
0.4205479 23.83714
0.4232877 23.66471
0.4260274 24.26176
0.4287671 25.40294
0.4315068 25.26
0.4342466 25.20571
0.4369863 26.68
0.439726 26.04412
0.4424658 25.72
0.4452055 25.99714
0.4479452 25.91471
0.4506849 25.30286
0.4534247 26.21765
0.4561644 26.75
0.4589041 26.15714
0.4616438 26.07353
0.4643836 26.81176
0.4671233 27.12571
0.469863 25.81429
0.4726027 25.86
0.4753425 26.24857
0.4780822 26.08529
0.4808219 26.06571
0.4835616 26.50571
0.4863014 27.22286
0.4890411 27.32857
0.4917808 27.38571
0.4945205 27.06571
0.4972603 26.92571
0.5 26.7
0.5027397 27.17429
0.5054795 26.58
0.5082192 26.53143
0.5109589 26.65143
0.5136986 27.22857
0.5164384 27.78286
0.5191781 28.08286
0.5219178 27.59143
0.5246575 27.30857
0.5273973 28.07143
0.530137 27.33143
0.5328767 27.83143
0.5356164 27.43714
0.5383562 27.98571
0.5410959 27.94857
0.5438356 28.51143
0.5465753 28.69143
0.5493151 28.56286
0.5520548 28.24857
0.5547945 28.21143
0.5575342 28.27714
0.560274 27.74
0.5630137 28.26286
0.5657534 27.51143
0.5684932 27.81143
0.5712329 27.55714
0.5739726 27.47429
0.5767123 26.49143
0.5794521 26.81471
0.5821918 27.48235
0.5849315 27.67941
0.5876712 27.89412
0.590411 27.56765
0.5931507 27.32424
0.5958904 27.12647
0.5986301 27.15152
0.6013699 27.33529
0.6041096 27.29118
0.6068493 27.21176
0.609589 26.64412
0.6123288 26.36471
0.6150685 25.86765
0.6178082 25.85882
0.6205479 27.22353
0.6232877 27.33235
0.6260274 27.28529
0.6287671 26.73429
0.6315068 26.42286
0.6342466 26.79429
0.6369863 26.38286
0.639726 26.54571
0.6424658 26.60286
0.6452055 26.26
0.6479452 26.35143
0.6506849 27.23143
0.6534247 27.91429
0.6561644 27.57143
0.6589041 26.92857
0.6616438 26.74286
0.6643836 27.26
0.6671233 26.48235
0.669863 26.21765
0.6726027 26.94706
0.6753425 26.51471
0.6780822 25.09706
0.6808219 25.16765
0.6835616 25.2
0.6863014 26.01471
0.6890411 26.24412
0.6917808 25.92059
0.6945205 25.21471
0.6972603 24.50588
0.7 24.28529
0.7027397 24.45882
0.7054795 24.21176
0.7082192 23.36176
0.7109589 23.7
0.7136986 23.87353
0.7164384 22.80606
0.7191781 22.47879
0.7219178 23.39091
0.7246575 22.81176
0.7273973 21.75882
0.730137 20.76765
0.7328767 21.02353
0.7356164 21.26765
0.7383562 21.30882
0.7410959 20.50588
0.7438356 19.85294
0.7465753 20.20588
0.7493151 19.71429
0.7520548 20.25143
0.7547945 19.41714
0.7575342 19.03143
0.760274 19.67429
0.7630137 19.05143
0.7657534 18.55429
0.7684932 17.43429
0.7712329 19.02286
0.7739726 19.07143
0.7767123 18.05714
0.7794521 18.48857
0.7821918 18.58857
0.7849315 19.29429
0.7876712 19.04571
0.790411 20.1
0.7931507 18.00857
0.7958904 17.68529
0.7986301 17.86286
0.8013699 15.64
0.8041096 15.55429
0.8068493 16.63429
0.809589 17.09118
0.8123288 16.72286
0.8150685 15.85429
0.8178082 15.79714
0.8205479 14.90286
0.8232877 16.98
0.8260274 15.95429
0.8287671 15.29143
0.8315068 15.67143
0.8342466 16.65714
0.8369863 16.54118
0.839726 16.49714
0.8424658 15.09429
0.8452055 13.93235
0.8479452 12.05294
0.8506849 11.27353
0.8534247 10.98529
0.8561644 11.58235
0.8589041 13.05882
0.8616438 12.92353
0.8643836 11.40882
0.8671233 11.20882
0.869863 10.6
0.8726027 12.4
0.8753425 11.93235
0.8780822 11.61176
0.8808219 11.36176
0.8835616 10.76471
0.8863014 11.95152
0.8890411 11.59412
0.8917808 8.070588
0.8945205 9.558824
0.8972603 10.11176
0.9 9.214706
0.9027397 9.227273
0.9054795 11.17576
0.9082192 11.74706
0.9109589 9.761765
0.9136986 5.930303
0.9164384 6.638235
0.9191781 7.470588
0.9219178 8.197059
0.9246575 7.167647
0.9273973 7.026471
0.930137 7.205882
0.9328767 6.702941
0.9356164 5.75
0.9383562 6.491176
0.9410959 6.526471
0.9438356 5.973529
0.9465753 4.979412
0.9493151 5.872727
0.9520548 5.60303
0.9547945 5.572727
0.9575342 6.308824
0.960274 3.732353
0.9630137 4.035294
0.9657534 3.335294
0.9684932 4.573529
0.9712329 4.547059
0.9739726 3.405882
0.9767123 4.517647
0.9794521 5.320588
0.9821918 3.555882
0.9849315 3.524242
0.9876712 3.238235
0.990411 4.788235
0.9931507 5.179412
0.9958904 3.926471
0.9986301 4.491176
