New Hampshire Utah Vermont Virginia
0.2643224 0.2213103 0.179711 0.1395121
0.1007008 0.0632646 0.02719081 -0.007533165
-0.04091994 -0.07298215 -0.1037324 -0.1331833
-0.1613475 -0.1882375 -0.2138661 -0.2382458
-0.2613893 -0.2833091 -0.3040179 -0.3235283
-0.3418529 -0.3590043 -0.3749953 -0.3898382
-0.4035459 -0.4161309 -0.4276058 -0.4379832
-0.4472759 -0.4554963 -0.4626571 -0.4687709
-0.4738503 -0.477908 -0.4809566 -0.4830086
-0.4840768 -0.4841737 -0.4833119 -0.4815041
-0.4787628 -0.4751008 -0.4705306 -0.4650648
-0.458716 -0.4514969 -0.4434202 -0.4344983
-0.4247439 -0.4141697 -0.4027882 -0.3906121
-0.377654 -0.3639265 -0.3494422 -0.3342138
-0.3182539 -0.301575 -0.2841898 -0.266111
-0.2473511 -0.2279227 -0.2078385 -0.1871112
-0.1657532 -0.1437772 -0.1211959 -0.09802185
-0.07426768 -0.04994601 -0.02506945 0.0003493658
0.02629783 0.05276333 0.07973324 0.1071949
0.1351358 0.1635433 0.1924046 0.2217073
0.2514387 0.2815862 0.3121372 0.343079
0.374399 0.4060847 0.4381233 0.4705024
0.5032091 0.5362311 0.5695555 0.6031699
0.6370615 0.6712212 0.7056505 0.7403535
0.7753341 0.8105963 0.8461441 0.8819815
0.9181124 0.9545408 0.9912708 1.028306
1.065651 1.103309 1.141285 1.179582
1.218205 1.257156 1.296442 1.336064
1.376028 1.416337 1.456995 1.498006
1.539375 1.581105 1.6232 1.665664
1.708501 1.751715 1.79531 1.83929
1.88366 1.928422 1.973581 2.019141
2.065106 2.11148 2.158267 2.205471
2.253095 2.301145 2.349623 2.398533
2.447881 2.497669 2.547902 2.598584
2.649718 2.701309 2.753361 2.805877
2.858862 2.912319 2.966253 3.020667
3.075566 3.130953 3.186832 3.243208
3.300084 3.357465 3.415354 3.473756
3.532673 3.592111 3.652073 3.712564
3.773586 3.835145 3.897244 3.959887
4.023078 4.086821 4.15112 4.21598
4.281403 4.347394 4.413958 4.481097
4.548816 4.617119 4.68601 4.755493
4.825572 4.89625 4.967533 5.039423
5.111924 5.185042 5.258779 5.33314
5.408121 5.483715 5.55991 5.636699
5.714071 5.792018 5.870529 5.949596
6.02921 6.10936 6.190038 6.271234
6.352939 6.435143 6.517838 6.601013
6.68466 6.768768 6.85333 6.938334
7.023773 7.109637 7.195915 7.2826
7.369681 7.457149 7.544996 7.63321
7.721784 7.810708 7.899972 7.989568
8.079485 8.169714 8.260246 8.351072
8.442183 8.533568 8.625219 8.717126
8.80928 8.901672 8.994292 9.08713
9.180178 9.273427 9.366866 9.460486
9.554278 9.648234 9.742342 9.836595
9.930982 10.02549 10.12012 10.21486
10.30969 10.40461 10.49961 10.59468
10.6898 10.78498 10.8802 10.97545
11.07072 11.16601 11.2613 11.35658
11.45185 11.5471 11.64231 11.73748
11.83259 11.92764 12.02263 12.11753
12.21234 12.30705 12.40166 12.49614
12.5905 12.68472 12.7788 12.87272
12.96648 13.06006 13.15346 13.24666
13.33967 13.43246 13.52503 13.61738
13.70951 13.80142 13.89311 13.98458
14.07583 14.16686 14.25767 14.34827
14.43864 14.5288 14.61873 14.70845
14.79796 14.88724 14.97631 15.06517
15.15381 15.24223 15.33043 15.41843
15.5062 15.59377 15.68111 15.76825
15.85517 15.94188 16.02838 16.11466
16.20073 16.28659 16.37224 16.45767
16.5429 16.62791 16.71272 16.79731
16.8817 16.96587 17.04984 17.1336
17.21715 17.30049 17.38362 17.46655
17.54927 17.63178 17.71408 17.79618
17.87808 17.95977 18.04125 18.12253
18.2036 18.28447 18.36513 18.44559
18.52585 18.60591 18.68576 18.76541
18.84486 18.9241 19.00315 19.08199
19.16063 19.23907 19.31731 19.39536
19.4732 19.55084 19.62828 19.70553
19.78258 19.85942 19.93608 20.01253
20.08879 20.16485 20.24071 20.31638
20.39185 20.46712 20.5422 20.61709
20.69178 20.76628 20.84058 20.91469
20.9886 21.06233 21.13585 21.20917
21.28228 21.35519 21.42788 21.50035
21.5726 21.64463 21.71643 21.78799
21.85932 21.9304 22.00124 22.07184
22.14218 22.21226 22.28208 22.35164
22.42093 22.48995 22.55869 22.62716
22.69534 22.76323 22.83083 22.89814
22.96515 23.03185 23.09825 23.16434
23.23012 23.29557 23.3607 23.42551
23.48999 23.55413 23.61794 23.6814
23.74452 23.80729 23.86971 23.93177
23.99347 24.0548 24.11577 24.17636
24.23658 24.29642 24.35587 24.41494
24.47361 24.53189 24.58977 24.64724
24.70431 24.76097 24.81721 24.87303
24.92843 24.98341 25.03795 25.09206
25.14573 25.19896 25.25174 25.30407
25.35595 25.40737 25.45834 25.50883
25.55886 25.60841 25.65749 25.70608
25.75419 25.80182 25.84895 25.89558
25.94171 25.98734 26.03247 26.07708
26.12117 26.16475 26.2078 26.25033
26.29232 26.33378 26.3747 26.41508
26.45492 26.49422 26.53298 26.5712
26.6089 26.64607 26.68271 26.71882
26.75442 26.78949 26.82405 26.85809
26.89163 26.92465 26.95717 26.98918
27.02069 27.0517 27.08221 27.11223
27.14176 27.17079 27.19934 27.22741
27.25499 27.2821 27.30872 27.33488
27.36056 27.38577 27.41051 27.43479
27.4586 27.48196 27.50486 27.5273
27.54929 27.57083 27.59193 27.61257
27.63278 27.65255 27.67188 27.69077
27.70923 27.72726 27.74486 27.76204
27.7788 27.79513 27.81105 27.82655
27.84164 27.85632 27.87059 27.88445
27.89792 27.91098 27.92364 27.93591
27.94778 27.95927 27.97037 27.98108
27.9914 28.00135 28.01092 28.02011
28.02893 28.03738 28.04546 28.05318
28.06053 28.06752 28.07415 28.08043
28.08635 28.09192 28.09715 28.10203
28.10656 28.11075 28.11461 28.11812
28.12131 28.12416 28.12669 28.12888
28.13076 28.13231 28.13354 28.13446
28.13504 28.1353 28.13523 28.13482
28.13409 28.13301 28.13159 28.12983
28.12773 28.12528 28.12248 28.11933
28.11582 28.11196 28.10773 28.10315
28.09819 28.09288 28.08719 28.08113
28.07469 28.06788 28.06069 28.05311
28.04515 28.03681 28.02807 28.01894
28.00942 27.9995 27.98918 27.97846
27.96733 27.9558 27.94386 27.9315
27.91873 27.90554 27.89194 27.87791
27.86346 27.84858 27.83327 27.81752
27.80135 27.78473 27.76768 27.75019
27.73225 27.71386 27.69502 27.67573
27.65599 27.63579 27.61513 27.59401
27.57243 27.55037 27.52785 27.50486
27.48139 27.45745 27.43302 27.40811
27.38272 27.35685 27.33048 27.30362
27.27627 27.24841 27.22006 27.19121
27.16186 27.13199 27.10162 27.07074
27.03934 27.00743 26.97499 26.94203
26.90855 26.87455 26.84001 26.80494
26.76934 26.7332 26.69652 26.6593
26.62154 26.58323 26.54439 26.50501
26.46511 26.42468 26.38374 26.34228
26.30031 26.25784 26.21486 26.1714
26.12744 26.083 26.03808 25.99268
25.94681 25.90048 25.85368 25.80643
25.75872 25.71057 25.66198 25.61294
25.56348 25.51358 25.46327 25.41253
25.36138 25.30982 25.25785 25.20549
25.15273 25.09958 25.04604 24.99212
24.93783 24.88317 24.82813 24.77274
24.71699 24.66088 24.60443 24.54764
24.49051 24.43304 24.37524 24.31712
24.25868 24.19993 24.14087 24.0815
24.02183 23.96186 23.90161 23.84107
23.78024 23.71914 23.65777 23.59613
23.53423 23.47207 23.40965 23.34699
23.28409 23.22094 23.15756 23.09396
23.03012 22.96607 22.90181 22.83733
22.77264 22.70776 22.64268 22.57741
22.51195 22.44631 22.38049 22.3145
22.24834 22.18202 22.11554 22.0489
21.98212 21.91519 21.84813 21.78093
21.7136 21.64614 21.57856 21.51087
21.44306 21.37513 21.30707 21.23889
21.17059 21.10216 21.03359 20.9649
20.89607 20.8271 20.758 20.68875
20.61937 20.54984 20.48016 20.41033
20.34036 20.27023 20.19995 20.12951
20.05891 19.98815 19.91723 19.84615
19.7749 19.70348 19.63189 19.56013
19.4882 19.41608 19.34379 19.27132
19.19867 19.12583 19.05281 18.97959
18.90619 18.8326 18.75881 18.68482
18.61064 18.53625 18.46166 18.38687
18.31188 18.23667 18.16125 18.08562
18.00978 17.93372 17.85744 17.78094
17.70422 17.62727 17.5501 17.4727
17.39507 17.3172 17.2391 17.16077
17.0822 17.00338 16.92433 16.84502
16.76548 16.68568 16.60563 16.52533
16.44478 16.36397 16.2829 16.20157
16.11998 16.03812 15.956 15.87361
15.79095 15.70801 15.6248 15.54132
15.45755 15.37351 15.28918 15.20457
15.11967 15.03448 14.949 14.86323
14.77717 14.6908 14.60415 14.5172
14.42996 14.34244 14.25464 14.16656
14.07821 13.98959 13.90071 13.81156
13.72216 13.6325 13.5426 13.45245
13.36206 13.27143 13.18057 13.08947
12.99815 12.90661 12.81485 12.72288
12.63069 12.5383 12.44571 12.35291
12.25992 12.16674 12.07338 11.97982
11.88609 11.79218 11.6981 11.60386
11.50944 11.41487 11.32014 11.22526
11.13023 11.03505 10.93973 10.84428
10.74869 10.65297 10.55713 10.46117
10.36508 10.26888 10.17258 10.07616
9.979646 9.88303 9.78632 9.689518
9.59263 9.495658 9.398607 9.30148
9.204282 9.107016 9.009685 8.912295
8.814849 8.71735 8.619803 8.522211
8.424578 8.326908 8.229206 8.131474
8.033717 7.935938 7.838142 7.740332
7.642512 7.544686 7.446858 7.349031
7.25121 7.153399 7.055601 6.95782
6.86006 6.762325 6.664618 6.566945
6.469307 6.37171 6.274158 6.176653
6.079203 5.981832 5.884565 5.78743
5.690455 5.593668 5.497094 5.400762
5.304699 5.208932 5.113489 5.018396
4.923682 4.829372 4.735496 4.642079
4.54915 4.456736 4.364863 4.273559
4.182852 4.092769 4.003337 3.914584
3.826536 3.739221 3.652666 3.566899
3.481948 3.397838 3.314598 3.232254
3.150835 3.070367 2.990878 2.912395
2.834946 2.758557 2.683256 2.60907
2.536027 2.464154 2.393478 2.324026
2.255826 2.188905 2.123291 2.05901
1.996091 1.934559 1.874444 1.815771
1.758568 1.702863 1.648683 1.596054
1.545006 1.495563 1.447755 1.401609
1.357151 1.314408 1.273409 1.234181
1.19675 1.161145 1.127392 1.095519
1.065553 1.037521 1.011451 0.9873695
0.9653046 0.9452832 0.9273328 0.9114804
0.8977536 0.8861795 0.8767856 0.869599
0.8646471 0.8619572 0.8615566 0.8634726
0.8677324 0.8743635 0.8833931 0.8948485
0.9087571 0.925146 0.9440426 0.9654743
0.8959332 0.9605116 1.02406 1.086595
1.148137 1.208702 1.26831 1.326978
1.384724 1.441568 1.497526 1.552617
1.606859 1.66027 1.712869 1.764673
1.815702 1.865972 1.915502 1.964311
2.012415 2.059835 2.106587 2.15269
2.198162 2.243022 2.287287 2.330975
2.374105 2.416695 2.458762 2.500326
2.541405 2.582015 2.622177 2.661907
2.701224 2.740147 2.778692 2.816879
2.854726 2.892251 2.929471 2.966405
3.003072 3.039489 3.075675 3.111647
3.147424 3.183025 3.218466 3.253767
3.288945 3.324019 3.359007 3.393927
3.428797 3.463636 3.49846 3.53329
3.568142 3.603036 3.637988 3.673018
3.708143 3.743381 3.778752 3.814272
3.84996 3.885835 3.921914 3.958216
3.994758 4.031559 4.068637 4.106011
4.143698 4.181716 4.220084 4.25882
4.297941 4.337467 4.377415 4.417804
4.458651 4.499976 4.541795 4.584127
4.62699 4.670403 4.714384 4.75895
4.80412 4.849907 4.896308 4.943317
4.990926 5.03913 5.087921 5.137294
5.187241 5.237756 5.288832 5.340463
5.392642 5.445364 5.49862 5.552404
5.606711 5.661533 5.716864 5.772698
5.829026 5.885844 5.943145 6.000922
6.059168 6.117876 6.177041 6.236656
6.296714 6.357209 6.418133 6.479481
6.541246 6.603421 6.665999 6.728975
6.792341 6.856092 6.92022 6.984718
7.049581 7.114802 7.180374 7.24629
7.312544 7.37913 7.446041 7.51327
7.58081 7.648656 7.716801 7.785237
7.853959 7.922959 7.992232 8.061771
8.131569 8.20162 8.271916 8.342452
8.413221 8.484216 8.555431 8.626859
8.698493 8.770328 8.842356 8.914571
8.986966 9.059535 9.132271 9.205168
9.278219 9.351417 9.424756 9.498229
9.571831 9.645553 9.71939 9.793335
9.867381 9.941523 10.01575 10.09006
10.16445 10.23891 10.31342 10.388
10.46262 10.53728 10.61198 10.68671
10.76146 10.83624 10.91104 10.98586
11.06069 11.13554 11.2104 11.28528
11.36016 11.43506 11.50995 11.58486
11.65976 11.73466 11.80957 11.88446
11.95936 12.03424 12.10912 12.18398
12.25883 12.33367 12.40849 12.48328
12.55806 12.63282 12.70755 12.78225
12.85693 12.93157 13.00618 13.08076
13.1553 13.22981 13.30427 13.37869
13.45307 13.5274 13.60168 13.67592
13.7501 13.82423 13.8983 13.97232
14.04628 14.12017 14.19401 14.26777
14.34148 14.41511 14.48867 14.56216
14.63557 14.70891 14.78217 14.85535
14.92845 15.00146 15.07439 15.14723
15.21998 15.29263 15.3652 15.43767
15.51004 15.58231 15.65448 15.72655
15.79851 15.87036 15.94211 16.01374
16.08527 16.15667 16.22796 16.29914
16.37019 16.44112 16.51192 16.5826
16.65316 16.72358 16.79387 16.86402
16.93404 17.00392 17.07367 17.14327
17.21273 17.28204 17.3512 17.42023
17.4891 17.55784 17.62644 17.6949
17.76323 17.83143 17.8995 17.96744
18.03525 18.10295 18.17052 18.23797
18.30531 18.37254 18.43965 18.50666
18.57356 18.64035 18.70705 18.77364
18.84014 18.90654 18.97284 19.03906
19.10519 19.17123 19.23719 19.30307
19.36886 19.43458 19.50023 19.5658
19.63131 19.69674 19.76211 19.82742
19.89266 19.95785 20.02297 20.08805
20.15307 20.21804 20.28297 20.34785
20.41269 20.47748 20.54224 20.60696
20.67165 20.73631 20.80093 20.86553
20.93011 20.99466 21.05919 21.12371
21.18821 21.25269 21.31717 21.38163
21.44609 21.51054 21.575 21.63945
21.7039 21.76836 21.83283 21.89731
21.96179 22.02629 22.09081 22.15535
22.2199 22.28448 22.34909 22.41372
22.47838 22.54308 22.6078 22.67257
22.73737 22.80222 22.8671 22.93204
22.99702 23.06205 23.12714 23.19228
23.25747 23.32273 23.38804 23.4534
23.51883 23.58431 23.64984 23.71543
23.78106 23.84676 23.9125 23.97829
24.04413 24.11002 24.17595 24.24194
24.30797 24.37404 24.44016 24.50632
24.57253 24.63878 24.70507 24.77139
24.83776 24.90417 24.97061 25.0371
25.10361 25.17017 25.23676 25.30338
25.37003 25.43672 25.50344 25.57019
25.63697 25.70378 25.77061 25.83748
25.90437 25.97128 26.03822 26.10519
26.17218 26.23919 26.30622 26.37327
26.44034 26.50744 26.57455 26.64167
26.70882 26.77598 26.84316 26.91035
26.97755 27.04477 27.11199 27.17923
27.24648 27.31374 27.38101 27.44829
27.51557 27.58286 27.65015 27.71745
27.78475 27.85206 27.91937 27.98667
28.05398 28.12129 28.1886 28.25591
28.32321 28.39051 28.45781 28.5251
28.59238 28.65966 28.72693 28.79419
28.86144 28.92868 28.99591 29.06313
29.13034 29.19753 29.26471 29.33188
29.39902 29.46612 29.53318 29.60019
29.66713 29.73399 29.80076 29.86743
29.93399 30.00043 30.06674 30.13291
30.19892 30.26477 30.33045 30.39594
30.46123 30.52631 30.59118 30.65582
30.72021 30.78436 30.84825 30.91186
30.97519 31.03822 31.10095 31.16337
31.22546 31.28721 31.34861 31.40966
31.47033 31.53063 31.59053 31.65003
31.70912 31.76778 31.82601 31.8838
31.94113 31.99799 32.05437 32.11027
32.16566 32.22055 32.27491 32.32874
32.38203 32.43477 32.48694 32.53853
32.58954 32.63996 32.68976 32.73895
32.78751 32.83543 32.88269 32.9293
32.97523 33.02048 33.06504 33.10889
33.15202 33.19443 33.2361 33.27703
33.31719 33.35658 33.3952 33.43302
33.47004 33.50624 33.54162 33.57617
33.60987 33.64272 33.6747 33.7058
33.73601 33.76532 33.79372 33.8212
33.84775 33.87336 33.89801 33.9217
33.94441 33.96613 33.98687 34.00661
34.02536 34.04314 34.05993 34.07574
34.09058 34.10445 34.11736 34.1293
34.14028 34.1503 34.15938 34.1675
34.17467 34.18091 34.1862 34.19056
34.19398 34.19648 34.19805 34.19869
34.19842 34.19723 34.19513 34.19213
34.18821 34.1834 34.17768 34.17107
34.16357 34.15518 34.14591 34.13575
34.12471 34.11281 34.10002 34.08638
34.07186 34.05649 34.04026 34.02317
34.00523 33.98645 33.96682 33.94635
33.92504 33.9029 33.87993 33.85613
33.8315 33.80606 33.7798 33.75273
33.72484 33.69615 33.66666 33.63637
33.60528 33.57339 33.54072 33.50726
33.47302 33.438 33.4022 33.36563
33.32829 33.29019 33.25132 33.21169
33.17131 33.13017 33.08829 33.04566
33.00229 32.95818 32.91334 32.86776
32.82145 32.77442 32.72667 32.6782
32.62902 32.57912 32.52852 32.47721
32.4252 32.37249 32.31909 32.26499
32.21021 32.15475 32.09862 32.04181
31.98435 31.92624 31.86748 31.80809
31.74807 31.68743 31.62617 31.56431
31.50185 31.4388 31.37516 31.31095
31.24617 31.18083 31.11494 31.0485
30.98152 30.91401 30.84598 30.77744
30.70838 30.63883 30.56878 30.49825
30.42724 30.35576 30.28381 30.21141
30.13857 30.06528 29.99156 29.91742
29.84286 29.76789 29.69251 29.61674
29.54059 29.46405 29.38715 29.30987
29.23224 29.15427 29.07595 28.99729
28.91831 28.83901 28.75939 28.67948
28.59926 28.51876 28.43798 28.35692
28.27559 28.19401 28.11217 28.03009
27.94778 27.86523 27.78247 27.69949
27.6163 27.53292 27.44934 27.36558
27.28165 27.19754 27.11328 27.02886
26.9443 26.8596 26.77476 26.68981
26.60474 26.51956 26.43428 26.3489
26.26345 26.17791 26.0923 26.00663
25.92091 25.83514 25.74932 25.66348
25.57761 25.49172 25.40582 25.31992
25.23401 25.14808 25.06212 24.97614
24.89012 24.80406 24.71795 24.63178
24.54555 24.45926 24.37288 24.28643
24.19988 24.11324 24.0265 23.93965
23.85269 23.7656 23.67839 23.59104
23.50355 23.41592 23.32813 23.24018
23.15206 23.06377 22.97529 22.88664
22.79778 22.70873 22.61947 22.53
22.44031 22.35039 22.26025 22.16986
22.07922 21.98834 21.89719 21.80578
21.7141 21.62214 21.52989 21.43736
21.34452 21.25138 21.15793 21.06416
20.97007 20.87565 20.78089 20.68578
20.59033 20.49452 20.39834 20.3018
20.20487 20.10757 20.00988 19.91179
19.81329 19.71439 19.61507 19.51533
19.41516 19.31456 19.21351 19.11201
19.01006 18.90765 18.80477 18.70141
18.59758 18.49325 18.38844 18.28312
18.17729 18.07095 17.96409 17.8567
17.74878 17.64031 17.5313 17.42174
17.31162 17.20093 17.08967 16.97783
16.8654 16.75239 16.63878 16.52462
16.40991 16.29468 16.17895 16.06275
15.94608 15.82899 15.71148 15.59357
15.4753 15.35668 15.23773 15.11847
14.99893 14.87912 14.75908 14.63881
14.51834 14.3977 14.27689 14.15596
14.03491 13.91376 13.79255 13.67129
13.55 13.4287 13.30742 13.18618
13.06499 12.94388 12.82287 12.70199
12.58124 12.46067 12.34028 12.22009
12.10014 11.98044 11.86101 11.74187
11.62304 11.50456 11.38643 11.26868
11.15133 11.0344 10.91792 10.8019
10.68637 10.57134 10.45685 10.3429
10.22953 10.11675 10.00458 9.893053
9.782182 9.671989 9.562497 9.453727
9.3457 9.238438 9.131963 9.026295
8.921455 8.817467 8.71435 8.612126
8.510817 8.410444 8.311029 8.212593
8.115157 8.018743 7.923372 7.829066
7.735846 7.643734 7.55275 7.462917
7.374255 7.286787 7.200533 7.115516
7.031755 6.949274 6.868093 6.788234
6.709711 6.63251 6.556603 6.481966
6.408574 6.336401 6.265422 6.19561
6.126942 6.059392 5.992933 5.927541
5.86319 5.799856 5.737512 5.676133
5.615693 5.556169 5.497533 5.43976
5.382826 5.326705 5.271371 5.216798
5.162963 5.109839 5.0574 5.005622
4.954479 4.903945 4.853996 4.804605
4.755748 4.707399 4.659533 4.612123
4.565146 4.518575 4.472385 4.426551
4.381047 4.335848 4.290928 4.246262
4.201825 4.157592 4.113536 4.069633
4.025857 3.982182 3.938584 3.895037
3.851515 3.807993 3.764447 3.720849
3.677175 3.6334 3.589498 3.545444
3.501212 3.456777 3.412114 3.367197
3.322001 3.2765 3.230669 3.184482
3.137915 3.090941 3.043536 2.995674
2.94733 2.898478 2.849092 2.799148
2.74862 2.697483 2.645711 2.593279
2.540161 2.486332 2.431767 2.376441
2.320327 2.2634 2.205636 2.147008
2.087492 2.027061 1.965691 1.903356
-1.791007 -1.851835 -1.910816 -1.967967
-2.023307 -2.076851 -2.128618 -2.178625
-2.22689 -2.273428 -2.318259 -2.3614
-2.402867 -2.442678 -2.48085 -2.517401
-2.552349 -2.58571 -2.617502 -2.647742
-2.676448 -2.703637 -2.729327 -2.753534
-2.776276 -2.797571 -2.817435 -2.835887
-2.852943 -2.868622 -2.882939 -2.895914
-2.907562 -2.917902 -2.926951 -2.934725
-2.941244 -2.946523 -2.95058 -2.953433
-2.955099 -2.955596 -2.95494 -2.953149
-2.95024 -2.946232 -2.94114 -2.934984
-2.927779 -2.919543 -2.910294 -2.900049
-2.888825 -2.87664 -2.863512 -2.849456
-2.834492 -2.818635 -2.801905 -2.784317
-2.76589 -2.74664 -2.726585 -2.705743
-2.68413 -2.661765 -2.638664 -2.614845
-2.590325 -2.565122 -2.539252 -2.512735
-2.485585 -2.457822 -2.429462 -2.400523
-2.371023 -2.340978 -2.310405 -2.279323
-2.247749 -2.215699 -2.183192 -2.150245
-2.116875 -2.083099 -2.048935 -2.0144
-1.979512 -1.944288 -1.908745 -1.8729
-1.836772 -1.800373 -1.763701 -1.726752
-1.689522 -1.652006 -1.6142 -1.576098
-1.537698 -1.498993 -1.45998 -1.420654
-1.381011 -1.341046 -1.300755 -1.260133
-1.219176 -1.177879 -1.136237 -1.094247
-1.051904 -1.009203 -0.9661397 -0.9227098
-0.8789087 -0.8347319 -0.7901749 -0.7452333
-0.6999025 -0.6541782 -0.6080557 -0.5615306
-0.5145985 -0.4672547 -0.4194949 -0.3713146
-0.3227092 -0.2736743 -0.2242054 -0.1742979
-0.1239475 -0.07314964 -0.0218998 0.0298065
0.08197374 0.1346064 0.187709 0.241286
0.2953418 0.3498811 0.4049082 0.4604277
0.516444 0.5729616 0.629985 0.6875188
0.7455673 0.8041351 0.8632267 0.9228466
0.9829992 1.043689 1.104921 1.166698
1.229027 1.29191 1.355354 1.419361
1.483937 1.549086 1.614813 1.681122
1.748018 1.815504 1.883586 1.952269
2.021555 2.091451 2.161961 2.233088
2.304838 2.377215 2.450223 2.523867
2.598152 2.673081 2.74866 2.824893
2.901785 2.979339 3.057561 3.136454
3.216016 3.296238 3.37711 3.458621
3.540764 3.623526 3.7069 3.790875
3.875441 3.960589 4.046308 4.13259
4.219425 4.306802 4.394711 4.483145
4.572091 4.661541 4.751486 4.841914
4.932817 5.024184 5.116007 5.208275
5.300978 5.394107 5.487652 5.581604
5.675952 5.770686 5.865798 5.961277
6.057114 6.153298 6.249821 6.346671
6.443841 6.541319 6.639096 6.737163
6.835509 6.934125 7.033002 7.132128
7.231496 7.331094 7.430913 7.530944
7.631176 7.731601 7.832207 7.932986
8.033928 8.135022 8.23626 8.337631
8.439126 8.540735 8.642448 8.744256
8.846148 8.948116 9.050148 9.152236
9.25437 9.35654 9.458737 9.560949
9.663169 9.765386 9.86759 9.969771
10.07192 10.17403 10.27608 10.37808
10.48 10.58184 10.6836 10.78525
10.88679 10.98821 11.0895 11.19065
11.29166 11.3925 11.49318 11.59368
11.69398 11.7941 11.894 11.9937
12.09318 12.19245 12.29151 12.39035
12.48897 12.58738 12.68556 12.78352
12.88126 12.97877 13.07605 13.17311
13.26994 13.36653 13.46289 13.55901
13.6549 13.75055 13.84596 13.94113
14.03606 14.13074 14.22518 14.31937
14.41331 14.507 14.60044 14.69362
14.78655 14.87922 14.97163 15.06378
15.15567 15.2473 15.33866 15.42976
15.52058 15.61114 15.70143 15.79144
15.88118 15.97065 16.05983 16.14874
16.23737 16.32571 16.41377 16.50155
16.58904 16.67624 16.76315 16.84976
16.93609 17.02212 17.10785 17.19329
17.27843 17.36326 17.44779 17.53202
17.61595 17.69956 17.78287 17.86586
17.94855 18.03092 18.11297 18.19471
18.27613 18.35723 18.43801 18.51846
18.59859 18.67839 18.75787 18.83702
18.91583 18.99431 19.07246 19.15028
19.22775 19.30489 19.38168 19.45814
19.53425 19.61001 19.68543 19.7605
19.83522 19.90959 19.98361 20.05727
20.13057 20.20352 20.2761 20.34832
20.42018 20.49168 20.5628 20.63356
20.70395 20.77396 20.8436 20.91287
20.98175 21.05026 21.11838 21.18613
21.25349 21.32046 21.38704 21.45323
21.51904 21.58444 21.64946 21.71407
21.77829 21.84211 21.90552 21.96854
22.03114 22.09334 22.15513 22.21651
22.27747 22.33803 22.39816 22.45788
22.51718 22.57606 22.63451 22.69254
22.75014 22.80732 22.86406 22.92037
22.97625 23.0317 23.0867 23.14127
23.1954 23.24908 23.30233 23.35512
23.40747 23.45937 23.51082 23.56181
23.61235 23.66244 23.71207 23.76123
23.80994 23.85818 23.90596 23.95327
24.00011 24.04649 24.09239 24.13781
24.18277 24.22724 24.27124 24.31475
24.35779 24.40034 24.4424 24.48397
24.52506 24.56566 24.60576 24.64537
24.68448 24.72309 24.76121 24.79882
24.83593 24.87253 24.90863 24.94422
24.9793 25.01388 25.04796 25.08154
25.11463 25.14722 25.17932 25.21093
25.24206 25.27271 25.30288 25.33258
25.3618 25.39055 25.41883 25.44665
25.47401 25.50091 25.52735 25.55334
25.57888 25.60397 25.62861 25.65281
25.67658 25.6999 25.72279 25.74526
25.76729 25.7889 25.81008 25.83085
25.85119 25.87113 25.89065 25.90976
25.92847 25.94678 25.96468 25.98219
25.9993 26.01602 26.03235 26.0483
26.06386 26.07904 26.09384 26.10827
26.12233 26.13601 26.14933 26.16229
26.17488 26.18712 26.199 26.21053
26.2217 26.23253 26.24302 26.25317
26.26297 26.27244 26.28158 26.29039
26.29887 26.30702 26.31486 26.32237
26.32957 26.33645 26.34302 26.34929
26.35525 26.36091 26.36627 26.37133
26.3761 26.38058 26.38476 26.38867
26.39229 26.39563 26.39869 26.40148
26.404 26.40625 26.40823 26.40995
26.41141 26.41261 26.41356 26.41424
26.41466 26.41482 26.4147 26.41431
26.41364 26.41268 26.41144 26.40991
26.40808 26.40596 26.40353 26.4008
26.39776 26.3944 26.39073 26.38673
26.38241 26.37776 26.37278 26.36747
26.36181 26.35581 26.34946 26.34276
26.3357 26.32828 26.3205 26.31235
26.30384 26.29494 26.28567 26.27602
26.26598 26.25555 26.24472 26.2335
26.22188 26.20985 26.19741 26.18456
26.17129 26.1576 26.14349 26.12895
26.11398 26.09857 26.08272 26.06642
26.04968 26.03249 26.01484 25.99674
25.97817 25.95913 25.93963 25.91965
25.89919 25.87825 25.85682 25.83491
25.8125 25.7896 25.76619 25.74228
25.71786 25.69292 25.66747 25.6415
25.61501 25.58799 25.56044 25.53235
25.50372 25.47455 25.44483 25.41456
25.38374 25.35236 25.32041 25.2879
25.25482 25.22117 25.18694 25.15213
25.11673 25.08074 25.04416 25.00698
24.96921 24.93083 24.89186 24.85231
24.81218 24.77147 24.73019 24.68835
24.64595 24.603 24.5595 24.51547
24.4709 24.4258 24.38018 24.33404
24.28739 24.24024 24.19259 24.14444
24.09581 24.04669 23.9971 23.94704
23.89651 23.84553 23.79409 23.74221
23.68988 23.63712 23.58394 23.53032
23.47629 23.42185 23.367 23.31176
23.25611 23.20008 23.14367 23.08688
23.02971 22.97219 22.9143 22.85606
22.79747 22.73854 22.67927 22.61968
22.55975 22.49951 22.43896 22.3781
22.31694 22.25548 22.19373 22.1317
22.06939 22.00681 21.94396 21.88086
21.81749 21.75388 21.69003 21.62593
21.56161 21.49706 21.43229 21.36731
21.30212 21.23672 21.17113 21.10535
21.03939 20.97324 20.90693 20.84044
20.77379 20.70699 20.64004 20.57294
20.50571 20.43834 20.37084 20.30323
20.2355 20.16766 20.09971 20.03167
19.96354 19.89532 19.82702 19.75865
19.6902 19.62166 19.55305 19.48435
19.41555 19.34667 19.27769 19.20862
19.13944 19.07016 19.00078 18.93129
18.86168 18.79196 18.72213 18.65217
18.58209 18.51189 18.44156 18.37109
18.3005 18.22976 18.15889 18.08788
18.01672 17.94541 17.87395 17.80234
17.73057 17.65864 17.58655 17.5143
17.44187 17.36928 17.29652 17.22357
17.15045 17.07715 17.00367 16.92999
16.85613 16.78207 16.70782 16.63337
16.55872 16.48387 16.4088 16.33353
16.25805 16.18235 16.10643 16.03029
15.95393 15.87734 15.80053 15.72348
15.64619 15.56867 15.49091 15.41291
15.33465 15.25615 15.1774 15.09839
15.01913 14.93961 14.85982 14.77977
14.69945 14.61886 14.53799 14.45685
14.37542 14.29372 14.21173 14.12945
14.04688 13.96401 13.88085 13.79739
13.71363 13.62957 13.54519 13.46051
13.37551 13.29019 13.20456 13.11861
13.03233 12.94572 12.85879 12.77153
12.68395 12.59605 12.50784 12.41932
12.33049 12.24136 12.15193 12.0622
11.97217 11.88186 11.79125 11.70036
11.60919 11.51774 11.42602 11.33402
11.24176 11.14923 11.05644 10.96339
10.87009 10.77653 10.68273 10.58868
10.49439 10.39986 10.30509 10.21009
10.11486 10.01941 9.923731 9.827836
9.731724 9.635399 9.538865 9.442125
9.345182 9.248039 9.1507 9.053167
8.955445 8.857536 8.759444 8.661172
8.562723 8.4641 8.365307 8.266347
8.167223 8.067939 7.968498 7.868903
7.769157 7.669264 7.569226 7.469048
7.368732 7.268282 7.167701 7.066992
6.966158 6.865203 6.76413 6.662943
6.561644 6.460237 6.358725 6.257111
6.155399 6.053592 5.951693 5.849705
5.747632 5.645477 5.543243 5.440934
5.338553 5.236102 5.133586 5.031007
4.92837 4.825676 4.72293 4.620134
4.517292 4.414408 4.311484 4.208523
4.105534 4.002542 3.899581 3.796684
3.693882 3.591209 3.488697 3.38638
3.284289 3.182458 3.080919 2.979705
2.878849 2.778383 2.67834 2.578754
2.479655 2.381078 2.283055 2.185618
2.088801 1.992636 1.897155 1.802392
1.70838 1.61515 1.522736 1.43117
1.340485 1.250714 1.16189 1.074045
0.9872111 0.9014222 0.8167107 0.7331092
0.6506505 0.5693671 0.489292 0.4104577
0.332897 0.2566425 0.1817271 0.1081834
0.03604409 -0.03465807 -0.1038904 -0.1716202
-0.2378147 -0.3024412 -0.365467 -0.4268595
-0.4865858 -0.5446133 -0.6009093 -0.655441
-0.7081758 -0.7590809 -0.8081237 -0.8552714
-0.9004912 -0.9437506 -0.9850167 -1.024257
-1.061439 -1.096529 -1.129495 -1.160304
-1.188924 -1.215322 -1.239465 -1.26132
-1.280855 -1.298037 -1.312833 -1.325211
-1.335137 -1.34258 -1.347506 -1.349882
-1.349677 -1.346857 -1.34139 -1.333242
-1.322381 -1.308775 -1.292391 -1.273196
-1.251157 -1.226241 -1.198417 -1.167651
5.756697 5.726485 5.697577 5.669962
5.643627 5.618562 5.594752 5.572188
5.550855 5.530743 5.511839 5.49413
5.477606 5.462254 5.448061 5.435016
5.423106 5.412319 5.402644 5.394068
5.386579 5.380165 5.374814 5.370514
5.367252 5.365017 5.363797 5.363578
5.36435 5.3661 5.368816 5.372486
5.377098 5.382639 5.389099 5.396463
5.404721 5.413861 5.423869 5.434735
5.446446 5.458989 5.472354 5.486527
5.501496 5.51725 5.533777 5.551063
5.569098 5.587869 5.607364 5.627571
5.648478 5.670072 5.692341 5.715275
5.738859 5.763083 5.787934 5.8134
5.839469 5.866128 5.893367 5.921172
5.949531 5.978433 6.007865 6.037816
6.068272 6.099223 6.130655 6.162558
6.194917 6.227723 6.260962 6.294622
6.328692 6.363159 6.39801 6.433235
6.468821 6.504755 6.541026 6.577622
6.61453 6.651738 6.689235 6.727008
6.765045 6.803333 6.841862 6.880618
6.91959 6.958768 6.998151 7.03774
7.077537 7.117541 7.157753 7.198176
7.238809 7.279653 7.320709 7.361979
7.403462 7.445161 7.487075 7.529205
7.571553 7.61412 7.656906 7.699912
7.743139 7.786588 7.830259 7.874154
7.918274 7.962619 8.007191 8.051989
8.097016 8.142271 8.187757 8.233473
8.27942 8.3256 8.372014 8.418661
8.465544 8.512662 8.560017 8.60761
8.655442 8.703513 8.751824 8.800377
8.849171 8.898209 8.94749 8.997016
9.046788 9.096806 9.147072 9.197586
9.248349 9.299362 9.350626 9.402141
9.453909 9.505931 9.558207 9.610738
9.663526 9.71657 9.769873 9.823434
9.877255 9.931336 9.985679 10.04028
10.09515 10.15028 10.20568 10.26134
10.31727 10.37347 10.42994 10.48667
10.54368 10.60095 10.6585 10.71632
10.77442 10.83279 10.89143 10.95035
11.00955 11.06903 11.12878 11.18882
11.24913 11.30973 11.37061 11.43177
11.49322 11.55494 11.61693 11.67918
11.74169 11.80445 11.86746 11.93072
11.9942 12.05792 12.12186 12.18601
12.25038 12.31496 12.37974 12.44471
12.50987 12.57522 12.64074 12.70643
12.7723 12.83832 12.9045 12.97082
13.0373 13.1039 13.17065 13.23751
13.3045 13.3716 13.43882 13.50613
13.57355 13.64105 13.70865 13.77632
13.84407 13.91188 13.97976 14.0477
14.11569 14.18373 14.25181 14.31992
14.38806 14.45623 14.52441 14.5926
14.6608 14.72901 14.7972 14.86539
14.93356 15.0017 15.06982 15.1379
15.20595 15.27395 15.3419 15.40979
15.47762 15.54538 15.61307 15.68068
15.7482 15.81563 15.88296 15.9502
16.01732 16.08433 16.15122 16.21799
16.28462 16.35112 16.41747 16.48368
16.54973 16.61562 16.68135 16.74691
16.81228 16.87748 16.94249 17.0073
17.07192 17.13633 17.20052 17.2645
17.32826 17.39179 17.45509 17.51815
17.58098 17.64358 17.70595 17.76809
17.83001 17.8917 17.95316 18.0144
18.07542 18.13622 18.1968 18.25716
18.3173 18.37723 18.43694 18.49644
18.55573 18.61481 18.67367 18.73233
18.79079 18.84903 18.90708 18.96492
19.02255 19.07999 19.13723 19.19427
19.25111 19.30776 19.36422 19.42048
19.47654 19.53242 19.58811 19.64361
19.69893 19.75406 19.809 19.86376
19.91835 19.97275 20.02697 20.08101
20.13488 20.18857 20.24209 20.29543
20.3486 20.40161 20.45444 20.50711
20.55961 20.61194 20.66411 20.71612
20.76796 20.81965 20.87118 20.92255
20.97376 21.02482 21.07572 21.12648
21.17708 21.22753 21.27783 21.32798
21.37799 21.42785 21.47757 21.52715
21.57658 21.62588 21.67504 21.72406
21.77294 21.82169 21.8703 21.91879
21.96714 22.01536 22.06345 22.11142
22.15926 22.20697 22.25456 22.30203
22.34938 22.39661 22.44371 22.4907
22.53756 22.58429 22.6309 22.67737
22.72372 22.76994 22.81603 22.86199
22.90781 22.9535 22.99905 23.04447
23.08974 23.13488 23.17988 23.22473
23.26944 23.31401 23.35843 23.4027
23.44683 23.49081 23.53464 23.57831
23.62183 23.6652 23.70842 23.75148
23.79438 23.83712 23.87971 23.92213
23.96439 24.00649 24.04842 24.09019
24.13179 24.17322 24.21448 24.25558
24.2965 24.33725 24.37782 24.41822
24.45844 24.49849 24.53836 24.57804
24.61755 24.65688 24.69602 24.73497
24.77374 24.81233 24.85072 24.88893
24.92695 24.96477 25.0024 25.03984
25.07708 25.11413 25.15098 25.18763
25.22408 25.26032 25.29637 25.33221
25.36785 25.40328 25.43851 25.47353
25.50833 25.54293 25.57732 25.61149
25.64545 25.67919 25.71271 25.74602
25.77911 25.81198 25.84463 25.87706
25.90926 25.94124 25.97299 26.00451
26.03581 26.06688 26.09771 26.12832
26.1587 26.18885 26.21876 26.24845
26.2779 26.30711 26.33609 26.36484
26.39335 26.42163 26.44967 26.47747
26.50503 26.53236 26.55944 26.58629
26.61289 26.63925 26.66537 26.69125
26.71689 26.74228 26.76743 26.79233
26.81698 26.84139 26.86556 26.88947
26.91314 26.93656 26.95973 26.98265
27.00531 27.02773 27.04989 27.0718
27.09346 27.11487 27.13602 27.15691
27.17755 27.19793 27.21806 27.23792
27.25753 27.27688 27.29597 27.3148
27.33337 27.35167 27.36972 27.3875
27.40502 27.42227 27.43926 27.45599
27.47244 27.48864 27.50456 27.52022
27.5356 27.55072 27.56557 27.58015
27.59445 27.60849 27.62225 27.63574
27.64896 27.6619 27.67456 27.68695
27.69907 27.71091 27.72247 27.73375
27.74475 27.75548 27.76592 27.77608
27.78597 27.79557 27.80488 27.81392
27.82267 27.83114 27.83932 27.84721
27.85481 27.86212 27.86914 27.87586
27.88229 27.88841 27.89423 27.89974
27.90495 27.90985 27.91444 27.91872
27.92268 27.92632 27.92965 27.93265
27.93532 27.93768 27.9397 27.94139
27.94275 27.94378 27.94447 27.94482
27.94483 27.9445 27.94382 27.9428
27.94142 27.9397 27.93762 27.93518
27.93239 27.92923 27.92571 27.92183
27.91759 27.91297 27.90798 27.90262
27.89689 27.89078 27.88429 27.87741
27.87016 27.86251 27.85448 27.84606
27.83725 27.82805 27.81844 27.80844
27.79804 27.78723 27.77602 27.76441
27.75238 27.73994 27.72709 27.71382
27.70014 27.68604 27.67151 27.65656
27.64118 27.62538 27.60914 27.59247
27.57537 27.55783 27.53985 27.52143
27.50256 27.48325 27.46349 27.44329
27.42263 27.40152 27.37995 27.35792
27.33543 27.31248 27.28906 27.26518
27.24083 27.21601 27.19071 27.16494
27.13869 27.11197 27.08477 27.0571
27.02896 27.00036 26.97129 26.94176
26.91177 26.88133 26.85043 26.81908
26.78729 26.75505 26.72237 26.68925
26.65569 26.62169 26.58727 26.55241
26.51713 26.48142 26.4453 26.40875
26.37179 26.33441 26.29662 26.25843
26.21983 26.18082 26.14141 26.10161
26.06141 26.02082 25.97984 25.93847
25.89672 25.85458 25.81207 25.76917
25.72591 25.68227 25.63826 25.59389
25.54915 25.50405 25.45859 25.41278
25.36661 25.32009 25.27323 25.22601
25.17846 25.13057 25.08233 25.03377
24.98487 24.93564 24.88608 24.8362
24.786 24.73547 24.68463 24.63348
24.58202 24.53024 24.47816 24.42578
24.3731 24.32012 24.26684 24.21327
24.15941 24.10526 24.05082 23.99611
23.94111 23.88584 23.83029 23.77447
23.71838 23.66202 23.6054 23.54851
23.49137 23.43397 23.37632 23.31842
23.26027 23.20187 23.14323 23.08435
23.02523 22.96587 22.90628 22.84646
22.78641 22.72613 22.66563 22.6049
22.54396 22.4828 22.42142 22.35983
22.29802 22.23601 22.17379 22.11137
22.04875 21.98592 21.9229 21.85969
21.79628 21.73268 21.66889 21.60491
21.54075 21.47641 21.4119 21.3472
21.28233 21.21729 21.15207 21.08669
21.02115 20.95544 20.88957 20.82354
20.75735 20.69101 20.62452 20.55788
20.49109 20.42415 20.35708 20.28986
20.2225 20.15501 20.08738 20.01963
19.95174 19.88373 19.81559 19.74733
19.67895 19.61045 19.54184 19.47311
19.40427 19.33533 19.26628 19.19712
19.12786 19.0585 18.98905 18.9195
18.84985 18.78012 18.7103 18.64039
18.5704 18.50032 18.43017 18.35994
18.28964 18.21926 18.14882 18.0783
18.00772 17.93708 17.86638 17.79562
17.7248 17.65392 17.583 17.51203
17.44101 17.36994 17.29883 17.22768
17.15649 17.08527 17.01401 16.94272
16.87139 16.80003 16.72863 16.65719
16.58572 16.51421 16.44267 16.37109
16.29947 16.22782 16.15613 16.0844
16.01263 15.94083 15.86899 15.79711
15.72519 15.65323 15.58124 15.5092
15.43713 15.36502 15.29287 15.22068
15.14845 15.07618 15.00386 14.93151
14.85912 14.78669 14.71422 14.6417
14.56915 14.49655 14.42391 14.35123
14.27851 14.20574 14.13294 14.06009
13.9872 13.91426 13.84128 13.76826
13.6952 13.62209 13.54893 13.47574
13.4025 13.32921 13.25588 13.18251
13.10909 13.03562 12.96211 12.88855
12.81495 12.74131 12.66761 12.59387
12.52008 12.44625 12.37237 12.29844
12.22447 12.15045 12.07638 12.00226
11.92809 11.85388 11.77962 11.70531
11.63095 11.55654 11.48208 11.40757
11.33302 11.25841 11.18376 11.10905
11.03429 10.95949 10.88463 10.80972
10.73476 10.65975 10.58469 10.50957
10.43441 10.35922 10.28403 10.20886
10.13373 10.05868 9.983719 9.908884
9.834195 9.759677 9.685356 9.611256
9.537403 9.463821 9.390536 9.317572
9.244955 9.172709 9.10086 9.029431
8.95845 8.887939 8.817925 8.748432
8.679486 8.611111 8.543332 8.476174
8.409663 8.343822 8.278678 8.214256
8.150579 8.087674 8.025565 7.964276
7.903834 7.844264 7.785589 7.727835
7.671028 7.615191 7.56035 7.506531
7.453757 7.402055 7.351448 7.301963
7.253623 7.206455 7.160482 7.11573
7.072224 7.029989 6.98905 6.949431
6.911159 6.874257 6.838751 6.804666
6.772027 6.740858 6.711185 6.683033
6.656427 6.631391 6.607951 6.586131
6.565958 6.547455 6.530647 6.51556
6.502219 6.490648 6.480873 6.472918
6.466809 6.462571 6.460228 6.459805
6.461328 6.464821 6.47031 6.47782
6.487374 6.498999 6.51272 6.528561
6.546547 6.566703 6.589055 6.613627
