mu psi_1 psi_2 psi_3 psi_4
3.916794 3.903995 3.891998 3.880797 3.870387
3.860763 3.851919 3.84385 3.836551 3.830015
3.824238 3.819214 3.814938 3.811405 3.808609
3.806544 3.805206 3.804589 3.804687 3.805495
3.807008 3.809221 3.812127 3.815722 3.82
3.824956 3.830584 3.83688 3.843837 3.85145
3.859714 3.868623 3.878173 3.888357 3.899171
3.910608 3.922664 3.935333 3.94861 3.962489
3.976965 3.992032 4.007686 4.023921 4.040731
4.05811 4.076055 4.094559 4.113616 4.133222
4.153371 4.174057 4.195276 4.217022 4.239289
4.262073 4.285367 4.309166 4.333465 4.358259
4.383542 4.409308 4.435553 4.462271 4.489456
4.517104 4.545209 4.573764 4.602766 4.632209
4.662086 4.692394 4.723126 4.754277 4.785842
4.817815 4.850191 4.882964 4.91613 4.949682
4.983615 5.017925 5.052605 5.08765 5.123055
5.158814 5.194923 5.231375 5.268165 5.305288
5.342738 5.38051 5.418599 5.457001 5.495714
5.53474 5.574078 5.61373 5.653695 5.693974
5.734568 5.775476 5.816699 5.858237 5.900092
5.942262 5.984749 6.027553 6.070674 6.114113
6.15787 6.201946 6.24634 6.291054 6.336087
6.38144 6.427114 6.473108 6.519424 6.566061
6.613019 6.6603 6.707904 6.755831 6.804081
6.852655 6.901554 6.950776 7.000324 7.050197
7.100396 7.15092 7.201772 7.25295 7.304455
7.356288 7.408449 7.460938 7.513756 7.566903
7.62038 7.674187 7.728323 7.782791 7.837589
7.892719 7.948181 8.003975 8.060101 8.11656
8.173353 8.230479 8.28794 8.345735 8.403865
8.462329 8.52113 8.580267 8.639739 8.699549
8.759696 8.82018 8.881002 8.942163 9.003662
9.0655 9.127677 9.190194 9.253052 9.31625
9.379789 9.443669 9.507891 9.572455 9.637361
9.702611 9.768203 9.834139 9.900419 9.967044
10.03401 10.10133 10.16899 10.23699 10.30534
10.37403 10.44304 10.51238 10.58203 10.652
10.72227 10.79284 10.86369 10.93484 11.00626
11.07795 11.14991 11.22213 11.29459 11.36731
11.44026 11.51345 11.58686 11.6605 11.73434
11.8084 11.88265 11.9571 12.03174 12.10655
12.18155 12.25671 12.33203 12.4075 12.48313
12.5589 12.6348 12.71083 12.78699 12.86326
12.93964 13.01613 13.09271 13.16938 13.24614
13.32298 13.39988 13.47685 13.55388 13.63096
13.70808 13.78525 13.86244 13.93967 14.01691
14.09416 14.17142 14.24868 14.32594 14.40318
14.4804 14.55759 14.63476 14.71188 14.78896
14.86598 14.94295 15.01985 15.09669 15.17344
15.25011 15.32669 15.40317 15.47955 15.55582
15.63197 15.708 15.7839 15.85966 15.93528
16.01075 16.08607 16.16122 16.23621 16.31102
16.38565 16.46009 16.53434 16.60839 16.68223
16.75585 16.82926 16.90244 16.97538 17.04809
17.12056 17.19279 17.2648 17.33656 17.40811
17.47942 17.55051 17.62138 17.69203 17.76246
17.83267 17.90267 17.97247 18.04205 18.11143
18.1806 18.24957 18.31835 18.38692 18.4553
18.52349 18.59149 18.6593 18.72693 18.79437
18.86163 18.92871 18.99562 19.06235 19.12891
19.1953 19.26152 19.32758 19.39348 19.45921
19.52479 19.59021 19.65548 19.72059 19.78556
19.85038 19.91505 19.97958 20.04397 20.10823
20.17235 20.23633 20.30019 20.36392 20.42752
20.49099 20.55435 20.61758 20.6807 20.7437
20.80659 20.86937 20.93204 20.9946 21.05707
21.11943 21.18169 21.24385 21.30592 21.3679
21.42979 21.49159 21.5533 21.61493 21.67649
21.73796 21.79935 21.86068 21.92193 21.98311
22.04422 22.10527 22.16626 22.22718 22.28805
22.34887 22.40962 22.47033 22.53099 22.5916
22.65217 22.7127 22.77318 22.83363 22.89404
22.95442 23.01476 23.07506 23.13531 23.19552
23.25567 23.31577 23.37581 23.43579 23.4957
23.55555 23.61532 23.67502 23.73464 23.79418
23.85364 23.91301 23.97228 24.03146 24.09055
24.14953 24.20841 24.26718 24.32584 24.38438
24.44281 24.50111 24.55929 24.61735 24.67527
24.73306 24.79071 24.84821 24.90558 24.9628
25.01986 25.07677 25.13353 25.19012 25.24655
25.30281 25.3589 25.41482 25.47055 25.52611
25.58149 25.63667 25.69167 25.74647 25.80107
25.85548 25.90968 25.96367 26.01745 26.07102
26.12437 26.1775 26.2304 26.28308 26.33553
26.38774 26.43972 26.49146 26.54295 26.59419
26.64519 26.69593 26.74641 26.79664 26.8466
26.89629 26.94571 26.99486 27.04374 27.09233
27.14064 27.18866 27.23639 27.28383 27.33097
27.37781 27.42435 27.47058 27.5165 27.56211
27.6074 27.65237 27.69701 27.74133 27.78532
27.82898 27.8723 27.91529 27.95794 28.00025
28.04222 28.08385 28.12514 28.16608 28.20668
28.24693 28.28683 28.32639 28.3656 28.40445
28.44296 28.48111 28.5189 28.55634 28.59343
28.63015 28.66652 28.70252 28.73816 28.77344
28.80835 28.8429 28.87708 28.9109 28.94434
28.97741 29.01012 29.04244 29.0744 29.10598
29.13718 29.168 29.19845 29.22851 29.25819
29.28749 29.31641 29.34493 29.37308 29.40083
29.4282 29.45517 29.48176 29.50795 29.53375
29.55915 29.58415 29.60876 29.63297 29.65678
29.68019 29.70319 29.72579 29.74799 29.76978
29.79116 29.81213 29.8327 29.85285 29.87259
29.89191 29.91082 29.92932 29.9474 29.96505
29.98229 29.99911 30.01551 30.03148 30.04703
30.06215 30.07684 30.09111 30.10494 30.11835
30.13132 30.14386 30.15596 30.16763 30.17886
30.18966 30.20001 30.20992 30.21939 30.22842
30.23701 30.24514 30.25283 30.26008 30.26687
30.27322 30.27912 30.28456 30.28955 30.29409
30.29817 30.3018 30.30498 30.30769 30.30995
30.31175 30.31309 30.31397 30.31439 30.31434
30.31383 30.31286 30.31142 30.30951 30.30714
30.3043 30.30099 30.29721 30.29295 30.28823
30.28303 30.27736 30.27121 30.26459 30.25749
30.24991 30.24185 30.23332 30.2243 30.2148
30.20482 30.19435 30.1834 30.17197 30.16005
30.14764 30.13474 30.12135 30.10748 30.09311
30.07825 30.0629 30.04705 30.03071 30.01387
29.99654 29.9787 29.96037 29.94154 29.92221
29.90238 29.88204 29.8612 29.83986 29.81801
29.79565 29.77279 29.74942 29.72554 29.70115
29.67625 29.65083 29.62491 29.59847 29.57151
29.54404 29.51605 29.48755 29.45852 29.42898
29.39891 29.36833 29.33722 29.30559 29.27343
29.24075 29.20754 29.1738 29.13954 29.10475
29.06943 29.03357 28.99719 28.96028 28.92286
28.88491 28.84646 28.80749 28.76802 28.72805
28.68758 28.64662 28.60517 28.56324 28.52082
28.47793 28.43456 28.39073 28.34643 28.30168
28.25646 28.21079 28.16468 28.11812 28.07111
28.02368 27.9758 27.92751 27.87878 27.82964
27.78007 27.7301 27.67972 27.62893 27.57774
27.52616 27.47418 27.42181 27.36906 27.31593
27.26243 27.20855 27.1543 27.09968 27.04471
26.98938 26.9337 26.87766 26.82129 26.76457
26.70752 26.65013 26.59242 26.53438 26.47602
26.41734 26.35836 26.29906 26.23946 26.17956
26.11936 26.05887 25.99809 25.93702 25.87568
25.81406 25.75217 25.69 25.62758 25.56489
25.50195 25.43875 25.37531 25.31162 25.24769
25.18353 25.11913 25.0545 24.98965 24.92458
24.85929 24.7938 24.72809 24.66217 24.59606
24.52975 24.46325 24.39656 24.32969 24.26263
24.1954 24.128 24.06043 23.99268 23.92477
23.85669 23.78844 23.72002 23.65143 23.58266
23.51372 23.44462 23.37533 23.30588 23.23625
23.16645 23.09647 23.02632 22.95599 22.88549
22.81482 22.74396 22.67293 22.60172 22.53034
22.45877 22.38703 22.31511 22.24301 22.17073
22.09827 22.02563 21.95281 21.87981 21.80663
21.73326 21.65971 21.58598 21.51207 21.43797
21.36369 21.28923 21.21458 21.13974 21.06472
20.98951 20.91412 20.83854 20.76277 20.68682
20.61067 20.53434 20.45782 20.38111 20.30421
20.22712 20.14984 20.07237 19.99471 19.91686
19.83881 19.76057 19.68214 19.60352 19.5247
19.44569 19.36648 19.28708 19.20748 19.12769
19.0477 18.96752 18.88713 18.80656 18.72578
18.6448 18.56363 18.48226 18.40069 18.31891
18.23694 18.15477 18.0724 17.98982 17.90705
17.82407 17.74089 17.65751 17.57392 17.49013
17.40613 17.32193 17.23753 17.15292 17.06812
16.98312 16.89793 16.81256 16.72702 16.64129
16.5554 16.46935 16.38313 16.29676 16.21024
16.12357 16.03677 15.94983 15.86275 15.77556
15.68824 15.6008 15.51325 15.4256 15.33784
15.24999 15.16204 15.07401 14.98589 14.8977
14.80943 14.72109 14.63269 14.54423 14.45572
14.36715 14.27855 14.1899 14.10122 14.01251
13.92377 13.83501 13.74624 13.65745 13.56866
13.47987 13.39108 13.3023 13.21353 13.12479
13.03606 12.94736 12.85869 12.77006 12.68147
12.59293 12.50444 12.416 12.32763 12.23932
12.15109 12.06292 11.97484 11.88685 11.79894
11.71113 11.62341 11.5358 11.4483 11.36092
11.27365 11.1865 11.09949 11.0126 10.92586
10.83925 10.7528 10.66649 10.58034 10.49436
10.40854 10.32289 10.23742 10.15213 10.06702
9.982104 9.897383 9.812863 9.728547 9.644441
9.560549 9.476877 9.393428 9.31021 9.227236
9.144523 9.062087 8.979945 8.898113 8.816608
8.735445 8.654642 8.574215 8.494179 8.414552
8.335351 8.25659 8.178288 8.100459 8.023121
7.94629 7.869983 7.794216 7.719004 7.644366
7.570316 7.496872 7.42405 7.351866 7.280337
7.209479 7.139309 7.069843 7.001097 6.933088
6.865832 6.799345 6.733645 6.668747 6.604668
6.541424 6.479032 6.417508 6.356868 6.29713
6.238308 6.180421 6.123483 6.067512 6.012524
5.958536 5.905563 5.853623 5.802731 5.752904
5.704158 5.656511 5.609977 5.564575 5.520319
5.477227 5.435315 5.394599 5.355096 5.316822
5.279793 5.244027 5.209539 5.176345 5.144463
5.113909 5.084698 5.056848 5.030375 5.005295
4.981625 4.959381 4.938579 4.919236 4.901369
4.884993 4.870126 4.856783 4.844981 4.834736
4.826065 4.818984 4.81351 4.809659 4.807448
4.806892 4.808008 4.810814 4.815324 4.821556
1.290536 1.292854 1.295151 1.297427 1.299683
1.301916 1.304129 1.30632 1.30849 1.310638
1.312765 1.314869 1.316952 1.319012 1.32105
1.323066 1.32506 1.327031 1.328979 1.330905
1.332807 1.334687 1.336544 1.338377 1.340188
1.341974 1.343737 1.345477 1.347193 1.348885
1.350553 1.352196 1.353816 1.355411 1.356982
1.358528 1.36005 1.361547 1.363019 1.364466
1.365888 1.367284 1.368655 1.370001 1.371322
1.372616 1.373885 1.375128 1.376345 1.377536
1.3787 1.379838 1.38095 1.382035 1.383094
1.384125 1.38513 1.386108 1.387058 1.387982
1.388878 1.389746 1.390587 1.3914 1.392186
1.392943 1.393673 1.394374 1.395047 1.395692
1.396308 1.396896 1.397455 1.397985 1.398486
1.398958 1.399401 1.399815 1.400199 1.400554
1.400879 1.401175 1.40144 1.401676 1.401882
1.402057 1.402202 1.402317 1.402402 1.402455
1.402478 1.40247 1.402432 1.402362 1.402261
1.40213 1.401968 1.401776 1.401554 1.401302
1.401021 1.40071 1.40037 1.400001 1.399603
1.399176 1.398721 1.398238 1.397727 1.397188
1.396622 1.396028 1.395407 1.394759 1.394084
1.393382 1.392655 1.391901 1.391121 1.390315
1.389484 1.388627 1.387745 1.386839 1.385907
1.384951 1.383971 1.382967 1.381938 1.380886
1.37981 1.378712 1.377589 1.376444 1.375277
1.374087 1.372874 1.371639 1.370383 1.369105
1.367805 1.366484 1.365142 1.363779 1.362395
1.360991 1.359567 1.358122 1.356658 1.355174
1.353671 1.352148 1.350606 1.349046 1.347467
1.345869 1.344253 1.342619 1.340967 1.339298
1.337611 1.335907 1.334186 1.332448 1.330694
1.328923 1.327136 1.325332 1.323513 1.321679
1.319829 1.317964 1.316084 1.314189 1.31228
1.310356 1.308418 1.306466 1.3045 1.302521
1.300528 1.298522 1.296504 1.294472 1.292428
1.290371 1.288301 1.286218 1.284121 1.282011
1.279888 1.277751 1.2756 1.273436 1.271257
1.269064 1.266857 1.264635 1.262399 1.260148
1.257882 1.255601 1.253305 1.250994 1.248667
1.246325 1.243967 1.241593 1.239204 1.236798
1.234376 1.231938 1.229483 1.227012 1.224524
1.222019 1.219497 1.216958 1.214401 1.211827
1.209236 1.206627 1.204 1.201355 1.198692
1.196011 1.193312 1.190594 1.187857 1.185102
1.182327 1.179534 1.176722 1.17389 1.171039
1.168168 1.165278 1.162367 1.159437 1.156487
1.153516 1.150525 1.147514 1.144482 1.141429
1.138355 1.13526 1.132144 1.129007 1.125848
1.122668 1.119465 1.116242 1.112996 1.109728
1.106437 1.103125 1.099789 1.096432 1.093051
1.089647 1.086221 1.082771 1.079298 1.075801
1.072281 1.068737 1.065169 1.061577 1.057961
1.054321 1.050656 1.046967 1.043253 1.039515
1.035752 1.031967 1.028159 1.02433 1.020481
1.016613 1.012726 1.008822 1.004901 1.000965
0.9970135 0.9930486 0.9890708 0.9850811 0.9810803
0.9770696 0.9730496 0.9690215 0.964986 0.9609442
0.956897 0.9528452 0.9487899 0.9447319 0.9406721
0.9366115 0.9325511 0.9284917 0.9244342 0.9203797
0.916329 0.912283 0.9082427 0.904209 0.9001828
0.896165 0.8921567 0.8881586 0.8841718 0.8801971
0.8762355 0.8722879 0.8683553 0.8644385 0.8605384
0.8566561 0.8527925 0.8489484 0.8451247 0.8413225
0.8375427 0.8337861 0.8300537 0.8263464 0.8226652
0.8190109 0.8153845 0.811787 0.8082192 0.8046821
0.8011765 0.7977036 0.794264 0.7908589 0.787489
0.7841554 0.7808589 0.7776005 0.7743812 0.7712017
0.7680632 0.7649664 0.7619123 0.7589019 0.755936
0.7530157 0.7501417 0.7473151 0.7445368 0.7418076
0.7391286 0.7365007 0.7339247 0.7314016 0.7289323
0.7265178 0.724159 0.7218567 0.7196121 0.7174258
0.7152982 0.7132284 0.7112154 0.7092583 0.7073562
0.7055081 0.7037131 0.7019703 0.7002786 0.6986372
0.6970452 0.6955015 0.6940053 0.6925556 0.6911515
0.689792 0.6884762 0.6872031 0.6859719 0.6847815
0.6836311 0.6825196 0.6814462 0.68041 0.6794099
0.678445 0.6775144 0.6766172 0.6757524 0.6749191
0.6741164 0.6733432 0.6725987 0.6718819 0.6711919
0.6705277 0.6698884 0.6692731 0.6686809 0.6681107
0.6675616 0.6670328 0.6665232 0.6660319 0.6655581
0.6651006 0.6646587 0.6642314 0.6638177 0.6634166
0.6630274 0.6626489 0.6622803 0.6619206 0.6615689
0.6612243 0.6608858 0.6605525 0.6602234 0.6598976
0.6595741 0.6592521 0.6589305 0.6586085 0.658285
0.6579593 0.6576302 0.6572969 0.6569585 0.656614
0.6562624 0.6559028 0.6555344 0.655156 0.6547669
0.654366 0.6539525 0.6535253 0.6530836 0.6526264
0.6521528 0.6516617 0.6511524 0.6506238 0.650075
0.6495051 0.6489131 0.6482982 0.6476592 0.6469954
0.6463058 0.6455907 0.6448506 0.644086 0.6432976
0.6424859 0.6416515 0.640795 0.6399168 0.6390177
0.6380982 0.6371588 0.6362002 0.6352229 0.6342274
0.6332144 0.6321845 0.6311381 0.6300759 0.6289985
0.6279064 0.6268001 0.6256804 0.6245477 0.6234026
0.6222457 0.6210776 0.6198988 0.6187099 0.6175115
0.6163042 0.6150885 0.613865 0.6126343 0.611397
0.6101536 0.6089047 0.6076509 0.6063927 0.6051308
0.6038656 0.6025979 0.601328 0.6000568 0.5987846
0.597512 0.5962397 0.5949683 0.5936982 0.5924301
0.5911645 0.5899021 0.5886433 0.5873888 0.5861392
0.5848949 0.5836566 0.5824249 0.5812003 0.5799834
0.5787748 0.5775751 0.5763848 0.5752045 0.5740347
0.5728761 0.5717292 0.5705947 0.569473 0.5683647
0.5672704 0.5661908 0.5651263 0.5640776 0.5630451
0.5620296 0.5610315 0.5600514 0.55909 0.5581477
0.5572252 0.5563231 0.5554418 0.554582 0.5537443
0.5529292 0.5521373 0.5513691 0.5506253 0.5499065
0.5492131 0.5485457 0.5479042 0.5472888 0.5466995
0.5461363 0.5455993 0.5450885 0.5446039 0.5441457
0.5437138 0.5433083 0.5429293 0.5425767 0.5422507
0.5419512 0.5416783 0.5414321 0.5412127 0.5410199
0.5408539 0.5407148 0.5406025 0.5405172 0.5404588
0.5404275 0.5404232 0.540446 0.5404959 0.540573
0.5406773 0.5408089 0.5409678 0.5411541 0.5413678
0.5416089 0.5418775 0.5421737 0.5424974 0.5428488
0.5432278 0.5436345 0.544069 0.5445313 0.5450214
0.5455394 0.5460853 0.5466592 0.5472612 0.5478911
0.5485492 0.5492355 0.5499499 0.5506925 0.5514635
0.5522627 0.5530904 0.5539464 0.5548309 0.5557439
0.5566854 0.5576556 0.5586543 0.5596817 0.5607379
0.5618228 0.5629365 0.5640791 0.5652505 0.5664509
0.5676803 0.5689387 0.5702261 0.5715427 0.5728884
0.5742634 0.5756676 0.577101 0.5785638 0.580056
0.5815776 0.5831286 0.5847092 0.5863193 0.587959
0.5896283 0.5913274 0.5930561 0.5948146 0.596603
0.5984212 0.6002692 0.6021468 0.604053 0.6059874
0.607949 0.6099374 0.6119516 0.6139911 0.6160551
0.618143 0.6202539 0.6223873 0.6245424 0.6267185
0.6289149 0.6311309 0.6333658 0.6356188 0.6378894
0.6401767 0.6424801 0.6447989 0.6471323 0.6494797
0.6518403 0.6542135 0.6565986 0.6589947 0.6614014
0.6638177 0.6662431 0.6686768 0.6711181 0.6735663
0.6760207 0.6784806 0.6809454 0.6834142 0.6858864
0.6883613 0.6908382 0.6933163 0.695795 0.6982736
0.7007513 0.7032275 0.7057015 0.7081725 0.7106398
0.7131028 0.7155607 0.7180128 0.7204584 0.7228969
0.7253275 0.7277495 0.7301622 0.7325649 0.7349569
0.7373374 0.7397059 0.7420615 0.7444037 0.7467316
0.7490445 0.7513418 0.7536228 0.7558867 0.7581329
0.7603606 0.7625692 0.7647579 0.766926 0.7690728
0.7711977 0.7732999 0.7753787 0.7774334 0.7794633
0.7814676 0.7834458 0.7853971 0.7873207 0.7892161
0.7910824 0.7929189 0.7947251 0.7965 0.7982432
0.7999538 0.8016311 0.8032748 0.8048856 0.8064642
0.8080116 0.8095287 0.8110162 0.8124752 0.8139064
0.8153107 0.816689 0.8180422 0.8193711 0.8206767
0.8219597 0.8232211 0.8244617 0.8256823 0.826884
0.8280674 0.8292336 0.8303834 0.8315175 0.8326371
0.8337427 0.8348355 0.8359162 0.8369856 0.8380448
0.8390944 0.8401355 0.8411689 0.8421954 0.8432159
0.8442314 0.8452426 0.8462504 0.8472557 0.8482594
0.8492623 0.8502654 0.8512694 0.8522753 0.853284
0.8542962 0.8553129 0.8563349 0.8573632 0.8583985
0.8594418 0.8604939 0.8615557 0.862628 0.8637118
0.8648079 0.8659172 0.8670405 0.8681787 0.8693327
0.8705034 0.8716916 0.8728982 0.8741241 0.8753701
0.8766371 0.877926 0.8792377 0.880573 0.8819327
0.8833179 0.8847292 0.8861677 0.8876342 0.8891295
0.8906545 0.8922101 0.8937971 0.8954165 0.8970691
0.8987558 0.9004774 0.9022348 0.9040289 0.9058605
0.9077306 0.90964 0.9115895 0.9135801 0.9156126
0.9176878 0.9198067 0.9219701 0.9241779 0.9264293
0.9287234 0.9310592 0.9334358 0.9358523 0.9383079
0.9408015 0.9433323 0.9458994 0.9485018 0.9511386
0.953809 0.9565119 0.9592466 0.962012 0.9648073
0.9676316 0.9704839 0.9733633 0.9762689 0.9791998
0.9821551 0.9851339 0.9881352 0.9911581 0.9942018
0.9972653 1.000348 1.003448 1.006566 1.009699
1.012848 1.016011 1.019188 1.022377 1.025578
1.028789 1.03201 1.03524 1.038478 1.041723
1.044974 1.04823 1.051491 1.054755 1.058021
1.061289 1.064557 1.067826 1.071093 1.074358
1.077619 1.080877 1.08413 1.087378 1.090618
1.093851 1.097076 1.100291 1.103496 1.106689
1.10987 1.113039 1.116193 1.119332 1.122456
1.125563 1.128652 1.131722 1.134773 1.137804
1.140813 1.143801 1.146765 1.149705 1.15262
1.155509 1.158371 1.161206 1.164012 1.166788
1.169534 1.172249 1.174932 1.177581 1.180196
1.182776 1.185321 1.187828 1.190298 1.192731
1.195127 1.197488 1.199814 1.202105 1.204364
1.206589 1.208783 1.210946 1.213078 1.21518
1.217253 1.219299 1.221316 1.223307 1.225272
1.227212 1.229127 1.231018 1.232886 1.234732
1.236557 1.23836 1.240144 1.241908 1.243654
1.245381 1.247092 1.248786 1.250465 1.252128
1.253778 1.255414 1.257037 1.258649 1.260249
1.261839 1.263419 1.26499 1.266553 1.268108
1.269656 1.271199 1.272736 1.274269 1.275798
1.277324 1.278847 1.280369 1.281891 1.283412
1.284933 1.286457 1.287982 1.28951 1.291042
1.292578 1.294119 1.295666 1.297219 1.29878
1.300349 1.301927 1.303514 1.305111 1.30672
1.30834 1.309973 1.311619 1.313279 1.314953
1.316644 1.31835 1.320073 1.321814 1.323573
1.325352 1.32715 1.328969 1.33081 1.332672
1.334557 1.336466 1.3384 1.340358 1.342342
1.344353 1.346391 1.348457 1.350552 1.352676
1.30497 1.307069 1.309031 1.310856 1.312547
1.314104 1.315529 1.316821 1.317983 1.319016
1.31992 1.320697 1.321347 1.321872 1.322273
1.322551 1.322707 1.322741 1.322656 1.322453
1.322131 1.321693 1.321139 1.32047 1.319689
1.318794 1.317789 1.316673 1.315448 1.314115
1.312675 1.311129 1.309478 1.307723 1.305865
1.303906 1.301846 1.299687 1.297429 1.295074
1.292623 1.290076 1.287435 1.284701 1.281875
1.278958 1.275951 1.272856 1.269672 1.266402
1.263047 1.259606 1.256083 1.252477 1.248789
1.245022 1.241175 1.23725 1.233248 1.22917
1.225018 1.220791 1.216492 1.212121 1.207679
1.203168 1.198589 1.193942 1.189229 1.18445
1.179607 1.174702 1.169734 1.164705 1.159617
1.154469 1.149264 1.144002 1.138685 1.133313
1.127888 1.12241 1.116881 1.111302 1.105673
1.099996 1.094273 1.088503 1.082689 1.076831
1.07093 1.064987 1.059004 1.052981 1.046918
1.040816 1.034674 1.028492 1.022271 1.016009
1.009708 1.003367 0.9969856 0.9905644 0.9841031
0.9776018 0.9710604 0.9644788 0.9578569 0.9511948
0.9444924 0.9377497 0.9309666 0.9241431 0.9172791
0.9103746 0.9034295 0.8964439 0.8894176 0.8823507
0.875243 0.8680946 0.8609054 0.8536754 0.8464045
0.8390926 0.8317398 0.8243461 0.8169112 0.8094353
0.8019182 0.79436 0.7867606 0.7791199 0.7714379
0.7637146 0.7559499 0.7481438 0.7402962 0.7324072
0.7244766 0.7165044 0.7084906 0.7004351 0.6923379
0.6841989 0.6760182 0.6677957 0.6595312 0.6512249
0.6428766 0.6344862 0.6260539 0.6175795 0.6090629
0.6005042 0.5919033 0.5832601 0.5745746 0.5658469
0.5570767 0.5482641 0.5394091 0.5305116 0.5215715
0.5125889 0.5035636 0.4944957 0.485385 0.4762317
0.4670355 0.4577965 0.4485147 0.4391899 0.4298222
0.4204114 0.4109577 0.4014609 0.3919209 0.3823378
0.3727115 0.3630419 0.3533291 0.343573 0.3337741
0.3239339 0.3140535 0.3041343 0.2941775 0.2841845
0.2741565 0.2640948 0.2540007 0.2438755 0.2337205
0.2235369 0.2133261 0.2030894 0.192828 0.1825432
0.1722363 0.1619087 0.1515615 0.1411961 0.1308138
0.1204159 0.1100036 0.09957829 0.08914118 0.0786936
0.06823682 0.05777215 0.04730086 0.03682426 0.02634362
0.01586023 0.005375399 -0.005109601 -0.01559348 -0.02607494
-0.03655269 -0.04702546 -0.05749194 -0.06795085 -0.0784009
-0.0888408 -0.09926925 -0.109685 -0.1200867 -0.1304731
-0.1408429 -0.1511948 -0.1615276 -0.1718399 -0.1821304
-0.1923979 -0.202641 -0.2128585 -0.2230492 -0.2332116
-0.2433445 -0.2534467 -0.2635167 -0.2735535 -0.2835555
-0.2935217 -0.3034506 -0.313341 -0.3231916 -0.3330011
-0.3427682 -0.3524916 -0.3621701 -0.3718023 -0.381387
-0.3909229 -0.4004086 -0.4098429 -0.4192246 -0.4285522
-0.4378246 -0.4470404 -0.4561984 -0.4652972 -0.4743355
-0.4833122 -0.4922258 -0.5010752 -0.5098589 -0.5185758
-0.5272245 -0.5358037 -0.5443122 -0.5527486 -0.561112
-0.5694026 -0.5776212 -0.5857684 -0.5938451 -0.6018518
-0.6097893 -0.6176583 -0.6254596 -0.6331938 -0.6408618
-0.648464 -0.6560014 -0.6634746 -0.6708844 -0.6782313
-0.6855163 -0.6927399 -0.6999029 -0.707006 -0.7140499
-0.7210353 -0.727963 -0.7348337 -0.741648 -0.7484068
-0.7551106 -0.7617603 -0.7683565 -0.7748999 -0.7813913
-0.7878314 -0.7942209 -0.8005605 -0.806851 -0.813093
-0.8192872 -0.8254344 -0.8315353 -0.8375906 -0.843601
-0.8495673 -0.8554901 -0.8613701 -0.8672081 -0.8730049
-0.878761 -0.8844772 -0.8901543 -0.895793 -0.9013939
-0.9069577 -0.9124853 -0.9179773 -0.9234344 -0.9288574
-0.9342469 -0.9396037 -0.9449284 -0.9502219 -0.9554848
-0.9607178 -0.9659217 -0.9710971 -0.9762448 -0.9813655
-0.9864599 -0.9915287 -0.9965726 -1.001592 -1.006589
-1.011562 -1.016514 -1.021444 -1.026354 -1.031244
-1.036115 -1.040967 -1.045802 -1.050619 -1.055421
-1.060206 -1.064977 -1.069734 -1.074477 -1.079208
-1.083927 -1.088634 -1.093331 -1.098018 -1.102695
-1.107364 -1.112024 -1.116673 -1.121312 -1.125939
-1.130555 -1.135158 -1.139748 -1.144325 -1.148888
-1.153436 -1.157968 -1.162485 -1.166985 -1.171468
-1.175934 -1.180381 -1.18481 -1.189219 -1.193608
-1.197976 -1.202324 -1.20665 -1.210953 -1.215233
-1.21949 -1.223723 -1.227932 -1.232115 -1.236272
-1.240403 -1.244507 -1.248583 -1.252631 -1.256651
-1.260641 -1.264601 -1.268531 -1.272429 -1.276296
-1.280131 -1.283933 -1.287701 -1.291436 -1.295136
-1.298801 -1.30243 -1.306023 -1.309578 -1.313097
-1.316577 -1.320019 -1.323421 -1.326783 -1.330105
-1.333387 -1.336626 -1.339823 -1.342978 -1.346089
-1.349157 -1.35218 -1.355157 -1.358089 -1.360975
-1.363814 -1.366606 -1.36935 -1.372045 -1.37469
-1.377287 -1.379832 -1.382327 -1.38477 -1.387162
-1.3895 -1.391785 -1.394017 -1.396194 -1.398316
-1.400382 -1.402393 -1.404346 -1.406242 -1.40808
-1.40986 -1.411581 -1.413242 -1.414842 -1.416382
-1.417861 -1.419278 -1.420636 -1.421934 -1.423174
-1.424356 -1.425482 -1.426551 -1.427566 -1.428526
-1.429434 -1.430288 -1.431091 -1.431843 -1.432545
-1.433197 -1.433802 -1.434358 -1.434869 -1.435333
-1.435752 -1.436127 -1.436459 -1.436748 -1.436995
-1.437202 -1.437369 -1.437496 -1.437585 -1.437637
-1.437652 -1.437631 -1.437575 -1.437485 -1.437362
-1.437206 -1.437018 -1.4368 -1.436552 -1.436274
-1.435969 -1.435636 -1.435276 -1.43489 -1.43448
-1.434045 -1.433587 -1.433106 -1.432604 -1.432081
-1.431539 -1.430977 -1.430397 -1.429799 -1.429185
-1.428555 -1.42791 -1.427251 -1.426578 -1.425894
-1.425197 -1.42449 -1.423773 -1.423047 -1.422313
-1.421571 -1.420823 -1.420069 -1.41931 -1.418547
-1.417781 -1.417012 -1.416242 -1.415471 -1.4147
-1.41393 -1.413162 -1.412397 -1.411635 -1.410877
-1.410124 -1.409378 -1.408638 -1.407906 -1.407182
-1.406468 -1.405763 -1.40507 -1.404389 -1.40372
-1.403064 -1.402423 -1.401794 -1.401177 -1.40057
-1.399973 -1.399383 -1.398801 -1.398225 -1.397654
-1.397086 -1.396521 -1.395957 -1.395393 -1.394829
-1.394263 -1.393693 -1.393119 -1.39254 -1.391954
-1.39136 -1.390758 -1.390146 -1.389522 -1.388886
-1.388237 -1.387574 -1.386894 -1.386198 -1.385484
-1.384751 -1.383998 -1.383223 -1.382426 -1.381605
-1.38076 -1.379889 -1.37899 -1.378064 -1.377108
-1.376121 -1.375104 -1.374053 -1.372969 -1.371849
-1.370694 -1.369501 -1.36827 -1.366999 -1.365688
-1.364335 -1.362938 -1.361498 -1.360013 -1.358481
-1.356902 -1.355274 -1.353596 -1.351868 -1.350087
-1.348254 -1.346366 -1.344422 -1.342422 -1.340365
-1.338248 -1.336071 -1.333834 -1.331534 -1.32917
-1.326742 -1.324249 -1.321688 -1.31906 -1.316363
-1.313595 -1.310756 -1.307844 -1.304859 -1.301799
-1.298664 -1.295451 -1.29216 -1.28879 -1.285339
-1.281806 -1.278191 -1.274492 -1.270708 -1.266838
-1.262881 -1.258835 -1.254702 -1.250482 -1.246177
-1.241789 -1.237319 -1.232769 -1.22814 -1.223433
-1.21865 -1.213793 -1.208863 -1.203861 -1.19879
-1.19365 -1.188442 -1.18317 -1.177833 -1.172434
-1.166973 -1.161453 -1.155875 -1.15024 -1.144551
-1.138807 -1.133011 -1.127165 -1.12127 -1.115327
-1.109337 -1.103303 -1.097226 -1.091107 -1.084947
-1.078749 -1.072514 -1.066243 -1.059937 -1.053599
-1.04723 -1.04083 -1.034402 -1.027948 -1.021468
-1.014964 -1.008437 -1.00189 -0.9953232 -0.9887386
-0.9821375 -0.9755214 -0.9688918 -0.9622503 -0.9555982
-0.9489371 -0.9422685 -0.9355938 -0.9289146 -0.9222323
-0.9155484 -0.9088644 -0.9021818 -0.8955021 -0.8888267
-0.8821572 -0.8754951 -0.8688417 -0.8621987 -0.8555675
-0.8489496 -0.8423464 -0.8357595 -0.8291904 -0.8226405
-0.8161113 -0.8096043 -0.803121 -0.796663 -0.7902315
-0.7838283 -0.7774547 -0.7711122 -0.7648024 -0.7585267
-0.7522865 -0.7460835 -0.739919 -0.7337946 -0.7277117
-0.7216719 -0.7156766 -0.7097266 -0.7038209 -0.6979578
-0.6921357 -0.6863531 -0.6806083 -0.6748999 -0.6692262
-0.6635857 -0.6579767 -0.6523978 -0.6468472 -0.6413235
-0.6358251 -0.6303504 -0.6248977 -0.6194657 -0.6140525
-0.6086568 -0.6032768 -0.5979111 -0.592558 -0.5872159
-0.5818834 -0.5765588 -0.5712405 -0.565927 -0.5606167
-0.5553079 -0.5499992 -0.544689 -0.5393756 -0.5340575
-0.5287331 -0.5234008 -0.5180592 -0.5127065 -0.5073412
-0.5019617 -0.4965665 -0.4911539 -0.4857225 -0.4802706
-0.4747966 -0.469299 -0.4637761 -0.4582265 -0.4526485
-0.4470405 -0.4414011 -0.4357285 -0.4300212 -0.4242777
-0.4184964 -0.4126756 -0.4068139 -0.4009096 -0.3949611
-0.3889669 -0.3829254 -0.3768351 -0.3706943 -0.3645014
-0.358255 -0.3519533 -0.3455949 -0.3391781 -0.3327015
-0.3261633 -0.3195621 -0.3128962 -0.306164 -0.2993641
-0.2924948 -0.2855545 -0.2785417 -0.2714547 -0.2642921
-0.2570522 -0.2497334 -0.2423342 -0.234853 -0.2272882
-0.2196383 -0.2119016 -0.2040766 -0.1961618 -0.1881554
-0.180056 -0.171862 -0.1635718 -0.1551857 -0.1467055
-0.1381332 -0.1294705 -0.1207196 -0.1118822 -0.1029603
-0.09395574 -0.08487056 -0.07570661 -0.06646581 -0.05715008
-0.04776133 -0.03830149 -0.02877246 -0.01917617 -0.00951452
0.0002105611 0.009997161 0.01984336 0.02974725 0.03970691
0.04972043 0.05978588 0.06990135 0.08006493 0.0902747
0.1005287 0.1108252 0.121162 0.1315374 0.1419493
0.152396 0.1628755 0.1733858 0.183925 0.1944913
0.2050827 0.2156973 0.2263332 0.2369884 0.2476611
0.2583493 0.2690512 0.2797647 0.290488 0.3012192
0.3119564 0.3226975 0.3334408 0.3441843 0.3549261
0.3656643 0.3763969 0.387122 0.3978378 0.4085423
0.4192336 0.4299097 0.4405688 0.451209 0.4618282
0.4724247 0.4829965 0.4935416 0.5040583 0.5145444
0.5249982 0.5354177 0.545801 0.5561462 0.5664514
0.5767146 0.5869339 0.5971074 0.6072333 0.6173095
0.6273342 0.6373055 0.6472214 0.65708 0.6668794
0.6766177 0.686293 0.6959033 0.7054468 0.7149215
0.7243255 0.7336569 0.7429138 0.7520943 0.7611973
0.7702216 0.7791662 0.78803 0.796812 0.8055109
0.8141259 0.8226557 0.8310994 0.8394558 0.8477239
0.8559026 0.8639908 0.8719874 0.8798914 0.8877017
0.8954172 0.9030368 0.9105595 0.9179841 0.9253097
0.9325351 0.9396592 0.9466811 0.9535995 0.9604134
0.9671218 0.9737236 0.9802176 0.9866029 0.9928783
0.9990428 1.005095 1.011035 1.01686 1.02257
1.028163 1.03364 1.038998 1.044236 1.049353
1.054349 1.059222 1.063972 1.068596 1.073095
1.077466 1.081709 1.085823 1.089807 1.093659
1.097378 1.100965 1.104416 1.107732 1.110911
1.113953 1.116855 1.119617 1.122239 1.124718
1.127054 1.129246 1.131292 1.133192 1.134944
1.136548 1.138002 1.139305 1.140456 1.141455
1.142299 1.142989 1.143522 1.143898 1.144116
1.144174 1.144072 1.143809 1.143383 1.142793
1.142038 1.141118 1.140031 1.138775 1.137351
1.135756 1.133991 1.132053 1.129942 1.127656
-1.247559 -1.155007 -1.064665 -0.9765067 -0.890507
-0.8066394 -0.7248778 -0.6451961 -0.5675683 -0.4919683
-0.41837 -0.3467473 -0.2770741 -0.2093245 -0.1434722
-0.07949127 -0.01735556 0.04296097 0.1014844 0.1582408
0.2132563 0.266557 0.3181689 0.368118 0.4164305
0.4631325 0.50825 0.5518092 0.593836 0.6343565
0.6733969 0.7109832 0.7471415 0.7818979 0.8152784
0.8473091 0.8780162 0.9074256 0.9355635 0.9624559
0.9881289 1.012609 1.035921 1.058092 1.079149
1.099116 1.11802 1.135887 1.152744 1.168616
1.183529 1.19751 1.210584 1.222778 1.234118
1.244629 1.254339 1.263272 1.271455 1.278914
1.285676 1.291765 1.297209 1.302033 1.306264
1.309927 1.313049 1.315656 1.317773 1.319427
1.320645 1.321451 1.321872 1.321934 1.321664
1.321087 1.320229 1.319117 1.317776 1.316233
1.314513 1.312644 1.31065 1.308558 1.306394
1.304184 1.301955 1.299731 1.29754 1.295408
1.293359 1.291422 1.289621 1.287976 1.286487
1.285147 1.283952 1.282897 1.281974 1.281181
1.28051 1.279956 1.279515 1.27918 1.278946
1.278809 1.278761 1.278799 1.278916 1.279107
1.279367 1.279691 1.280072 1.280506 1.280987
1.28151 1.282069 1.282659 1.283275 1.28391
1.284561 1.28522 1.285883 1.286545 1.2872
1.287842 1.288467 1.289068 1.289641 1.290179
1.290679 1.291133 1.291537 1.291886 1.292173
1.292394 1.292543 1.292615 1.292603 1.292504
1.292311 1.29202 1.291624 1.291118 1.290497
1.289755 1.288887 1.287888 1.286753 1.285474
1.284049 1.28247 1.280732 1.278831 1.276761
1.274516 1.27209 1.269479 1.266678 1.26368
1.26048 1.257073 1.253453 1.249615 1.245555
1.241265 1.236741 1.231977 1.226968 1.221709
1.216194 1.210418 1.204375 1.19806 1.191468
1.184592 1.177429 1.169971 1.162215 1.154153
1.145782 1.137096 1.128089 1.118755 1.109096
1.099116 1.088822 1.078217 1.067309 1.056102
1.044603 1.032816 1.020748 1.008403 0.9957881
0.9829081 0.9697687 0.9563754 0.9427338 0.9288496
0.9147281 0.9003751 0.8857961 0.8709966 0.8559822
0.8407585 0.825331 0.8097053 0.793887 0.7778817
0.7616948 0.745332 0.7287988 0.7121008 0.6952436
0.6782327 0.6610736 0.6437721 0.6263335 0.6087635
0.5910677 0.5732516 0.5553208 0.5372808 0.5191372
0.5008956 0.4825616 0.4641406 0.4456383 0.4270602
0.408412 0.3896991 0.3709271 0.3521017 0.3332282
0.3143124 0.2953598 0.276376 0.2573665 0.2383368
0.2192926 0.2002395 0.1811829 0.1621284 0.1430816
0.1240482 0.1050335 0.08604331 0.06708306 0.04815833
0.02927471 0.01043775 -0.008346984 -0.02707392 -0.0457375
-0.06433215 -0.08285231 -0.1012924 -0.1196469 -0.1379102
-0.1560767 -0.174141 -0.1920973 -0.2099402 -0.2276641
-0.2452635 -0.2627327 -0.2800661 -0.2972583 -0.3143037
-0.3311967 -0.3479317 -0.3645032 -0.3809055 -0.397134
-0.4131878 -0.4290671 -0.4447725 -0.4603041 -0.4756624
-0.4908478 -0.5058606 -0.5207012 -0.5353699 -0.5498671
-0.5641932 -0.5783484 -0.5923333 -0.6061481 -0.6197931
-0.6332689 -0.6465757 -0.6597138 -0.6726837 -0.6854857
-0.6981201 -0.7105874 -0.7228879 -0.7350219 -0.7469898
-0.758792 -0.7704288 -0.7819007 -0.7932078 -0.8043507
-0.8153296 -0.826145 -0.8367972 -0.8472865 -0.8576134
-0.8677781 -0.8777811 -0.8876227 -0.8973032 -0.906823
-0.9161826 -0.9253821 -0.9344221 -0.9433029 -0.9520247
-0.9605881 -0.9689933 -0.9772407 -0.9853307 -0.9932636
-1.00104 -1.00866 -1.016124 -1.023432 -1.030585
-1.037583 -1.044426 -1.051116 -1.057651 -1.064033
-1.070262 -1.076338 -1.082262 -1.088034 -1.093654
-1.099123 -1.104441 -1.109609 -1.114626 -1.119493
-1.124211 -1.128779 -1.133199 -1.137471 -1.141594
-1.14557 -1.149399 -1.15308 -1.156615 -1.160004
-1.163246 -1.166344 -1.169296 -1.172103 -1.174766
-1.177285 -1.17966 -1.181891 -1.18398 -1.185926
-1.187729 -1.189387 -1.190899 -1.192262 -1.193474
-1.194535 -1.195442 -1.196194 -1.196788 -1.197222
-1.197496 -1.197607 -1.197554 -1.197334 -1.196946
-1.196388 -1.195658 -1.194755 -1.193676 -1.19242
-1.190985 -1.18937 -1.187572 -1.185589 -1.183421
-1.181064 -1.178518 -1.175781 -1.17285 -1.169724
-1.166401 -1.162879 -1.159157 -1.155233 -1.151104
-1.14677 -1.142228 -1.137476 -1.132514 -1.127338
-1.121948 -1.11634 -1.110515 -1.104469 -1.098201
-1.091709 -1.084992 -1.078047 -1.070873 -1.063468
-1.055831 -1.047958 -1.03985 -1.031503 -1.022916
-1.014087 -1.005015 -0.9956975 -0.9861328 -0.9763192
-0.9662548 -0.9559378 -0.9453666 -0.9345391 -0.9234538
-0.9121087 -0.9005022 -0.8886323 -0.8764973 -0.8640954
-0.8514248 -0.8384837 -0.8252703 -0.8117829 -0.7980195
-0.7839785 -0.7696581 -0.7550563 -0.7401715 -0.7250019
-0.7095456 -0.6938008 -0.6777658 -0.6614388 -0.6448179
-0.6279015 -0.6106876 -0.5931744 -0.5753603 -0.5572434
-0.5388227 -0.520104 -0.5010961 -0.4818079 -0.4622482
-0.4424259 -0.4223498 -0.4020287 -0.3814716 -0.3606873
-0.3396846 -0.3184725 -0.2970596 -0.2754549 -0.2536673
-0.2317056 -0.2095787 -0.1872953 -0.1648644 -0.1422948
-0.1195954 -0.09677502 -0.07384249 -0.05080669 -0.02767646
-0.00446066 0.01883186 0.04219224 0.06561164 0.08908119
0.1125921 0.1361354 0.1597023 0.1832839 0.2068715
0.2304561 0.2540289 0.277581 0.3011036 0.3245878
0.3480249 0.3714058 0.3947218 0.417964 0.4411236
0.4641917 0.4871595 0.5100181 0.5327586 0.5553722
0.5778501 0.6001834 0.6223632 0.6443807 0.666227
0.6878933 0.7093708 0.7306505 0.7517237 0.7725814
0.7932148 0.8136151 0.8337735 0.8536809 0.8733287
0.892708 0.9118098 0.9306254 0.9491459 0.9673624
0.9852662 1.002848 1.0201 1.037012 1.053576
1.069783 1.085624 1.10109 1.116172 1.130862
1.145151 1.15903 1.172489 1.185521 1.198116
1.210265 1.22196 1.233191 1.24395 1.254229
1.264017 1.273311 1.282116 1.290437 1.29828
1.305652 1.312558 1.319004 1.324996 1.330541
1.335644 1.340311 1.344548 1.348361 1.351757
1.35474 1.357317 1.359495 1.361278 1.362673
1.363686 1.364323 1.364589 1.364492 1.364036
1.363228 1.362073 1.360578 1.358749 1.356591
1.354111 1.351315 1.348208 1.344796 1.341086
1.337083 1.332793 1.328223 1.323378 1.318265
1.312888 1.307255 1.301371 1.295242 1.288874
1.282274 1.275446 1.268397 1.261134 1.253661
1.245985 1.238112 1.230048 1.221799 1.21337
1.204768 1.195999 1.187069 1.177983 1.168748
1.15937 1.149854 1.140206 1.130433 1.120541
1.110535 1.100421 1.090206 1.079895 1.069495
1.05901 1.048448 1.037815 1.027115 1.016355
1.005542 0.9946807 0.9837774 0.9728382 0.9618689
0.9508756 0.9398643 0.9288408 0.9178112 0.9067814
0.8957574 0.8847452 0.8737507 0.8627799 0.8518388
0.8409334 0.8300692 0.819249 0.8084728 0.797741
0.7870539 0.7764117 0.7658146 0.7552629 0.7447568
0.7342967 0.7238827 0.7135151 0.7031941 0.69292
0.6826931 0.6725136 0.6623818 0.6522979 0.6422621
0.6322747 0.622336 0.6124462 0.6026056 0.5928144
0.5830729 0.5733813 0.5637398 0.5541488 0.5446085
0.5351191 0.5256808 0.516294 0.5069589 0.4976758
0.4884448 0.4792662 0.4701403 0.4610674 0.4520477
0.4430814 0.4341688 0.4253101 0.4165057 0.4077557
0.3990604 0.39042 0.3818349 0.3733052 0.3648312
0.3564132 0.3480514 0.3397461 0.3314975 0.3233058
0.3151714 0.3070944 0.2990751 0.2911139 0.2832108
0.2753662 0.2675804 0.2598535 0.2521859 0.2445777
0.2370293 0.2295408 0.2221126 0.2147449 0.207438
0.200192 0.1930073 0.185884 0.1788225 0.171823
0.1648858 0.158011 0.151199 0.1444501 0.1377643
0.1311421 0.1245837 0.1180892 0.111659 0.1052933
0.09899244 0.09275655 0.08658593 0.08048083 0.07444151
0.06846821 0.06256118 0.05671965 0.05093956 0.0452162
0.03954485 0.03392082 0.02833939 0.02279585 0.01728549
0.01180361 0.006345492 0.0009064286 -0.004518289 -0.009933371
-0.01534353 -0.02075346 -0.02616789 -0.03159152 -0.03702905
-0.04248521 -0.0479647 -0.05347222 -0.05901249 -0.06459021
-0.0702101 -0.07587687 -0.08159522 -0.08736986 -0.0932055
-0.09910685 -0.1050786 -0.1111255 -0.1172523 -0.1234636
-0.1297641 -0.1361586 -0.1426518 -0.1492484 -0.1559531
-0.1627706 -0.1697056 -0.1767628 -0.1839469 -0.1912627
-0.1987148 -0.206308 -0.214047 -0.2219364 -0.2299811
-0.2381856 -0.2465547 -0.2550932 -0.2638056 -0.2726968
-0.2817715 -0.2910343 -0.3004899 -0.3101431 -0.3199986
-0.3300611 -0.3403353 -0.3508259 -0.3615377 -0.3724752
-0.3836433 -0.3950466 -0.4066899 -0.4185778 -0.4307151
-0.4431065 -0.4557567 -0.4686704 -0.4818522 -0.4953071
-0.5090395 -0.5230543 -0.5373561 -0.5519496 -0.5668397
-0.5820309 -0.597528 -0.6133357 -0.6294587 -0.6459017
-0.6626694 -0.6797665 -0.6971978 -0.7149679 -0.7330816
-0.7515436 -0.7703585 -0.7895306 -0.8090536 -0.8289104
-0.8490839 -0.8695567 -0.8903115 -0.9113311 -0.9325981
-0.9540952 -0.9758051 -0.9977106 -1.019794 -1.042039
-1.064427 -1.086942 -1.109565 -1.13228 -1.15507
-1.177917 -1.200804 -1.223713 -1.246627 -1.269529
-1.292402 -1.315228 -1.337991 -1.360671 -1.383254
-1.40572 -1.428053 -1.450236 -1.472251 -1.494081
-1.515708 -1.537116 -1.558287 -1.579203 -1.599848
-1.620204 -1.640254 -1.65998 -1.679365 -1.698393
-1.717045 -1.735304 -1.753153 -1.770575 -1.787552
-1.804068 -1.820104 -1.835643 -1.850669 -1.865164
-1.87911 -1.892491 -1.905289 -1.917486 -1.929066
-1.94001 -1.950303 -1.959926 -1.968862 -1.977094
-1.984605 -1.991377 -1.997393 -2.002635 -2.007087
-2.010731 -2.01355 -2.015526 -2.016643 -2.016882
-2.016227 -2.01466 -2.012164 -2.008722 -2.004316
-1.998929 -1.992544 -1.985144 -1.97671 -1.967227
-1.956676 -1.94504 -1.932302 -1.918445 -1.903451
-1.887304 -1.869985 -1.851477 -1.831773 -1.810908
-1.788931 -1.765892 -1.741839 -1.716821 -1.690888
-1.664088 -1.636471 -1.608086 -1.578982 -1.549208
-1.518813 -1.487846 -1.456356 -1.424393 -1.392005
-1.359241 -1.326151 -1.292784 -1.259188 -1.225414
-1.191509 -1.157523 -1.123505 -1.089505 -1.05557
-1.021751 -0.988097 -0.954656 -0.9214777 -0.888611
-0.8561051 -0.8240091 -0.792372 -0.761243 -0.730671
-0.7007053 -0.6713949 -0.6427889 -0.6149363 -0.5878862
-0.5616878 -0.5363902 -0.5120423 -0.4886933 -0.4663923
-0.4451884 -0.4251306 -0.4062681 -0.3886498 -0.372325
-0.3573427 -0.343752 -0.3316019 -0.3209416 -0.3118201
-0.3042865 -0.29839 -0.2941795 -0.2917043 -0.2910133
-0.2921556 -0.2951804 -0.3001367 -0.3070737 -0.3160403
-0.3270857 -0.3402589 -0.3556092 -0.3731854 -0.3930368
-0.4152124 -0.4397613 -0.4667326 -0.4961754 -0.5281387
-0.5626716 -0.5998233 -0.6396428 -0.6821792 -0.7274815
-0.775599 -0.8265806 -0.8804754 -0.9373326 -0.9972012
-1.06013 -1.126169 -1.195366 -1.267771 -1.343433
-0.8444916 -0.8550369 -0.8649066 -0.8741085 -0.8826504
-0.8905403 -0.8977859 -0.9043951 -0.9103757 -0.9157356
-0.9204826 -0.9246244 -0.9281691 -0.9311243 -0.933498
-0.935298 -0.9365321 -0.9372081 -0.9373339 -0.9369173
-0.9359662 -0.9344884 -0.9324917 -0.9299839 -0.926973
-0.9234667 -0.9194729 -0.9149995 -0.9100541 -0.9046448
-0.8987793 -0.8924654 -0.885711 -0.878524 -0.8709121
-0.8628833 -0.8544453 -0.845606 -0.8363732 -0.8267547
-0.8167585 -0.8063922 -0.7956639 -0.7845812 -0.7731521
-0.7613844 -0.7492858 -0.7368643 -0.7241277 -0.7110839
-0.6977406 -0.6841056 -0.6701869 -0.6559923 -0.6415296
-0.6268067 -0.6118313 -0.5966113 -0.5811546 -0.565469
-0.5495622 -0.5334423 -0.517117 -0.5005941 -0.4838814
-0.4669869 -0.4499184 -0.4326836 -0.4152904 -0.3977467
-0.3800603 -0.362239 -0.3442907 -0.3262232 -0.3080443
-0.2897619 -0.2713838 -0.2529179 -0.2343719 -0.2157538
-0.1970714 -0.1783324 -0.1595448 -0.1407163 -0.1218549
-0.1029683 -0.08406438 -0.06515098 -0.04623593 -0.02732708
-0.008432255 0.0104407 0.02928396 0.04809102 0.06685979
0.08558914 0.1042779 0.1229249 0.1415291 0.1600892
0.1786041 0.1970726 0.2154937 0.2338661 0.2521886
0.2704603 0.2886798 0.306846 0.3249578 0.3430141
0.3610136 0.3789552 0.3968378 0.4146602 0.4324213
0.4501199 0.4677548 0.485325 0.5028291 0.5202662
0.537635 0.5549344 0.5721632 0.5893204 0.6064046
0.6234148 0.6403498 0.6572085 0.6739898 0.6906923
0.7073151 0.723857 0.7403167 0.7566932 0.7729853
0.7891918 0.8053116 0.8213436 0.8372865 0.8531392
0.8689007 0.8845696 0.900145 0.9156255 0.9310101
0.9462976 0.9614869 0.9765768 0.9915661 1.006454
1.021238 1.035919 1.050495 1.064964 1.079326
1.093579 1.107723 1.121755 1.135675 1.149483
1.163175 1.176753 1.190213 1.203556 1.21678
1.229883 1.242865 1.255725 1.268461 1.281073
1.293558 1.305916 1.318147 1.330247 1.342218
1.354056 1.365762 1.377334 1.38877 1.400071
1.411233 1.422258 1.433142 1.443886 1.454488
1.464949 1.475269 1.485448 1.495486 1.505383
1.51514 1.524757 1.534234 1.543571 1.552768
1.561826 1.570744 1.579523 1.588162 1.596663
1.605025 1.613248 1.621333 1.62928 1.637089
1.644759 1.652292 1.659687 1.666945 1.674065
1.681049 1.687895 1.694605 1.701178 1.707614
1.713914 1.720078 1.726106 1.731999 1.737755
1.743376 1.748862 1.754213 1.759429 1.76451
1.769456 1.774268 1.778945 1.783489 1.787898
1.792173 1.796315 1.800324 1.804199 1.807941
1.81155 1.815026 1.818369 1.82158 1.824658
1.827605 1.830419 1.833102 1.835653 1.838072
1.84036 1.842517 1.844543 1.846438 1.848202
1.849836 1.851339 1.852712 1.853955 1.855069
1.856052 1.856907 1.857631 1.858227 1.858693
1.859031 1.85924 1.85932 1.859272 1.859096
1.858792 1.85836 1.8578 1.857113 1.856298
1.855356 1.854287 1.853091 1.851768 1.850319
1.848742 1.847038 1.845205 1.843243 1.84115
1.838927 1.836573 1.834086 1.831467 1.828714
1.825827 1.822804 1.819646 1.816352 1.812921
1.809352 1.805644 1.801797 1.797811 1.793684
1.789415 1.785004 1.780451 1.775754 1.770914
1.765928 1.760797 1.755519 1.750095 1.744523
1.738803 1.732933 1.726914 1.720744 1.714424
1.707951 1.701325 1.694547 1.687614 1.680527
1.673284 1.665885 1.65833 1.650616 1.642745
1.634715 1.626525 1.618174 1.609663 1.60099
1.592154 1.583155 1.573993 1.564666 1.555173
1.545514 1.535689 1.525697 1.515536 1.505206
1.494707 1.484038 1.473198 1.462186 1.451002
1.439645 1.428114 1.416408 1.404528 1.392471
1.380238 1.367828 1.35524 1.342473 1.329527
1.3164 1.303093 1.289604 1.275933 1.262079
1.248042 1.23382 1.219413 1.204821 1.190042
1.175075 1.159921 1.144579 1.129047 1.113325
1.097415 1.08132 1.065044 1.048592 1.031969
1.015178 0.9982235 0.9811101 0.9638419 0.9464232
0.9288583 0.9111514 0.8933068 0.8753287 0.8572215
0.8389894 0.8206366 0.8021675 0.7835863 0.7648972
0.7461046 0.7272127 0.7082258 0.6891481 0.6699838
0.6507374 0.631413 0.612015 0.5925474 0.5730148
0.5534212 0.5337711 0.5140685 0.4943179 0.4745235
0.4546895 0.4348202 0.4149199 0.3949929 0.3750434
0.3550757 0.335094 0.3151026 0.2951059 0.275108
0.2551132 0.2351258 0.21515 0.1951902 0.1752506
0.1553355 0.135449 0.1155956 0.09577943 0.0760048
0.05627596 0.0365972 0.01697276 -0.00259307 -0.02209603
-0.04153186 -0.06089628 -0.08018503 -0.09939384 -0.1185184
-0.1375546 -0.156498 -0.1753443 -0.1940894 -0.212729
-0.2312587 -0.2496744 -0.2679717 -0.2861464 -0.3041942
-0.3221109 -0.3398922 -0.3575337 -0.3750313 -0.3923807
-0.4095776 -0.4266178 -0.4434969 -0.4602108 -0.476755
-0.4931255 -0.5093179 -0.5253279 -0.5411512 -0.5567837
-0.5722214 -0.5874629 -0.6025083 -0.6173575 -0.6320105
-0.6464672 -0.6607276 -0.6747916 -0.6886593 -0.7023305
-0.7158052 -0.7290835 -0.7421651 -0.7550502 -0.7677387
-0.7802305 -0.7925256 -0.8046239 -0.8165255 -0.8282302
-0.839738 -0.851049 -0.862163 -0.87308 -0.8838
-0.8943229 -0.9046487 -0.9147774 -0.9247089 -0.9344431
-0.9439801 -0.9533198 -0.9624621 -0.9714071 -0.9801546
-0.9887047 -0.9970572 -1.005212 -1.01317 -1.02093
-1.028492 -1.035856 -1.043023 -1.049992 -1.056763
-1.063336 -1.069711 -1.075889 -1.081868 -1.08765
-1.093233 -1.098618 -1.103805 -1.108794 -1.113585
-1.118177 -1.122572 -1.126767 -1.130765 -1.134564
-1.138164 -1.141567 -1.14477 -1.147775 -1.150581
-1.153189 -1.155598 -1.157808 -1.15982 -1.161632
-1.163246 -1.164661 -1.165877 -1.166894 -1.167712
-1.168331 -1.168751 -1.168972 -1.168993 -1.168816
-1.168439 -1.167862 -1.167087 -1.166112 -1.164938
-1.163564 -1.161991 -1.160218 -1.158246 -1.156074
-1.153702 -1.151132 -1.148367 -1.14541 -1.142266
-1.138938 -1.13543 -1.131745 -1.127888 -1.123863
-1.119672 -1.11532 -1.110811 -1.106148 -1.101335
-1.096375 -1.091274 -1.086033 -1.080658 -1.075152
-1.069518 -1.063761 -1.057883 -1.05189 -1.045784
-1.03957 -1.033251 -1.026831 -1.020314 -1.013703
-1.007002 -1.000216 -0.9933469 -0.9863997 -0.9793777
-0.9722848 -0.9651247 -0.9579013 -0.9506181 -0.9432791
-0.935888 -0.9284485 -0.9209644 -0.9134395 -0.9058775
-0.8982822 -0.8906573 -0.8830067 -0.8753341 -0.8676432
-0.8599378 -0.8522216 -0.8444985 -0.8367722 -0.8290465
-0.821325 -0.8136117 -0.8059102 -0.7982243 -0.7905577
-0.7829143 -0.7752978 -0.767712 -0.7601606 -0.7526473
-0.745176 -0.7377504 -0.7303743 -0.7230515 -0.7157856
-0.7085805 -0.7014399 -0.6943676 -0.6873673 -0.6804429
-0.673598 -0.6668364 -0.660162 -0.6535784 -0.6470895
-0.6406989 -0.6344105 -0.628228 -0.6221552 -0.6161958
-0.6103536 -0.6046324 -0.5990359 -0.5935679 -0.5882322
-0.5830324 -0.5779722 -0.573052 -0.56827 -0.5636246
-0.5591141 -0.5547366 -0.5504905 -0.5463741 -0.5423857
-0.5385235 -0.5347857 -0.5311708 -0.5276769 -0.5243024
-0.5210455 -0.5179045 -0.5148777 -0.5119633 -0.5091597
-0.5064651 -0.5038777 -0.501396 -0.4990181 -0.4967423
-0.4945669 -0.4924902 -0.4905105 -0.488626 -0.4868351
-0.4851359 -0.4835268 -0.4820061 -0.480572 -0.4792229
-0.4779569 -0.4767724 -0.4756677 -0.4746409 -0.4736905
-0.4728147 -0.4720117 -0.4712799 -0.4706175 -0.4700229
-0.4694941 -0.4690297 -0.4686278 -0.4682867 -0.4680047
-0.46778 -0.4676111 -0.467496 -0.4674332 -0.4674208
-0.4674573 -0.4675407 -0.4676695 -0.4678419 -0.4680562
-0.4683106 -0.4686035 -0.468933 -0.4692976 -0.4696955
-0.4701249 -0.4705841 -0.4710715 -0.4715852 -0.4721236
-0.472685 -0.4732675 -0.4738696 -0.4744895 -0.4751254
-0.4757757 -0.4764386 -0.4771123 -0.4777953 -0.4784857
-0.4791818 -0.479882 -0.4805844 -0.4812874 -0.4819893
-0.4826883 -0.4833827 -0.4840707 -0.4847508 -0.485421
-0.4860798 -0.4867254 -0.4873566 -0.487974 -0.4885786
-0.4891711 -0.4897526 -0.490324 -0.4908862 -0.49144
-0.4919865 -0.4925265 -0.493061 -0.4935909 -0.494117
-0.4946404 -0.4951619 -0.4956824 -0.4962029 -0.4967243
-0.4972475 -0.4977734 -0.498303 -0.4988371 -0.4993767
-0.4999227 -0.5004759 -0.5010374 -0.5016081 -0.5021888
-0.5027805 -0.5033841 -0.5040005 -0.5046307 -0.5052754
-0.5059358 -0.5066127 -0.5073069 -0.5080195 -0.5087514
-0.5095033 -0.5102764 -0.5110715 -0.5118895 -0.5127313
-0.5135978 -0.5144901 -0.5154089 -0.5163552 -0.5173299
-0.518334 -0.5193683 -0.5204339 -0.5215315 -0.5226621
-0.5238266 -0.525026 -0.5262612 -0.527533 -0.5288425
-0.5301904 -0.5315778 -0.5330056 -0.5344746 -0.5359858
-0.5375402 -0.5391385 -0.5407818 -0.542471 -0.5442069
-0.5459906 -0.5478228 -0.5497046 -0.5516369 -0.5536205
-0.5556564 -0.5577455 -0.5598887 -0.562087 -0.5643412
-0.5666523 -0.5690213 -0.5714489 -0.5739361 -0.5764839
-0.5790932 -0.5817649 -0.5844998 -0.587299 -0.5901633
-0.5930937 -0.5960911 -0.5991563 -0.6022889 -0.6054876
-0.6087506 -0.6120765 -0.6154636 -0.6189103 -0.6224152
-0.6259765 -0.6295927 -0.6332623 -0.6369836 -0.6407552
-0.6445753 -0.6484425 -0.6523551 -0.6563116 -0.6603104
-0.6643499 -0.6684286 -0.6725448 -0.676697 -0.6808836
-0.6851031 -0.6893537 -0.6936341 -0.6979426 -0.7022775
-0.7066374 -0.7110207 -0.7154257 -0.719851 -0.7242949
-0.7287558 -0.7332322 -0.7377225 -0.7422251 -0.7467384
-0.7512609 -0.755791 -0.760327 -0.7648675 -0.7694109
-0.7739555 -0.7784998 -0.7830422 -0.7875811 -0.792115
-0.7966423 -0.8011614 -0.8056707 -0.8101686 -0.8146536
-0.8191241 -0.8235785 -0.8280152 -0.8324327 -0.8368294
-0.8412036 -0.8455539 -0.8498786 -0.8541762 -0.858445
-0.8626836 -0.8668903 -0.8710635 -0.8752017 -0.8793033
-0.8833667 -0.8873904 -0.8913727 -0.8953121 -0.899207
-0.9030559 -0.906857 -0.910609 -0.9143101 -0.9179589
-0.9215537 -0.9250929 -0.928575 -0.9319985 -0.9353616
-0.9386629 -0.9419008 -0.9450736 -0.9481799 -0.951218
-0.9541863 -0.9570834 -0.9599075 -0.9626569 -0.9653288
-0.9679198 -0.9704269 -0.9728468 -0.9751763 -0.9774122
-0.9795513 -0.9815904 -0.9835263 -0.9853558 -0.9870757
-0.9886828 -0.9901739 -0.9915457 -0.9927952 -0.993919
-0.994914 -0.995777 -0.9965048 -0.9970941 -0.9975418
-0.9978447 -0.9979995 -0.9980031 -0.9978522 -0.9975438
-0.9970744 -0.996441 -0.9956404 -0.9946693 -0.9935245
-0.9922029 -0.9907013 -0.9890163 -0.9871449 -0.9850839
-0.9828299 -0.9803799 -0.9777306 -0.9748788 -0.9718214
-0.9685551 -0.9650766 -0.9613829 -0.9574707 -0.9533368
-0.948978 -0.9443911 -0.9395729 -0.9345202 -0.9292298
-0.9236985 -0.9179231 -0.9119004 -0.9056271 -0.8991001
-0.8923162 -0.8852722 -0.8779648 -0.870391 -0.8625474
-0.8544308 -0.8460381 -0.8373661 -0.8284115 -0.8191712
-0.809642 -0.7998206 -0.7897038 -0.7792885 -0.7685714
-0.7575494 -0.7462192 -0.7345776 -0.7226215 -0.7103476
-0.6977528 -0.6848337 -0.6715873 -0.6580103 -0.6440995
-0.6298518 -0.6152638 -0.6003325 -0.5850545 -0.5694268
-0.5534461 -0.5371091 -0.5204128 -0.5033539 -0.4859291
0.8954783 0.9032705 0.911131 0.9190535 0.9270319
0.93506 0.9431318 0.9512412 0.9593818 0.9675478
0.9757328 0.9839308 0.9921356 1.000341 1.008541
1.01673 1.024901 1.033048 1.041165 1.049246
1.057285 1.065275 1.073211 1.081086 1.088895
1.09663 1.104287 1.111858 1.119339 1.126721
1.134001 1.14117 1.148224 1.155155 1.161959
1.168628 1.175157 1.18154 1.18777 1.193841
1.199747 1.205482 1.211041 1.216415 1.221601
1.22659 1.231379 1.235959 1.240325 1.244471
1.248391 1.252079 1.255528 1.258733 1.261686
1.264383 1.266817 1.268982 1.270871 1.272479
1.2738 1.274826 1.275553 1.275974 1.276083
1.275874 1.27534 1.274476 1.273275 1.271731
1.269839 1.267591 1.264983 1.262007 1.258657
1.254928 1.250814 1.246307 1.241403 1.236094
1.230376 1.224241 1.217683 1.210697 1.203276
1.195414 1.187105 1.178343 1.169122 1.159435
1.149277 1.138641 1.127521 1.115915 1.10383
1.091277 1.078266 1.064808 1.050913 1.036592
1.021855 1.006712 0.991174 0.9752513 0.9589543
0.9422935 0.9252791 0.9079217 0.8902317 0.8722194
0.8538954 0.8352699 0.8163535 0.7971566 0.7776895
0.7579628 0.7379867 0.7177718 0.6973285 0.6766671
0.6557982 0.634732 0.6134791 0.5920498 0.5704546
0.5487039 0.5268081 0.5047777 0.4826229 0.4603544
0.4379825 0.4155175 0.39297 0.3703503 0.3476689
0.3249362 0.3021626 0.2793585 0.2565344 0.2337006
0.2108676 0.1880458 0.1652457 0.1424776 0.1197519
0.0970791 0.07446962 0.05193385 0.02948222 0.007125154
-0.01512694 -0.03726364 -0.05927452 -0.08114917 -0.1028772
-0.1244481 -0.1458515 -0.167077 -0.1881142 -0.2089526
-0.2295819 -0.2499916 -0.2701712 -0.2901104 -0.3097988
-0.3292259 -0.3483814 -0.3672547 -0.3858355 -0.4041133
-0.4220778 -0.4397185 -0.457025 -0.4739869 -0.4905937
-0.5068351 -0.5227006 -0.5381798 -0.5532623 -0.5679376
-0.5821954 -0.5960252 -0.6094166 -0.6223595 -0.6348505
-0.6468933 -0.6584917 -0.6696498 -0.6803715 -0.6906606
-0.7005212 -0.7099571 -0.7189722 -0.7275706 -0.7357561
-0.7435326 -0.7509042 -0.7578746 -0.764448 -0.770628
-0.7764188 -0.7818243 -0.7868483 -0.7914947 -0.7957677
-0.7996709 -0.8032085 -0.8063842 -0.8092021 -0.8116661
-0.8137801 -0.815548 -0.8169738 -0.8180614 -0.8188146
-0.8192376 -0.8193341 -0.8191081 -0.8185636 -0.8177044
-0.8165345 -0.8150578 -0.8132783 -0.8111999 -0.8088265
-0.8061621 -0.8032105 -0.7999757 -0.7964617 -0.7926723
-0.7886115 -0.7842832 -0.7796914 -0.77484 -0.7697328
-0.7643739 -0.7587672 -0.7529166 -0.746826 -0.7404993
-0.7339406 -0.7271536 -0.7201424 -0.7129109 -0.705463
-0.6978026 -0.6899337 -0.6818602 -0.673586 -0.665115
-0.6564512 -0.6475986 -0.6385609 -0.6293423 -0.6199465
-0.6103776 -0.6006394 -0.590736 -0.5806711 -0.5704488
-0.5600729 -0.5495475 -0.5388764 -0.5280636 -0.5171129
-0.5060284 -0.4948139 -0.4834735 -0.4720109 -0.4604301
-0.4487352 -0.4369299 -0.4250183 -0.4130042 -0.4008912
-0.3886808 -0.3763738 -0.363971 -0.3514734 -0.3388817
-0.3261967 -0.3134194 -0.3005505 -0.2875909 -0.2745415
-0.2614031 -0.2481765 -0.2348625 -0.2214621 -0.207976
-0.1944052 -0.1807503 -0.1670124 -0.1531922 -0.1392905
-0.1253083 -0.1112463 -0.09710537 -0.0828864 -0.0685902
-0.05421762 -0.03976951 -0.02524669 -0.01065002 0.004019659
0.01876151 0.0335747 0.04845837 0.06341169 0.07843381
0.09352389 0.1086811 0.1239046 0.1391935 0.154547
0.1699642 0.1854444 0.2009866 0.2165901 0.2322539
0.2479773 0.2637594 0.2795994 0.2954963 0.3114494
0.3274579 0.3435208 0.3596374 0.3758068 0.3920282
0.4083007 0.4246234 0.4409956 0.4574164 0.4738849
0.4904004 0.5069619 0.5235687 0.5402198 0.5569145
0.5736518 0.5904311 0.6072513 0.6241117 0.6410115
0.6579497 0.6749256 0.6919383 0.708987 0.7260708
0.7431888 0.7603403 0.7775244 0.7947403 0.811987
0.8292638 0.8465699 0.8639043 0.8812663 0.898655
0.9160696 0.9335091 0.9509729 0.9684599 0.9859694
1.003499 1.021042 1.038593 1.056146 1.073695
1.091234 1.108757 1.126259 1.143732 1.161172
1.178573 1.195928 1.213231 1.230477 1.247659
1.264772 1.28181 1.298767 1.315636 1.332412
1.349089 1.365661 1.382122 1.398466 1.414687
1.430779 1.446737 1.462553 1.478223 1.493741
1.5091 1.524294 1.539318 1.554165 1.56883
1.583307 1.597589 1.611672 1.625548 1.639212
1.652658 1.665879 1.678871 1.691627 1.704142
1.716408 1.728421 1.740174 1.751661 1.762877
1.773815 1.78447 1.794835 1.804905 1.814674
1.824135 1.833283 1.842112 1.850616 1.858789
1.866625 1.874118 1.881262 1.888051 1.894479
1.900541 1.90623 1.91154 1.916465 1.921001
1.925139 1.928876 1.932203 1.935117 1.93761
1.939677 1.941312 1.942509 1.943262 1.943564
1.943411 1.942796 1.941713 1.940156 1.93812
1.935598 1.932584 1.929072 1.925057 1.920533
1.915494 1.909944 1.903889 1.897337 1.890295
1.882768 1.874765 1.866292 1.857356 1.847963
1.838122 1.827838 1.817118 1.80597 1.7944
1.782416 1.770023 1.75723 1.744042 1.730467
1.716512 1.702183 1.687488 1.672433 1.657025
1.641272 1.625179 1.608755 1.592005 1.574937
1.557557 1.539873 1.521891 1.503619 1.485063
1.466229 1.447126 1.42776 1.408137 1.388265
1.36815 1.3478 1.327221 1.30642 1.285405
1.264181 1.242756 1.221137 1.199331 1.177344
1.155183 1.132856 1.110369 1.08773 1.064944
1.042019 1.018962 0.9957794 0.9724786 0.9490662
0.9255492 0.9019345 0.8782289 0.8544393 0.8305727
0.8066359 0.7826358 0.7585793 0.7344733 0.7103247
0.6861404 0.6619273 0.6376922 0.6134421 0.5891839
0.5649244 0.5406705 0.5164292 0.4922073 0.4680117
0.4438493 0.4197271 0.3956518 0.3716304 0.3476698
0.3237769 0.2999586 0.2762217 0.2525731 0.2290198
0.2055686 0.182225 0.1589914 0.1358697 0.1128619
0.08997007 0.06719611 0.04454203 0.02200982 -0.000398547
-0.02268107 -0.04483578 -0.06686067 -0.08875378 -0.1105131
-0.1321367 -0.1536225 -0.1749686 -0.196173 -0.2172336
-0.2381486 -0.2589159 -0.2795336 -0.2999996 -0.320312
-0.3404688 -0.360468 -0.3803076 -0.3999856 -0.4195001
-0.438849 -0.4580305 -0.4770424 -0.4958828 -0.5145498
-0.5330413 -0.5513553 -0.5694899 -0.5874431 -0.6052129
-0.6227974 -0.6401944 -0.6574021 -0.6744185 -0.6912415
-0.7078692 -0.7242996 -0.7405308 -0.7565606 -0.7723873
-0.7880086 -0.8034228 -0.8186278 -0.8336216 -0.8484022
-0.8629676 -0.8773159 -0.8914451 -0.9053531 -0.9190381
-0.9324979 -0.9457307 -0.9587345 -0.9715072 -0.9840469
-0.9963515 -1.008419 -1.020248 -1.031836 -1.04318
-1.05428 -1.065133 -1.075737 -1.08609 -1.096191
-1.106036 -1.115625 -1.124954 -1.134023 -1.142829
-1.151371 -1.159645 -1.167651 -1.175386 -1.182848
-1.190036 -1.196947 -1.203579 -1.209931 -1.216
-1.221784 -1.227282 -1.232496 -1.237429 -1.242085
-1.24647 -1.250587 -1.254441 -1.258035 -1.261373
-1.264461 -1.267302 -1.2699 -1.27226 -1.274386
-1.276282 -1.277951 -1.2794 -1.28063 -1.281648
-1.282457 -1.28306 -1.283464 -1.28367 -1.283685
-1.283511 -1.283154 -1.282617 -1.281905 -1.281021
-1.279971 -1.278757 -1.277385 -1.275859 -1.274182
-1.27236 -1.270395 -1.268293 -1.266057 -1.263693
-1.261203 -1.258592 -1.255865 -1.253025 -1.250077
-1.247025 -1.243874 -1.240626 -1.237288 -1.233861
-1.230352 -1.226765 -1.223102 -1.219369 -1.21557
-1.211709 -1.20779 -1.203817 -1.199795 -1.195728
-1.191619 -1.187474 -1.183296 -1.17909 -1.174859
-1.170609 -1.166343 -1.162065 -1.157779 -1.15349
-1.149203 -1.14492 -1.140647 -1.136387 -1.132146
-1.127926 -1.123732 -1.119569 -1.11544 -1.11135
-1.107303 -1.103303 -1.099354 -1.095461 -1.091628
-1.087859 -1.084158 -1.080529 -1.076977 -1.073505
-1.070119 -1.066821 -1.063616 -1.060503 -1.05748
-1.054547 -1.051703 -1.048945 -1.046274 -1.043688
-1.041186 -1.038767 -1.03643 -1.034173 -1.031995
-1.029896 -1.027874 -1.025928 -1.024057 -1.02226
-1.020536 -1.018883 -1.0173 -1.015787 -1.014342
-1.012964 -1.011652 -1.010405 -1.009222 -1.008101
-1.007042 -1.006043 -1.005103 -1.004221 -1.003396
-1.002627 -1.001913 -1.001252 -1.000643 -1.000086
-0.9995795 -0.9991217 -0.9987118 -0.9983488 -0.9980315
-0.9977587 -0.9975294 -0.9973423 -0.9971965 -0.9970907
-0.9970239 -0.9969949 -0.9970025 -0.9970458 -0.9971235
-0.9972344 -0.9973776 -0.9975519 -0.997756 -0.997989
-0.9982497 -0.998537 -0.9988496 -0.9991866 -0.9995468
-0.999929 -1.000332 -1.000755 -1.001197 -1.001656
-1.002132 -1.002623 -1.003128 -1.003646 -1.004176
-1.004717 -1.005268 -1.005827 -1.006394 -1.006967
-1.007545 -1.008127 -1.008712 -1.009299 -1.009887
-1.010474 -1.01106 -1.011643 -1.012222 -1.012796
-1.013364 -1.013925 -1.014477 -1.01502 -1.015549
-1.016063 -1.016559 -1.017034 -1.017486 -1.017912
-1.01831 -1.018676 -1.019008 -1.019304 -1.01956
-1.019775 -1.019946 -1.020069 -1.020143 -1.020165
-1.020132 -1.020041 -1.01989 -1.019677 -1.019398
-1.019051 -1.018633 -1.018142 -1.017575 -1.01693
-1.016203 -1.015393 -1.014496 -1.013511 -1.012433
-1.011262 -1.009993 -1.008625 -1.007155 -1.005579
-1.003897 -1.002104 -1.000199 -0.9981784 -0.9960398
-0.9937807 -0.9913984 -0.9888903 -0.9862537 -0.983486
-0.9805846 -0.9775469 -0.9743702 -0.9710519 -0.9675894
-0.9639801 -0.9602213 -0.9563104 -0.9522447 -0.9480217
-0.9436388 -0.9390932 -0.9343823 -0.9295036 -0.9244544
-0.9192321 -0.913834 -0.9082575 -0.9025001 -0.896559
-0.8904316 -0.8841153 -0.8776076 -0.8709057 -0.864007
-0.8569089 -0.8496087 -0.842104 -0.8343919 -0.8264699
-0.8183354 -0.8099857 -0.8014183 -0.7926304 -0.7836194
-0.7743828 -0.7649179 -0.755222 -0.7452926 -0.7351269
-0.7247225 -0.7140766 -0.7031867 -0.6920514 -0.680676
-0.6690677 -0.6572338 -0.6451814 -0.6329177 -0.6204501
-0.6077857 -0.5949316 -0.5818952 -0.5686836 -0.5553041
-0.5417639 -0.5280702 -0.5142301 -0.500251 -0.48614
-0.4719044 -0.4575513 -0.443088 -0.4285218 -0.4138597
-0.399109 -0.384277 -0.3693709 -0.3543978 -0.3393651
-0.3242798 -0.3091492 -0.2939806 -0.2787812 -0.2635581
-0.2483186 -0.2330699 -0.2178192 -0.2025737 -0.1873407
-0.1721273 -0.1569408 -0.1417884 -0.1266774 -0.1116148
-0.09660796 -0.08166409 -0.06679039 -0.05199407 -0.03728235
-0.02266245 -0.008141572 0.006273055 0.02057422 0.03475471
0.04880731 0.06272479 0.07649996 0.09012559 0.1035945
0.1168994 0.1300331 0.1429884 0.1557581 0.168335
0.1807118 0.1928813 0.2048364 0.2165698 0.2280743
0.2393426 0.2503676 0.2611421 0.2716588 0.2819105
0.29189 0.3015901 0.3110035 0.3201231 0.3289416
0.3374519 0.3456467 0.3535187 0.3610608 0.3682658
0.3751265 0.3816355 0.3877858 0.39357 0.3989811
0.4040117 0.4086547 0.4129028 0.4167488 0.4201855
2.304529 2.197349 2.092466 1.989857 1.889499
1.791371 1.695448 1.601708 1.510129 1.420687
1.33336 1.248125 1.16496 1.083841 1.004746
0.927652 0.8525362 0.7793759 0.7081484 0.6388309
0.5714006 0.5058347 0.4421105 0.3802053 0.3200962
0.2617605 0.2051755 0.1503183 0.0971662 0.04569646
-0.004113692 -0.05228703 -0.09884632 -0.1438143 -0.1872138
-0.2290675 -0.2693982 -0.3082287 -0.3455817 -0.3814801
-0.4159464 -0.4490036 -0.4806744 -0.5109815 -0.5399478
-0.5675959 -0.5939486 -0.6190288 -0.6428591 -0.6654624
-0.6868613 -0.7070787 -0.7261374 -0.74406 -0.7608694
-0.7765883 -0.7912394 -0.8048456 -0.8174296 -0.8290142
-0.8396221 -0.8492761 -0.857999 -0.8658135 -0.8727424
-0.8788084 -0.8840344 -0.888443 -0.8920571 -0.8948993
-0.8969926 -0.8983596 -0.899023 -0.8990058 -0.8983305
-0.8970201 -0.8950972 -0.8925846 -0.8895051 -0.8858814
-0.8817364 -0.8770927 -0.8719731 -0.8664005 -0.8603975
-0.8539869 -0.8471915 -0.8400341 -0.8325374 -0.8247242
-0.8166172 -0.8082392 -0.799613 -0.790758 -0.7816824
-0.7723922 -0.7628933 -0.7531916 -0.7432931 -0.7332037
-0.7229294 -0.712476 -0.7018496 -0.6910561 -0.6801014
-0.6689914 -0.6577321 -0.6463295 -0.6347894 -0.6231178
-0.6113207 -0.5994039 -0.5873734 -0.5752352 -0.5629952
-0.5506593 -0.5382335 -0.5257237 -0.5131358 -0.5004759
-0.4877497 -0.4749633 -0.4621226 -0.4492335 -0.436302
-0.4233341 -0.4103355 -0.3973124 -0.3842706 -0.371216
-0.3581547 -0.3450925 -0.3320354 -0.3189893 -0.3059601
-0.2929539 -0.2799764 -0.2670338 -0.2541319 -0.2412766
-0.2284738 -0.2157297 -0.2030499 -0.1904406 -0.1779076
-0.1654569 -0.1530944 -0.1408261 -0.1286578 -0.1165956
-0.1046454 -0.09281302 -0.08110452 -0.0695258 -0.0580828
-0.04678145 -0.03562771 -0.0246275 -0.01378676 -0.003111433
0.007392544 0.01771923 0.0278627 0.037817 0.04757619
0.05713435 0.06648552 0.07562379 0.08454319 0.0932378
0.1017017 0.1099289 0.1179135 0.1256496 0.1331311
0.1403523 0.1473071 0.1539896 0.1603938 0.1665139
0.1723438 0.1778778 0.1831097 0.1880339 0.1926508
0.1969668 0.2009885 0.2047227 0.2081761 0.2113554
0.2142673 0.2169184 0.2193156 0.2214655 0.2233749
0.2250503 0.2264986 0.2277264 0.2287404 0.2295474
0.2301541 0.2305671 0.2307931 0.230839 0.2307113
0.2304167 0.2299621 0.2293541 0.2285993 0.2277045
0.2266765 0.2255219 0.2242473 0.2228596 0.2213654
0.2197715 0.2180845 0.2163111 0.2144581 0.2125321
0.2105399 0.2084882 0.2063836 0.2042329 0.2020428
0.19982 0.1975711 0.195303 0.1930222 0.1907356
0.1884498 0.1861715 0.1839074 0.1816642 0.1794487
0.1772676 0.1751274 0.173035 0.1709971 0.1690204
0.1671115 0.1652771 0.1635241 0.161859 0.1602887
0.1588197 0.1574588 0.1562127 0.1550882 0.1540918
0.1532304 0.1525106 0.1519391 0.1515227 0.151268
0.1511818 0.1512707 0.1515414 0.1520008 0.1526554
0.153512 0.1545772 0.1558579 0.1573606 0.1590921
0.1610592 0.1632684 0.1657266 0.1684404 0.1714165
0.1746616 0.1781825 0.1819858 0.1860782 0.1904643
0.1951377 0.2000883 0.2053063 0.2107818 0.2165049
0.2224656 0.2286541 0.2350604 0.2416746 0.2484869
0.2554872 0.2626658 0.2700126 0.2775178 0.2851714
0.2929636 0.3008845 0.308924 0.3170724 0.3253196
0.3336559 0.3420712 0.3505557 0.3590995 0.3676926
0.3763252 0.3849872 0.3936689 0.4023603 0.4110515
0.4197326 0.4283936 0.4370247 0.4456159 0.4541574
0.4626392 0.4710514 0.4793841 0.4876274 0.4957714
0.5038062 0.5117218 0.5195083 0.5271559 0.5346547
0.5419946 0.5491659 0.5561585 0.5629626 0.5695683
0.5759656 0.5821447 0.5880957 0.5938085 0.5992734
0.6044804 0.6094196 0.614081 0.6184548 0.6225311
0.6262999 0.6297514 0.6328756 0.6356626 0.6381025
0.6401854 0.6419014 0.6432406 0.644193 0.6447488
0.644898 0.6446307 0.6439371 0.6428071 0.641231
0.6391987 0.6367004 0.6337262 0.6302661 0.6263102
0.6218487 0.6168716 0.611369 0.605331 0.5987477
0.5916091 0.5839054 0.5756267 0.566763 0.5573046
0.5472517 0.5366188 0.5254217 0.5136762 0.5013979
0.4886027 0.4753063 0.4615245 0.4472729 0.4325673
0.4174236 0.4018574 0.3858844 0.3695205 0.3527814
0.3356828 0.3182405 0.3004702 0.2823877 0.2640087
0.245349 0.2264243 0.2072503 0.1878429 0.1682178
0.1483906 0.1283773 0.1081934 0.08785478 0.06737718
0.04677634 0.026068 0.005267913 -0.01560817 -0.03654451
-0.05752534 -0.07853493 -0.09955753 -0.1205774 -0.1415787
-0.1625459 -0.183463 -0.2043144 -0.2250843 -0.2457569
-0.2663166 -0.2867476 -0.3070341 -0.3271603 -0.3471106
-0.3668691 -0.3864202 -0.405748 -0.4248369 -0.443671
-0.4622347 -0.4805122 -0.4984877 -0.5161455 -0.5334698
-0.5504449 -0.5670551 -0.5832845 -0.5991175 -0.6145383
-0.6295311 -0.6440803 -0.6581699 -0.6717844 -0.684908
-0.6975248 -0.7096192 -0.7211754 -0.7321777 -0.7426102
-0.7524574 -0.7617033 -0.7703323 -0.7783286 -0.7856765
-0.7923602 -0.798364 -0.8036721 -0.8082688 -0.8121383
-0.8152649 -0.8176328 -0.8192263 -0.8200296 -0.820027
-0.8192051 -0.8175688 -0.8151313 -0.8119063 -0.8079071
-0.8031471 -0.7976399 -0.7913988 -0.7844374 -0.7767689
-0.768407 -0.759365 -0.7496564 -0.7392946 -0.7282931
-0.7166653 -0.7044247 -0.6915847 -0.6781587 -0.6641602
-0.6496027 -0.6344995 -0.6188642 -0.6027101 -0.5860508
-0.5688996 -0.55127 -0.5331755 -0.5146295 -0.4956454
-0.4762367 -0.4564168 -0.4361992 -0.4155973 -0.3946245
-0.3732944 -0.3516203 -0.3296158 -0.3072941 -0.2846689
-0.2617534 -0.2385613 -0.2151058 -0.1914006 -0.1674589
-0.1432943 -0.1189201 -0.09434996 -0.06959716 -0.04467519
-0.01959749 0.005622491 0.03097131 0.05643552 0.08200168
0.1076563 0.1333861 0.1591774 0.1850169 0.2108912
0.2367867 0.26269 0.2885878 0.3144665 0.3403127
0.3661129 0.3918538 0.4175218 0.4431036 0.4685857
0.4939546 0.5191968 0.5442991 0.5692478 0.5940296
0.618631 0.6430386 0.6672389 0.6912184 0.7149639
0.7384617 0.7616984 0.7846607 0.807335 0.8297079
0.851766 0.8734959 0.894884 0.9159169 0.9365812
0.9568635 0.9767542 0.9962517 1.015356 1.034066
1.052381 1.070302 1.087828 1.104958 1.121692
1.13803 1.15397 1.169514 1.184659 1.199407
1.213755 1.227705 1.241256 1.254406 1.267157
1.279506 1.291455 1.303002 1.314147 1.32489
1.33523 1.345167 1.3547 1.363829 1.372554
1.380874 1.388788 1.396297 1.4034 1.410096
1.416385 1.422267 1.427741 1.432807 1.437464
1.441712 1.44555 1.448979 1.451997 1.454604
1.456801 1.458586 1.459958 1.460919 1.461466
1.4616 1.461321 1.460627 1.459519 1.457996
1.456057 1.453703 1.450932 1.447745 1.444141
1.440119 1.435679 1.430822 1.425545 1.419849
1.413734 1.407198 1.400243 1.392866 1.385068
1.376849 1.368207 1.359143 1.349656 1.339745
1.329411 1.318652 1.307469 1.295861 1.283828
1.271368 1.258483 1.24517 1.231431 1.217264
1.202669 1.187645 1.172193 1.156311 1.14
1.123259 1.106087 1.08849 1.070473 1.052043
1.033207 1.013972 0.9943453 0.9743328 0.9539416
0.9331785 0.9120502 0.8905637 0.8687256 0.8465428
0.824022 0.8011701 0.7779939 0.7545 0.7306955
0.7065869 0.6821812 0.6574851 0.6325054 0.6072489
0.5817224 0.5559327 0.5298866 0.5035909 0.4770523
0.4502777 0.4232739 0.3960476 0.3686056 0.3409548
0.313102 0.2850538 0.2568172 0.2283989 0.1998057
0.1710445 0.1421219 0.1130448 0.08381997 0.05445424
0.02495438 -0.004672817 -0.03442055 -0.06428204 -0.09425048
-0.1243191 -0.154481 -0.1847296 -0.2150579 -0.2454592
-0.2759267 -0.3064536 -0.3370331 -0.3676584 -0.3983227
-0.4290193 -0.4597412 -0.4904818 -0.5212343 -0.5519918
-0.5827476 -0.6134948 -0.6442267 -0.6749364 -0.7056173
-0.7362624 -0.766865 -0.7974184 -0.8279156 -0.8583499
-0.8887146 -0.9190028 -0.9492077 -0.9793225 -1.009341
-1.039255 -1.069059 -1.098745 -1.128308 -1.15774
-1.187034 -1.216184 -1.245182 -1.274023 -1.302699
-1.331203 -1.359529 -1.387669 -1.415614 -1.443355
-1.470881 -1.498185 -1.525255 -1.552082 -1.578658
-1.604972 -1.631014 -1.656776 -1.682248 -1.70742
-1.732283 -1.756827 -1.781042 -1.80492 -1.82845
-1.851623 -1.87443 -1.896861 -1.918906 -1.940556
-1.961802 -1.982633 -2.003041 -2.023015 -2.042547
-2.061626 -2.080244 -2.09839 -2.116056 -2.133231
-2.149906 -2.166072 -2.181719 -2.196837 -2.211417
-2.22545 -2.238925 -2.251834 -2.264167 -2.275913
-2.287065 -2.297612 -2.307545 -2.316853 -2.325529
-2.333561 -2.340941 -2.347659 -2.353706 -2.359072
-2.363747 -2.367722 -2.370987 -2.373533 -2.37535
-2.37643 -2.376761 -2.376335 -2.375143 -2.373174
-2.370419 -2.366869 -2.362514 -2.357344 -2.351351
-2.344524 -2.336853 -2.328331 -2.318946 -2.308689
-2.297551 -2.285523 -2.272594 -2.258755 -2.243998
-2.228311 -2.211686 -2.194113 -2.175583 -2.156085
-2.135611 -2.114151 -2.091696 -2.068235 -2.04376
-2.018261 -1.991727 -1.964152 -1.935543 -1.905929
-1.875336 -1.843792 -1.811326 -1.777965 -1.743737
-1.708669 -1.67279 -1.636127 -1.598708 -1.56056
-1.521713 -1.482192 -1.442026 -1.401244 -1.359872
-1.317938 -1.27547 -1.232497 -1.189045 -1.145143
-1.100818 -1.056098 -1.011011 -0.9655842 -0.9198461
-0.8738242 -0.8275463 -0.7810401 -0.7343334 -0.687454
-0.6404297 -0.5932882 -0.5460574 -0.498765 -0.4514387
-0.4041065 -0.3567959 -0.3095349 -0.2623512 -0.2152726
-0.1683268 -0.1215416 -0.07494489 -0.02856434 0.01757224
0.06343707 0.1090024 0.1542404 0.1991233 0.2436234
0.2877128 0.3313638 0.3745486 0.4172394 0.4594085
0.5010281 0.5420703 0.5825075 0.6223117 0.6614554
0.6999106 0.7376496 0.7746447 0.810868 0.8462917
0.8808882 0.9146295 0.947488 0.9794359 1.010445
1.040488 1.069538 1.097565 1.124543 1.150444
1.175239 1.198902 1.221404 1.242717 1.262815
1.281668 1.29925 1.315532 1.330486 1.344086
1.356303 1.367109 1.376476 1.384387 1.39087
1.395967 1.39972 1.402172 1.403364 1.403339
1.40214 1.399809 1.396387 1.391918 1.386443
1.380005 1.372645 1.364408 1.355333 1.345465
1.334845 1.323515 1.311518 1.298895 1.28569
1.271945 1.257701 1.243002 1.227888 1.212404
1.19659 1.180489 1.164144 1.147597 1.13089
1.114065 1.097164 1.08023 1.063306 1.046433
1.029653 1.013009 0.9965441 0.9802992 0.9643171
0.9486401 0.9333104 0.9183703 0.903862 0.8898279
0.8763103 0.8633513 0.8509934 0.8392787 0.8282495
0.8179482 0.8084169 0.799698 0.7918337 0.7848664
0.7788383 0.7737916 0.7697687 0.7668118 0.7649633
0.7642653 0.7647601 0.7664901 0.7694975 0.7738246
0.7795136 0.7866069 0.7951467 0.8051753 0.816735
0.829868 0.8446166 0.8610231 0.8791298 0.898979
0.9206129 0.9440737 0.9694039 0.9966456 1.025841
1.057033 1.090263 1.125574 1.163007 1.202606
1.244413 1.288469 1.334817 1.383499 1.434559
