N sim L evec_1_vmp evec_1_mcmc evec_2_vmp evec_2_mcmc evec_3_vmp evec_3_mcmc evec_4_vmp evec_4_mcmc evec_5_vmp evec_5_mcmc evec_6_vmp evec_6_mcmc
10 1 2 0.7861002 0.7759314 1 1 1 1 1 1 1 1 1 1
10 1 4 0.7823364 0.7590175 0.9999999 0.9858399 1 0.9989783 1 1 1 1 1 1
10 1 6 1 0.7405129 1 0.9849512 1 0.9965288 1 0.9999755 1 0.999994 1 1
10 2 2 0.7838155 0.7655713 1 1 1 1 1 1 1 1 1 1
10 2 4 0.7802285 0.7490908 0.9977683 0.9863168 1 0.9962829 1 1 1 1 1 1
10 2 6 0.7835231 0.7337913 0.9984047 0.9772924 1 0.9927875 1 0.9999746 1 0.9999956 1 1
10 3 2 0.9284924 0.9171032 1 1 1 1 1 1 1 1 1 1
10 3 4 0.9222741 0.8896352 0.9896321 0.9785786 1 0.9986088 1 1 1 1 1 1
10 3 6 0.9138201 0.878529 0.9856522 0.9722078 1 0.9949026 1 0.9999542 1 0.9999975 1 1
10 4 2 0.9827253 0.9796236 1 1 1 1 1 1 1 1 1 1
10 4 4 0.9829212 0.9612494 0.9998636 0.9889613 1 0.999401 1 1 1 1 1 1
10 4 6 0.9835926 0.9517758 0.9998409 0.9861437 1 0.9982109 1 0.9999742 1 0.9999947 1 1
10 5 2 0.5585906 0.6177541 1 1 1 1 1 1 1 1 1 1
10 5 4 0.5533868 0.6136112 1 0.9584655 1 0.9988195 1 1 1 1 1 1
10 5 6 0.5605876 0.6079036 1 0.9464708 1 0.9962533 1 0.9999674 1 0.9999958 1 1
10 6 2 0.7733366 0.756255 1 1 1 1 1 1 1 1 1 1
10 6 4 0.7398517 0.7287917 0.9632515 0.9523715 1 0.9932417 1 1 1 1 1 1
10 6 6 0.7515543 0.7302305 0.96504 0.937866 1 0.9888633 1 0.9999201 1 0.9999868 1 1
10 7 2 0.9921249 0.9596566 1 1 1 1 1 1 1 1 1 1
10 7 4 0.9908823 0.9480527 1 0.9971065 1 0.9998409 1 1 1 1 1 1
10 7 6 0.9943707 0.9430241 1 0.9938146 1 0.999077 1 0.9999702 1 0.9999958 1 1
10 8 2 0.7944615 0.7641289 1 1 1 1 1 1 1 1 1 1
10 8 4 1 0.7537729 1 0.9917915 1 0.9996705 1 1 1 1 1 1
10 8 6 0.7798584 0.7565377 1 0.9860777 1 0.9984865 1 0.9999895 1 0.9999968 1 1
10 9 2 0.9555561 0.9455092 1 1 1 1 1 1 1 1 1 1
10 9 4 0.9805692 0.916131 0.9999997 0.9889431 1 0.9994495 1 1 1 1 1 1
10 9 6 0.9868045 0.9198863 1 0.9876742 1 0.9973218 1 0.9999582 1 0.9999961 1 1
10 10 2 0.9404543 0.9553934 1 1 1 1 1 1 1 1 1 1
10 10 4 0.897222 0.9399524 0.9698271 0.9819659 1 0.9991379 1 1 1 1 1 1
10 10 6 0.9456735 0.9453819 0.9978016 0.9825996 1 0.997874 1 0.9999814 1 0.9999934 1 1
50 1 2 0.8033956 0.8000233 1 1 1 1 1 1 1 1 1 1
50 1 4 0.766238 0.7478722 0.94668 0.9292426 0.9994306 0.9891998 1 1 1 1 1 1
50 1 6 0.764353 0.7452736 0.9422937 0.9275751 0.9947225 0.988011 0.9999855 0.9999765 1 0.9999955 1 1
50 2 2 0.8782301 0.8740934 1 1 1 1 1 1 1 1 1 1
50 2 4 0.7951309 0.802664 0.9057978 0.9148158 0.9793543 0.9773054 1 1 1 1 1 1
50 2 6 0.7947053 0.8075427 0.9076622 0.9165736 0.9805989 0.9769438 1 0.9999787 1 0.9999952 1 1
50 3 2 0.6587287 0.6583049 1 1 1 1 1 1 1 1 1 1
50 3 4 0.6247271 0.6159584 0.9502546 0.9402753 0.9998593 0.991764 1 1 1 1 1 1
50 3 6 0.6251714 0.6123909 0.9492294 0.936782 0.9998965 0.9902671 1 0.9999534 1 0.9999901 1 1
50 4 2 0.7886295 0.7864875 1 1 1 1 1 1 1 1 1 1
50 4 4 0.7582335 0.7430321 0.9612391 0.9490313 1 0.9927929 1 1 1 1 1 1
50 4 6 0.7586541 0.7428901 0.9621631 0.944532 0.9997285 0.9918 1 0.9999774 1 0.9999964 1 1
50 5 2 0.9397002 0.9390475 1 1 1 1 1 1 1 1 1 1
50 5 4 0.8913276 0.9017753 0.9521676 0.9575123 0.9999982 0.991722 1 1 1 1 1 1
50 5 6 0.8914998 0.901215 0.9551702 0.9563382 0.9999772 0.9906331 1 0.9999868 1 0.9999967 1 1
50 6 2 0.8299476 0.8268989 1 1 1 1 1 1 1 1 1 1
50 6 4 0.7639614 0.759873 0.9220253 0.9217715 0.9996518 0.998984 1 1 1 1 1 1
50 6 6 0.7646271 0.762032 0.9223874 0.9196405 0.9996793 0.9976464 1 0.9999828 1 0.9999965 1 1
50 7 2 0.8421485 0.8389502 1 1 1 1 1 1 1 1 1 1
50 7 4 0.797174 0.7679175 0.9455994 0.9237014 0.9999432 0.9825873 1 1 1 1 1 1
50 7 6 0.8586233 0.7665867 0.9999991 0.9264648 1 0.9849013 1 0.999961 1 0.9999963 1 1
50 8 2 0.8402068 0.8351158 1 1 1 1 1 1 1 1 1 1
50 8 4 0.8048373 0.7864976 0.9608713 0.9447788 1 0.9901713 1 1 1 1 1 1
50 8 6 0.8141982 0.7842594 0.9752628 0.9433933 0.9999913 0.989418 0.9999983 0.9999826 1 0.9999941 1 1
50 9 2 0.8427084 0.8409543 1 1 1 1 1 1 1 1 1 1
50 9 4 0.8030103 0.7891939 0.9455756 0.9336172 0.9990646 0.9867258 1 1 1 1 1 1
50 9 6 0.8199259 0.7893363 0.9644517 0.9322146 0.9999877 0.9872517 0.9999999 0.9999588 1 0.999991 1 1
50 10 2 0.8105269 0.8074266 1 1 1 1 1 1 1 1 1 1
50 10 4 0.746853 0.7228319 0.924028 0.913185 1 0.9733413 1 1 1 1 1 1
50 10 6 0.7471147 0.712269 0.922839 0.9072508 1 0.9708667 1 0.999961 1 0.9999928 1 1
100 1 2 0.829163 0.825486 1 1 1 1 1 1 1 1 1 1
100 1 4 0.7818831 0.7667325 0.9440215 0.9292401 0.9999052 0.9911249 1 1 1 1 1 1
100 1 6 0.7697185 0.7649579 0.9289726 0.9271705 0.9910565 0.9903666 1 0.9999809 1 0.9999959 1 1
100 2 2 0.8054115 0.803239 1 1 1 1 1 1 1 1 1 1
100 2 4 0.7218977 0.7128658 0.898465 0.8926191 0.9701035 0.9686938 1 1 1 1 1 1
100 2 6 0.7429767 0.7138079 0.9251292 0.8923963 0.9999998 0.9671316 1 0.9999713 1 0.9999948 1 1
100 3 2 0.8738116 0.8730101 1 1 1 1 1 1 1 1 1 1
100 3 4 0.8183819 0.8137869 0.9420508 0.941039 0.9859737 0.9842405 1 1 1 1 1 1
100 3 6 0.8196814 0.8132971 0.9437188 0.9406062 0.9862662 0.9843888 0.9999955 0.9999686 1 0.9999953 1 1
100 4 2 0.8616519 0.8597005 1 1 1 1 1 1 1 1 1 1
100 4 4 0.7838081 0.783405 0.9213756 0.9221691 0.9760208 0.9751608 1 1 1 1 1 1
100 4 6 0.7819865 0.7812612 0.9199982 0.9214124 0.9750539 0.9745108 0.9988842 0.9999701 1 0.9999937 1 1
100 5 2 0.8307669 0.8317988 1 1 1 1 1 1 1 1 1 1
100 5 4 0.7631379 0.7565369 0.9207997 0.91687 0.9832945 0.980482 1 1 1 1 1 1
100 5 6 0.7620151 0.7570591 0.9193293 0.9168956 0.9825226 0.9805785 1 0.999983 1 0.9999949 1 1
100 6 2 0.7938779 0.7900337 1 1 1 1 1 1 1 1 1 1
100 6 4 0.7433729 0.715852 0.9424899 0.9162425 0.9999522 0.9743566 1 1 1 1 1 1
100 6 6 0.7185554 0.713353 0.9170793 0.914035 0.9737798 0.9738474 0.9999251 0.9999787 1 0.9999932 1 1
100 7 2 0.8181828 0.8140212 1 1 1 1 1 1 1 1 1 1
100 7 4 0.8125185 0.765762 0.9929878 0.9379556 1 0.9911911 1 1 1 1 1 1
100 7 6 0.7787867 0.7645287 0.9505489 0.936914 0.999838 0.9904197 1 0.9999779 1 0.9999973 1 1
100 8 2 0.8447028 0.8457055 1 1 1 1 1 1 1 1 1 1
100 8 4 0.7931666 0.7832754 0.9434178 0.937116 0.9913951 0.9882309 1 1 1 1 1 1
100 8 6 0.7993429 0.7823189 0.951404 0.9367882 0.9992731 0.9884 0.9999991 0.9999882 1 0.9999968 1 1
100 9 2 0.8098821 0.8086225 1 1 1 1 1 1 1 1 1 1
100 9 4 0.8196073 0.740224 0.9637586 0.9032017 0.9913215 0.9796199 1 1 1 1 1 1
100 9 6 0.7494826 0.7397398 0.9068923 0.9019195 0.982534 0.9782012 0.9998729 0.9999808 1 0.9999961 1 1
100 10 2 0.7689734 0.7641937 1 1 1 1 1 1 1 1 1 1
100 10 4 0.6952897 0.6916467 0.9096885 0.9067313 0.9812112 0.978082 1 1 1 1 1 1
100 10 6 0.6949623 0.6898569 0.9090843 0.9070726 0.979009 0.9776072 1 0.9999739 1 0.9999922 1 1
