N sim mu_vmp mu_mcmc psi_1_vmp psi_1_mcmc psi_2_vmp psi_2_mcmc psi_3_vmp psi_3_mcmc psi_4_vmp psi_4_mcmc zeta_vmp zeta_mcmc
10 1 0.0524922 0.03635705 0.05762703 0.05478663 0.2850067 0.338651 0.995139 0.534987 0.5305643 0.3814676 0.9898516 0.7363581
10 2 0.2711199 0.2689593 0.09178476 0.09802991 0.06542342 0.1158998 1.349997 0.5382099 0.5605305 0.4564062 0.8169216 0.7966072
10 3 9.507248 0.2625438 1.600075 0.06505516 1.936036 0.3994146 1.945937 0.3406818 2 0.481836 1.181478 0.8383199
10 4 0.4673832 0.09302934 0.02562111 0.03591417 0.1008574 0.298265 1.125308 0.6550219 1.314922 0.5844513 1.019801 0.8003832
10 5 0.3099021 0.3602917 0.07593484 0.1908578 0.3462553 0.479488 0.6711229 0.5886532 0.3926502 0.2937637 0.9533663 0.9265038
10 6 0.1533565 0.2004646 0.04368586 0.05426315 0.218058 0.3492151 1.086387 0.5775924 0.2562656 0.5135285 0.8472056 0.7238959
10 7 0.04892041 0.04532116 0.07659367 0.1770584 1.11179 0.6075518 1.608811 0.6544342 0.311248 0.5498065 0.8177598 0.7529765
10 8 0.01944077 0.01335663 0.09663625 0.08972464 0.5709906 0.4820936 1.145719 0.509201 1.154698 0.537666 0.7882401 0.7491437
10 9 0.1499994 0.2061189 0.05028771 0.05365971 0.2155893 0.2131437 1.761307 0.5389608 0.3907624 0.4496022 0.6696206 0.6814094
10 10 0.2239565 0.2002544 0.4374926 0.4182556 1.731467 0.4817483 1.384678 0.643492 1.887009 0.4745603 0.8555987 0.7888701
10 11 10.21937 0.06376688 1.959461 0.01514458 1.127984 0.2292237 1.656266 0.5456411 1.852108 0.5013713 1.091045 0.697925
10 12 0.1650409 0.1382361 0.02606459 0.04330296 1.993807 0.05260137 1.985076 0.2892405 0.9951215 0.457932 0.892548 0.7665472
10 13 0.04098879 0.09503164 0.6376289 0.4131866 0.3607894 0.2843115 1.287462 0.4137852 1.449329 0.4989272 0.9480601 0.9265277
10 14 0.03177971 0.02515924 0.03477305 0.03211195 1.88012 0.4665576 1.947517 0.5508394 1.793576 0.431224 0.7583115 0.6394004
10 15 0.07494942 0.07336901 0.1236165 0.02498398 1.065803 0.8605725 1.595899 0.6314284 0.8916193 0.5188573 0.7674454 0.6375124
10 16 0.09409905 0.1285377 0.7257712 0.7564421 0.7313816 0.7033429 1.921522 0.5822467 0.5132344 0.4835768 0.9654732 0.9411764
10 17 0.2525272 0.1741303 0.03046513 0.0386509 0.1598816 0.2322713 1.650802 0.4716887 1.951148 0.5538347 0.7723115 0.7311492
10 18 0.1423625 0.1769702 0.02431899 0.03493078 0.2576916 0.04191108 0.801613 0.2707823 0.6676521 0.5810399 0.724275 0.6880157
10 19 0.06961779 0.06961266 0.0445456 0.05916628 0.3255307 0.3681736 0.9439088 0.7336449 1.252025 0.5617445 1.198055 0.6969544
10 20 0.09955344 0.1612678 0.09152335 0.1010496 0.03061114 0.04769109 0.9776934 0.4169728 0.7861723 0.4814258 0.802604 0.7767509
10 21 0.07754775 0.06002085 0.01104639 0.01848517 0.07679576 0.2061369 0.8212532 0.3656556 0.604246 0.4277844 0.7362613 0.6653757
10 22 0.05233355 0.05376807 0.1519033 0.2321213 0.7626524 0.3640499 1.439249 0.3759618 1.887231 0.4977188 0.7252101 0.6939106
10 23 0.1059901 0.08886591 0.1401726 0.2035268 0.7566005 0.6504537 1.277853 0.6592636 0.7096519 0.4903615 0.7655722 0.7737701
10 24 0.1351706 0.2436124 0.3856251 0.1553432 0.3577465 0.2987283 0.6808957 0.4335717 0.6376716 0.4580776 0.7544977 0.7819218
10 25 0.1809233 0.2251244 0.04026685 0.03958197 0.4906397 0.5161918 0.8399609 0.6518987 0.4572384 0.5672699 0.8012975 0.8059396
10 26 0.04487939 0.05077694 0.0320757 0.0437039 0.1209 0.09119705 0.9500357 0.6043745 1.861945 0.3856637 0.8159022 0.6941545
10 27 0.07809373 0.1080057 0.08525557 0.03161244 0.2848567 0.2630097 1.275282 0.6060532 0.7399572 0.5497368 0.8070027 0.7443764
10 28 0.01888719 0.05414678 0.02065259 0.05345273 1.557124 0.1875432 1.92284 0.3602674 1.403527 0.5092415 0.800808 0.6813829
10 29 0.1666341 0.1499085 0.2027284 0.1940838 1.98411 0.5698459 1.794468 0.4923476 1.254554 0.5335039 0.8427601 0.8425185
10 30 9.656853 0.09145888 1.595603 0.2734503 1.756528 0.8517747 1.893556 0.542904 2 0.5165226 1.025613 0.7959614
10 31 0.1327764 0.1441028 0.0820761 0.09132459 0.257936 0.1437601 1.073597 0.6930206 1.836053 0.4289056 0.8983178 0.688009
10 32 0.03884614 0.04165112 0.03356141 0.02773902 1.911355 0.4666206 1.593791 0.6055792 0.150465 0.5292126 0.7251315 0.7063836
10 33 0.05568893 0.1053779 0.4688775 0.09603128 1.862172 0.8504999 1.913411 0.8043474 1.401754 0.6188914 0.8228413 0.8097651
10 34 0.05205555 0.04331331 0.08103087 0.06830614 0.2454181 0.3624843 1.357738 0.5217847 1.412113 0.4921678 0.716953 0.6953808
10 35 0.1097822 0.1134623 0.06040949 0.04769994 0.164197 0.1383347 0.4366138 0.2031188 0.8085166 0.3833721 0.6984055 0.6908702
10 36 0.1551696 0.2139298 0.5159885 0.5299309 1.090875 0.7466133 1.06143 0.7278056 1.475395 0.5527317 0.9049926 0.8780773
10 37 0.1194547 0.1476774 0.3157924 0.04645574 1.322373 0.4274864 1.657249 0.5144536 0.1986396 0.5139988 1.094432 0.7808894
10 38 9.474207 0.2016746 1.857277 0.09866545 1.960204 0.185702 1.979552 0.5871343 2.000001 0.3582781 1.040835 0.8152164
10 39 0.101418 0.07007935 0.03022314 0.05694379 1.000115 0.2138916 1.393883 0.3154333 0.515818 0.533659 1.177254 0.8021094
10 40 0.1886077 0.1632633 0.01856137 0.01423802 0.282024 0.3095376 0.972524 0.3744559 0.7787756 0.5071133 0.7726397 0.758819
10 41 0.1494454 0.1850321 0.08537304 0.07547856 1.475239 0.153584 1.733285 1.008258 1.896698 1.966737 0.8055358 0.8257401
10 42 0.02970319 0.02601985 0.03108809 0.04081975 1.983005 0.2059572 1.995064 0.4304932 0.8818594 0.4491005 0.7115083 0.6210194
10 43 0.2202549 0.2211448 0.01647172 0.01767493 0.2297099 0.2171279 0.8539315 0.5348514 1.83066 0.4369828 1.055634 0.8119057
10 44 0.11833 0.1057903 0.1146519 0.08650731 0.20392 0.2079915 1.261712 0.6161436 1.555835 0.4637542 0.742323 0.7308537
10 45 0.4277456 0.413138 0.08746272 0.0821229 0.3515538 0.2962984 1.165896 0.6002444 0.1943073 0.4725237 0.8627255 0.8203639
10 46 0.2688172 0.4273304 0.1696317 0.1642452 0.2683359 0.3041838 0.6047374 0.3341187 1.013696 0.6476383 0.7523288 0.828154
10 47 0.3649298 0.3636558 0.07877187 0.08932616 0.968216 0.5529205 1.428558 0.6441739 1.108928 0.5894693 0.9725416 0.8493219
10 48 0.2731169 0.3079316 0.08375018 0.08548136 0.6400152 0.6948229 1.35086 0.5988246 1.769704 0.5273803 0.808843 0.8309696
10 49 0.05402037 0.1017428 0.1614398 0.2641642 1.71069 0.7018824 1.990619 0.6405991 1.137134 0.4736831 0.8302664 0.7952071
10 50 0.104388 0.1653929 0.995217 0.03051804 0.8655362 0.1610758 0.8141541 0.5780617 0.9310386 0.4970345 1.181105 0.8013553
10 51 0.0878241 0.09814782 0.02622221 0.0287119 0.1060854 0.1487009 0.9481199 0.5232491 0.6914614 0.4583626 0.6324357 0.6333029
10 52 0.07419534 0.1228572 0.1545344 0.03616185 0.3815049 0.192118 1.051554 0.3807771 0.3657975 0.5003034 0.8862027 0.7631312
10 53 0.314486 0.233057 0.0163264 0.01642688 1.364776 0.366334 1.77896 0.5367747 0.1097409 0.4639333 0.8241365 0.7788057
10 54 0.1308337 0.1265142 1.722086 0.5964737 1.79405 0.4673834 0.9947356 0.5174994 0.9776352 0.5236941 1.07371 0.8345048
10 55 0.4103855 0.4572857 0.0337741 0.0247431 0.1571779 0.1108989 1.212844 0.86651 1.851632 0.5873729 0.8264923 0.8578651
10 56 9.629099 0.09944333 1.94791 0.1714136 1.738342 0.3042811 1.899272 0.5391536 2 0.4576865 0.9350282 0.7883065
10 57 0.2379169 0.1379245 0.2070095 0.1857655 0.1495461 0.1906191 1.315344 0.403015 1.393936 0.6908852 0.8653915 0.8116412
10 58 0.1012748 0.195792 0.1022581 0.1206105 0.1401058 0.1994168 0.8363302 0.6346033 0.554798 0.4820383 0.7592094 0.7967252
10 59 0.0966395 0.1440508 0.02450768 0.0234659 0.7507679 0.6269673 1.801934 0.5763356 1.400948 0.4751781 0.7822629 0.8187942
10 60 0.02749762 0.03953788 0.08063783 0.04830194 1.018445 0.2194223 1.484994 0.4123533 0.2123425 0.3832377 0.8582195 0.7057572
10 61 0.2244738 0.1962948 0.1132795 0.1699932 0.3058017 0.4201496 1.309186 0.3838645 0.7074955 0.5693238 0.9453665 0.7752947
10 62 0.1859977 0.27333 1.511203 0.184391 1.732131 0.4708445 1.035465 0.7219571 0.3401152 0.6683958 1.03467 0.8521221
10 63 0.2043594 0.1953861 0.07949105 0.09191752 0.1491809 0.1992549 1.025586 0.3671097 0.3688403 0.5448146 0.8252819 0.7747138
10 64 0.07463034 0.07226449 0.07091583 0.1148152 0.5400263 0.3389294 0.8589802 0.3919451 0.2861242 0.4470332 1.028344 0.7567727
10 65 0.1760616 0.1391695 0.208534 0.1979885 0.6302788 0.5450627 1.665144 0.6192159 0.3399198 0.4381453 0.9077762 0.8973864
10 66 0.06517928 0.09296366 0.06782817 0.1395759 1.848502 0.665479 1.235636 0.4866814 1.715402 0.6060872 0.6868975 0.6655856
10 67 0.2280329 0.2306439 0.1710884 0.1883273 0.2105483 0.2108633 1.207513 0.6914309 1.050856 0.470503 1.087951 0.850359
10 68 0.09406916 0.1043534 0.06584475 0.0587817 0.08151831 0.07678831 1.151552 0.5296047 0.824012 0.4832242 0.6783735 0.6974135
10 69 0.07602464 0.0737172 0.03837513 0.03819519 1.066517 0.5558951 1.987727 0.4929711 1.436862 0.4288629 0.6982547 0.6803699
10 70 0.1019646 0.2015831 0.1097595 0.09736792 0.2300584 0.3231078 0.6813168 0.4624014 0.330701 0.6101437 0.726227 0.8664531
10 71 0.1032015 0.07393071 0.05665727 0.05043279 0.0797289 0.06829848 0.9008707 0.3979658 0.6252196 0.450918 0.6649667 0.5785268
10 72 0.1127387 0.08535651 0.1766243 0.1981273 1.078378 0.5614238 1.92309 0.4737309 1.337392 0.485457 0.7805675 0.7657737
10 73 0.08494083 0.112035 0.213271 0.1918948 0.2325623 0.2285335 1.024726 0.4472288 0.5778782 0.5061632 0.7927677 0.7492076
10 74 0.2453908 0.1809557 0.3666309 0.03930791 1.585046 0.3242285 1.910784 0.6187429 0.4391591 0.546297 1.065193 0.7799786
10 75 0.06450259 0.06927988 0.1302896 0.1302344 0.1248169 0.1141215 0.7269459 0.5300763 0.9228115 0.4429674 0.583501 0.6602387
10 76 0.2275199 0.2241218 0.1416027 0.1855363 0.2942821 0.2867717 1.815906 0.5344038 0.7809928 0.4696997 0.8224271 0.7951766
10 77 0.08578497 0.07733278 0.06173605 0.06383052 0.8707986 0.3754022 1.21064 0.4104685 0.5429651 0.4500886 0.7459282 0.7168089
10 78 0.03700839 0.05361994 0.05298186 0.04816182 0.1357306 0.1595297 1.149863 0.8357003 0.4550008 0.3327199 0.6719305 0.683096
10 79 0.127275 0.09856599 0.2014459 0.2586914 0.399631 0.5175759 1.169925 0.343818 0.6762169 0.5903648 0.9868889 0.7924553
10 80 0.3332455 0.2396649 0.08207443 0.09145121 0.09770508 0.09472272 0.890274 0.4615635 0.8060709 0.4493266 0.8901505 0.8278542
10 81 0.3013 0.3086313 0.02302347 0.02891013 0.05510988 0.07175731 1.061954 0.5531868 1.683384 0.4714586 0.8562631 0.7759102
10 82 0.2221519 0.2659581 0.07850574 0.06283802 0.8738452 0.2343205 1.246813 0.4458677 0.8426297 0.4970715 0.817255 0.8068724
10 83 0.2309223 0.2599114 0.2716981 0.2163205 0.2872953 0.2263117 1.083713 0.5258206 1.292304 0.4724654 0.8073683 0.8154273
10 84 0.112908 0.0818365 0.4385777 0.3390132 1.098831 0.4644884 1.208292 0.5341485 0.4031204 0.4614016 0.828289 0.7097877
10 85 0.1050371 0.07577851 0.05217906 0.03220212 0.9884861 0.1254834 1.542639 0.4495674 0.2511686 0.4806913 0.7943414 0.6770822
10 86 9.506586 0.1076703 1.992459 0.9901879 1.934812 0.7768336 1.953888 0.3702633 2.000001 0.3946866 0.8737169 0.8264941
10 87 9.555646 0.3305949 1.973804 0.4475662 1.937702 0.520685 1.949729 0.4998694 2.000001 0.5523541 1.028208 0.8807155
10 88 0.2095723 0.2383645 0.2057625 0.1602832 1.160141 0.4616606 1.045289 0.4229739 0.4883479 0.4783857 0.8370399 0.7699633
10 89 0.06658654 0.06612663 0.1928217 0.2122536 0.4178237 0.4180662 0.7962555 0.3897698 1.945127 0.6359942 0.7818846 0.8026579
10 90 0.1806982 0.1941834 0.1076974 0.1096099 1.143931 0.6724789 1.683479 0.5602181 1.781594 0.4829898 0.834011 0.8205899
10 91 0.1430378 0.1343842 0.07063422 0.07325743 0.2009916 0.1780016 0.8865514 0.3241064 1.851732 0.4199123 0.8539519 0.8294069
10 92 0.03092882 0.04353108 0.09475753 0.0924358 1.044219 0.5976989 1.875765 0.3791928 0.8655886 0.5565358 0.8031745 0.7431994
10 93 0.02539632 0.06361782 0.1306609 0.1334229 0.05766186 0.05538806 1.343122 0.4827286 0.08329517 0.471897 0.8022126 0.7915768
10 94 0.1512935 0.1534083 0.2831066 0.2131292 0.2272287 0.1732546 1.801113 0.6203382 0.7672337 0.4649228 0.7455172 0.742543
10 95 0.02711511 0.05024435 0.03078476 0.03015574 0.3522351 0.3835714 0.8763923 0.7079073 1.041023 0.4585669 1.170657 0.7650687
10 96 0.05361143 0.03255454 0.03311361 0.04122976 1.154748 0.3030685 1.425923 0.5660743 1.387858 0.4448757 1.075675 0.7432584
10 97 10.00999 0.1486939 1.93485 0.1192687 1.593478 0.2874708 1.873691 0.5980817 2 0.6024656 0.9748309 0.7437229
10 98 0.2955227 0.1911205 0.2740446 0.1686996 0.4658984 0.4414272 0.9985229 0.4698506 1.269223 0.5306876 0.8349875 0.7430459
10 99 0.1234851 0.1255894 0.1493899 0.1610994 0.200258 0.2298339 1.158734 0.584368 0.9779263 0.5036392 0.7402796 0.7366134
10 100 0.4111303 0.4378262 0.177884 0.2123411 0.2784536 0.2354587 1.122509 0.4741425 0.5772375 0.4646542 0.9191024 0.9115752
50 1 0.02351316 0.01864348 0.03428297 0.02509273 0.1371963 0.1261637 1.227904 0.8619378 1.201417 0.7507044 0.7000882 0.6955765
50 2 0.05135505 0.05327385 0.04114829 0.03631489 0.1343975 0.1090711 0.1892964 0.1289122 1.70722 0.2659074 0.7369485 0.7149462
50 3 0.03621353 0.03802782 0.01813798 0.01978885 0.02733585 0.03089895 0.4289165 0.3086958 1.501623 0.4080479 0.6833455 0.667789
50 4 0.01145401 0.01119605 0.007244923 0.006031473 0.006599807 0.007064762 1.111959 0.234553 0.8022004 0.1263292 0.6431665 0.5930472
50 5 0.009541573 0.0126095 0.1521859 0.1309407 0.1877552 0.5953802 0.1220571 0.5050138 0.8010796 0.1576454 0.7307462 0.7475587
50 6 0.01349167 0.01423766 0.03180714 0.03107502 0.873165 0.3793168 0.8176566 0.3589797 1.82116 0.1604638 0.7935876 0.7084638
50 7 0.01957836 0.02048561 0.04610974 0.07258284 0.2579755 0.223856 0.2812747 0.2266673 1.114754 0.07957835 0.7997245 0.6715852
50 8 0.03674601 0.05738839 0.005893534 0.007494188 0.02064733 0.02236631 0.3089235 0.2361209 1.358261 0.2670681 0.6563959 0.6620622
50 9 0.01084073 0.01271555 0.05609747 0.07743421 0.08812672 0.08576888 0.6277261 0.6593127 1.140344 0.6005287 0.7396383 0.6917078
50 10 0.02884972 0.02907699 0.01135641 0.0193765 0.05985402 0.07920798 0.06066741 0.1862954 0.1133221 0.2219942 0.6459411 0.6232685
50 11 0.01568719 0.02013144 0.004085087 0.007688489 0.03562873 0.04789647 0.4458549 0.4256923 0.9462405 0.3633518 0.6739603 0.6252841
50 12 0.01953958 0.01102651 0.002922606 0.004671354 0.162661 0.1370077 0.6200286 0.4049304 1.140439 0.3045029 0.6953411 0.6372982
50 13 0.02303047 0.01403127 0.0244108 0.02577476 0.09358143 0.09287448 0.615708 0.3272399 1.847081 0.2046041 0.6851265 0.6608858
50 14 0.02050143 0.02115923 0.01870033 0.02244988 0.0293139 0.02942383 0.06747738 0.05963983 1.688266 0.1079389 0.6905292 0.6417779
50 15 0.01629453 0.0206977 0.01239439 0.01498054 0.02212056 0.02757894 0.7737932 0.4380985 1.742573 0.3473213 0.7092034 0.6473414
50 16 0.007691574 0.007140112 0.03801487 0.04039039 0.05542243 0.05938568 0.05084342 0.04438465 1.924132 0.1173312 0.6611884 0.6281515
50 17 0.02620157 0.0259598 0.008619089 0.01164982 0.4787107 0.443279 0.4606876 0.4294074 1.571874 0.06918867 0.7138621 0.6865527
50 18 0.07468956 0.07786237 0.080127 0.07707436 0.1294166 0.1232914 0.2668516 0.2533024 0.5774554 0.4167005 0.7170044 0.7276622
50 19 0.007559804 0.01350406 0.02258865 0.02789232 0.08924918 0.08934143 0.5089786 0.4477259 0.5305262 0.4331262 0.6825763 0.6739569
50 20 0.006625699 0.00736114 0.02004462 0.01850136 0.02911721 0.02657568 0.5956056 0.2180007 0.4572697 0.3027439 0.6729601 0.6247794
50 21 0.1263005 0.1096851 0.01937553 0.01995836 0.06476029 0.06397404 0.3786157 0.1947147 0.4382808 0.2384144 0.7239976 0.6948357
50 22 0.01851071 0.009959968 0.01933093 0.01402511 0.02391477 0.06662616 0.5653623 0.0562937 1.349444 0.2720725 0.6784056 0.6386079
50 23 0.009612521 0.009442709 0.03687428 0.0389795 0.138359 0.09951035 0.2079667 0.159931 1.668729 0.271088 0.6530703 0.6329561
50 24 0.02395389 0.02545995 0.004589416 0.004927258 0.07564918 0.1131987 0.7519905 0.1680219 1.499759 0.16287 0.6830904 0.6266962
50 25 0.03440978 0.02542152 0.01091472 0.01019166 0.08016045 0.07515045 0.2149044 0.1890769 1.830716 0.305754 0.6618017 0.6391818
50 26 0.0300391 0.03765498 0.007240342 0.009254618 0.05283361 0.04265961 0.09012901 0.07091541 1.813153 0.1010887 0.6627257 0.6433173
50 27 0.01037927 0.03747307 0.01143531 0.005701935 0.03225899 0.01983418 0.7316592 0.1024924 1.990086 0.0721038 0.6890729 0.6464024
50 28 0.01871396 0.01705145 0.03348903 0.03412867 0.01699486 0.02034805 1.061792 0.2205789 1.540056 0.2218404 0.6510315 0.6205987
50 29 0.02249076 0.02174841 0.00811831 0.009237949 0.04544129 0.04787493 0.06582703 0.0611793 1.683363 0.4410443 0.6432596 0.6350003
50 30 0.01919425 0.01742735 0.004258776 0.004138407 0.02168147 0.02169097 0.6606616 0.2768609 1.362047 0.2724244 0.673167 0.6492979
50 31 0.1262374 0.1063207 0.009934367 0.01131151 0.101328 0.0891382 1.736077 1.03803 1.685109 0.9904703 0.756653 0.7267995
50 32 0.2135291 0.1874062 0.02575003 0.02675042 0.0438972 0.04008599 0.4364559 0.1921666 0.408165 0.6551108 0.7955835 0.7478384
50 33 0.02751983 0.028101 0.02091354 0.02054224 0.04958602 0.05539553 1.94117 0.4486831 1.867093 0.4421926 0.7133509 0.6626365
50 34 0.0297327 0.03182794 0.03157151 0.02926688 0.5061107 0.4710676 0.9755147 0.9157379 1.456796 0.5907706 0.6936716 0.6986814
50 35 0.01460871 0.01629806 0.005942877 0.004036243 0.06149305 0.06299355 0.1172393 0.1259524 1.750471 0.4115883 0.6585068 0.641977
50 36 0.005119183 0.004393039 0.008577286 0.008280125 0.02529612 0.02594339 0.702905 0.2001135 1.811866 0.2737909 0.6579918 0.6126113
50 37 0.05620402 0.06647844 0.01450105 0.01144782 0.05566986 0.05616177 0.1035614 0.113016 1.63665 0.472025 0.7095699 0.7006653
50 38 0.04480178 0.04398651 0.05262497 0.005532393 0.08812378 0.1632111 0.3539257 0.1256305 1.815108 0.1708355 0.880957 0.6820496
50 39 0.04599581 0.008235889 0.04271004 0.009618954 0.06058059 0.1783475 0.9092237 0.1573459 1.976365 0.4007499 0.7865136 0.633495
50 40 0.05501302 0.05198786 0.00668354 0.007400565 0.3937628 0.3422678 0.4395359 0.4024687 0.5462577 0.1595578 0.6963174 0.6711579
50 41 0.0134162 0.0396079 0.01546889 0.01253795 0.02208871 0.02799328 0.6756072 0.1105836 0.8723746 0.1105752 0.696013 0.6425799
50 42 0.03390154 0.04209879 0.0166333 0.02348329 0.08435292 0.07750488 0.0809584 0.05557547 1.252765 0.1348215 0.7080554 0.6776556
50 43 0.03431914 0.03152713 0.01025369 0.005470167 0.02609059 0.01854942 0.6645741 0.04148247 1.675853 0.1110943 0.667932 0.61377
50 44 0.03384553 0.02233555 0.0104548 0.01458416 0.00833521 0.01014495 0.7264434 0.168718 1.881913 0.7610337 0.6792555 0.6535975
50 45 0.04360373 0.02463155 0.04373719 0.07021955 0.06658952 0.07408384 0.8199948 0.5778606 1.685588 0.5178127 0.7764621 0.7288561
50 46 0.08852998 0.09611248 0.2676865 0.2374099 0.2700037 0.2473699 0.1438061 0.122494 1.682326 0.1724796 0.756629 0.7661037
50 47 0.05750915 0.05583375 0.01783429 0.02346831 0.08952192 0.1437244 0.5883247 0.1705156 0.7609437 0.1727664 0.6889981 0.6733181
50 48 0.008135969 0.01130504 0.008332285 0.005111265 0.04069093 0.03188061 0.1345021 0.1154821 1.466532 0.1958352 0.6174958 0.6103933
50 49 0.01490069 0.01595977 0.01619265 0.01895747 0.08728993 0.06622093 0.7813123 0.4447292 0.2311891 0.3974908 0.6747074 0.6539674
50 50 0.1398028 0.1325522 0.006175313 0.003680871 0.03522458 0.04652764 0.641439 0.4346702 0.485419 0.4061699 0.7542913 0.7302405
50 51 0.03695035 0.01397435 0.01400267 0.02263927 0.08729344 0.2902647 0.6786332 0.3418313 1.987146 0.2160789 0.707618 0.6581529
50 52 0.06109725 0.06002129 0.04032809 0.03840971 0.2223497 0.2683088 0.2097557 0.2668105 1.930903 0.1039263 0.7419367 0.7072279
50 53 0.03759485 0.0354439 0.01677846 0.01531687 0.159981 0.1497818 0.5573031 0.4228712 1.302178 0.5579203 0.6918663 0.6774029
50 54 0.04770786 0.04247294 0.004040662 0.003442466 0.06339088 0.06826952 0.03304131 0.05565446 1.790668 0.1516521 0.6890038 0.6582898
50 55 0.02407118 0.02245967 0.03163723 0.04135554 0.03816548 0.05186309 0.04003073 0.06201178 1.778247 0.1682026 0.7051056 0.6413154
50 56 0.009507968 0.01292255 0.0142816 0.0115341 0.04305202 0.0324241 0.3951525 0.1420169 1.798891 0.254306 0.6336154 0.6222965
50 57 0.05057747 0.0410675 0.006076517 0.008643009 0.03784829 0.04631278 0.6582517 0.1029113 1.116891 0.1385996 0.6943076 0.6461343
50 58 0.03776776 0.06556223 0.004900291 0.008060326 0.03765012 0.02269115 0.8451161 0.1237951 0.6616225 0.1183881 0.7009825 0.6544314
50 59 0.2471613 0.08888181 0.02012888 0.007928662 0.03826288 0.08902304 0.7393366 0.1510645 1.909852 0.1440008 0.8310543 0.6861933
50 60 0.03486247 0.04050502 0.0167616 0.01961244 0.0861132 0.08840437 0.268292 0.293725 1.204749 0.21302 0.6836694 0.6566886
50 61 0.0697482 0.06585001 0.0217736 0.02186327 0.0543274 0.08515887 0.08646165 0.09984383 1.85135 0.161728 0.6448138 0.6175369
50 62 0.02767219 0.02601091 0.05317007 0.05734079 0.06077808 0.06242328 0.3264609 0.3109788 1.225528 0.3669526 0.720852 0.6877012
50 63 0.01551879 0.01489821 0.008511993 0.007795586 0.03341981 0.02922892 0.6130181 0.4478971 1.429399 0.4504565 0.6458701 0.6374749
50 64 0.05248029 0.04219075 0.03815836 0.03673875 0.04460468 0.05747518 0.4911932 0.3078051 0.4799127 0.3096307 0.6906573 0.6577044
50 65 0.00676234 0.007163387 0.02082773 0.01818427 0.1258898 0.1207615 0.1212481 0.1159724 1.846493 0.3612657 0.6381995 0.6294239
50 66 0.01467403 0.01594313 0.005146114 0.00852597 0.02958653 0.03615336 0.1698918 0.1467793 0.7931586 0.2888882 0.6455348 0.6310251
50 67 0.03709807 0.03992549 0.02753525 0.03233722 0.02936234 0.03964637 0.7427226 0.2215953 0.7933696 0.2153129 0.6701698 0.6329162
50 68 0.01213077 0.01375361 0.002003643 0.003412601 0.05491536 0.047662 0.2004499 0.1561255 1.652273 0.258674 0.8170997 0.641456
50 69 0.00967896 0.01023021 0.01517809 0.01599935 0.09428021 0.09934091 0.3724998 0.3453351 1.476292 0.4529157 0.6376925 0.6340328
50 70 0.05543575 0.04694292 0.008591532 0.007115133 0.02454491 0.02643905 0.588595 0.1601281 1.564265 0.3375168 0.7021606 0.6588687
50 71 0.009376087 0.01624079 0.02149643 0.02750299 0.06245192 0.06917106 0.1467124 0.1325331 1.480669 0.1787406 0.7213158 0.6621891
50 72 0.03726814 0.05764776 0.007775465 0.01076541 0.06335397 0.06070549 0.1451626 0.07469379 1.641389 0.1304605 0.6976218 0.6532521
50 73 0.1213902 0.1584133 0.01514014 0.01800681 0.01667363 0.02919468 0.2676664 0.05271725 1.464792 0.2241389 0.76147 0.7196754
50 74 0.06697099 0.05807746 0.09382832 0.07221831 0.1148445 0.1153389 0.2687319 0.1151368 1.339679 0.131727 0.7139362 0.6889246
50 75 0.01626145 0.01331904 0.01263121 0.01367617 0.03302624 0.03936882 0.7271807 0.2734978 1.564077 0.2811752 0.6633076 0.6438126
50 76 0.01551647 0.01632617 0.05593551 0.05574416 0.1190174 0.1359997 0.6019658 0.29233 0.3227561 0.1317922 0.6706976 0.663787
50 77 0.02181747 0.02357896 0.02520301 0.02719098 0.08323066 0.0925798 0.07345107 0.07106272 1.842452 0.3758701 0.7108086 0.6255946
50 78 0.03799269 0.0301924 0.004289895 0.004391523 0.1702866 0.1954528 0.08749109 0.07261452 1.626764 0.2299299 0.6574306 0.6389595
50 79 0.02177715 0.01955395 0.009301296 0.008258771 0.02497677 0.02466786 0.0781412 0.06221058 1.855129 0.2006398 0.6239115 0.6012239
50 80 0.04061972 0.04015963 0.007522524 0.006237155 0.03977338 0.04095133 0.744193 0.1481502 1.966546 0.1835308 0.688185 0.6497055
50 81 0.01139238 0.0114288 0.02884626 0.03325727 0.05013765 0.05088869 0.3192126 0.3178823 1.179503 0.3855715 0.6628671 0.6532975
50 82 0.04249571 0.03955576 0.07375323 0.07919194 0.07753032 0.07730725 0.1017213 0.09162454 1.902414 0.1236429 0.6790337 0.6483837
50 83 0.07332883 0.08730713 0.03003141 0.03394728 0.05818691 0.04773062 1.093233 0.2504929 0.8122864 0.3096322 0.7226166 0.7047933
50 84 0.01829508 0.01795544 0.009935782 0.009942431 0.3937396 0.3703135 0.4536967 0.4129456 1.864708 0.3861331 0.6596692 0.6513473
50 85 0.07697005 0.101889 0.01208764 0.02178583 0.1230672 0.1161516 0.4392723 0.3821216 0.8899772 0.3130822 0.7220455 0.6870908
50 86 0.02111306 0.03412199 0.01141538 0.01733215 0.04698115 0.08351913 0.1210404 0.1380099 1.953655 0.07029516 0.6735176 0.6201473
50 87 0.0191121 0.01723614 0.01370078 0.01053675 0.02763415 0.0214197 0.8033125 0.0515437 1.911904 0.2981895 0.6637084 0.6217718
50 88 0.006282096 0.006407505 0.05349007 0.05453815 0.3359965 0.2691202 0.3450025 0.306602 1.34468 0.3777775 0.6996238 0.6724764
50 89 0.02016384 0.01867838 0.02184988 0.01867736 0.06355439 0.05658476 0.9000971 0.2483759 1.772437 0.3049676 0.6941259 0.6817986
50 90 0.02435428 0.02238484 0.003566366 0.004339644 0.09322296 0.07330666 0.7081863 0.3271736 1.233576 0.2498547 0.6445989 0.6057774
50 91 0.01716882 0.01201258 0.01456157 0.01619083 0.05827836 0.05148475 0.3486629 0.2069085 0.8647155 0.2145341 0.677358 0.6471192
50 92 0.08604666 0.07630629 0.01309679 0.01900483 0.07797307 0.06930671 1.755208 0.5269843 1.869912 0.5131544 0.7369039 0.6787827
50 93 0.005395617 0.01072455 0.03212237 0.02590318 0.07424684 0.06023161 0.0743821 0.0752421 1.325188 0.1524112 0.612437 0.6129464
50 94 0.02778438 0.02542301 0.02943135 0.02957722 0.04679903 0.05981455 0.5213431 0.09740623 0.900751 0.2407123 0.6795339 0.6433254
50 95 0.03126656 0.02222277 0.01368118 0.01479826 0.0375574 0.03872347 0.4856403 0.04607619 0.2213593 0.08658562 0.6425222 0.5938745
50 96 0.01637433 0.01375677 0.01214992 0.01064922 0.0493395 0.06446083 0.1758689 0.1699785 1.977357 0.1005746 0.6493389 0.615404
50 97 0.01580784 0.008813661 0.03628474 0.03108685 0.02850309 0.03456889 0.07511259 0.1314857 1.942393 0.1928406 0.6567882 0.6304375
50 98 0.00821812 0.008488909 0.007192026 0.006091339 0.08182952 0.066471 0.8535608 0.4688742 0.8280294 0.2667912 0.6728269 0.647684
50 99 0.04142159 0.0466317 0.004647668 0.00805938 0.01891567 0.01925072 0.3736502 0.2700259 1.204409 0.2976464 0.7167135 0.6663845
50 100 0.04103482 0.03900983 0.007010988 0.008762008 0.05171681 0.04790837 0.1163246 0.1543402 1.62891 0.1624384 0.6542085 0.6156161
100 1 0.01670675 0.01531071 0.008220598 0.00956678 0.04048363 0.04688183 0.03400323 0.04196099 1.978748 0.09900373 0.6412153 0.6136166
100 2 0.01127125 0.009961497 0.003957285 0.004347792 0.04864156 0.0437391 0.05756245 0.06926787 1.912379 0.1124156 0.64805 0.6216801
100 3 0.007757767 0.007258583 0.008752105 0.008065763 0.01667504 0.02505132 0.03420463 0.0626216 1.758558 0.04824709 0.7853736 0.6160681
100 4 0.01750981 0.01812548 0.03783512 0.03936039 0.04313714 0.05686853 0.3098905 0.1159725 0.2592182 0.1138656 0.7059958 0.6669772
100 5 0.02181548 0.009237567 0.0152052 0.02029579 0.03011023 0.04253575 0.05355525 0.05762212 1.646135 0.07716857 0.6903157 0.642226
100 6 0.02154768 0.01805051 0.01238766 0.01095236 0.05286299 0.04494727 0.9098774 0.3781289 0.9630516 0.3598021 0.6848679 0.6520718
100 7 0.003782129 0.004328081 0.006084608 0.006735941 0.09330029 0.0942399 0.09391129 0.1056102 0.2260246 0.03754899 0.6171877 0.5930754
100 8 0.03358502 0.02660052 0.01593002 0.02079995 0.02231391 0.02941456 0.06925264 0.06290217 1.947873 0.02728145 0.8323355 0.6208943
100 9 0.02035312 0.01892436 0.0146464 0.01283834 0.03196272 0.02731692 0.05419965 0.05410556 0.05024938 0.04106495 0.629868 0.6285013
100 10 0.009472262 0.007114478 0.01402332 0.0146965 0.04286406 0.04121603 0.1161014 0.1580222 1.689306 0.1327146 0.636428 0.605818
100 11 0.01628655 0.01120372 0.007321535 0.00740986 0.1193711 0.1084504 0.139495 0.1269943 1.539222 0.1153334 0.6480931 0.6026598
100 12 0.0115141 0.01051725 0.005614527 0.005037209 0.08867443 0.08226748 0.1383817 0.131801 0.07381545 0.07870938 0.6258392 0.620274
100 13 0.01101518 0.009761282 0.01913577 0.02154122 0.01610107 0.02189377 0.9857167 0.5344345 1.026269 0.5092148 0.7027822 0.6785417
100 14 0.005527052 0.006336379 0.01966554 0.01777348 0.03006687 0.03081032 0.1201908 0.1353364 1.386155 0.1070607 0.654063 0.6386435
100 15 0.0214899 0.02039801 0.0212765 0.01928687 0.03867873 0.03584104 0.118511 0.1141571 1.324488 0.1190124 0.6360668 0.6167833
100 16 0.003327573 0.004571862 0.006733515 0.01511642 0.02562735 0.07126692 0.6990239 0.09796692 0.5790338 0.07717488 0.7025436 0.6411589
100 17 0.01852878 0.01959382 0.01185496 0.01120244 0.0353822 0.03492718 0.08833305 0.07759842 0.0900372 0.07858195 0.6239463 0.6258133
100 18 0.012523 0.00616047 0.006364116 0.004533517 0.03570525 0.03827095 0.05145739 0.06595174 0.03419919 0.04303135 0.6100073 0.6082972
100 19 0.01088541 0.01680859 0.003306529 0.00239965 0.06508856 0.06530296 0.3104189 0.3266132 1.31496 0.3272105 0.6544762 0.6360735
100 20 0.006902155 0.006855204 0.005819824 0.007132766 0.06279595 0.06377973 0.09808165 0.09970735 1.715019 0.06357291 0.6415006 0.6059674
100 21 0.04680826 0.04432646 0.01523454 0.01607358 0.09445498 0.08114121 0.5835103 0.6130958 0.5940584 0.6041879 0.6973172 0.700434
100 22 0.00888592 0.009310161 0.01826873 0.02304246 0.04960422 0.0481212 0.04187923 0.04442888 1.729296 0.07709588 0.6250867 0.5920896
100 23 0.008720045 0.008645174 0.01613887 0.0152082 0.1265786 0.1517673 0.2607548 0.3209935 1.525625 0.1863483 0.6744669 0.6448417
100 24 0.001486585 0.001529859 0.00627915 0.007720912 0.06605864 0.07160127 0.05508737 0.03246371 1.843765 0.1130628 0.6372022 0.6057564
100 25 0.01283914 0.01371983 0.04147593 0.04944267 0.04894221 0.05314231 0.01346569 0.0136392 1.972419 0.02550073 0.6913379 0.6511965
100 26 0.01165169 0.01281766 0.005382438 0.004166849 0.05261776 0.05979859 0.7960922 0.1362871 0.9225944 0.1774435 0.692881 0.6287076
100 27 0.01814253 0.01951314 0.009453103 0.009117402 0.01725902 0.01985105 0.1547513 0.164039 0.1241778 0.1443088 0.6128227 0.6155858
100 28 0.02260382 0.02337155 0.0121844 0.01153631 0.04189386 0.04286237 0.3448976 0.3594404 1.39007 0.347401 0.677598 0.6517746
100 29 0.02737485 0.02285398 0.00452935 0.005059075 0.01653102 0.02002995 0.03460394 0.03967497 0.02468352 0.03505743 0.6340907 0.6193625
100 30 0.01460717 0.01157004 0.0139534 0.01736401 0.03090498 0.03489218 0.4133683 0.4032689 0.4031116 0.3857461 0.6548961 0.6303691
100 31 0.00847379 0.01153275 0.007818369 0.006741662 0.03265626 0.03374366 0.05701073 0.05758615 1.98117 0.03575721 0.6308174 0.6063731
100 32 0.008151479 0.01196227 0.007727129 0.008168881 0.02969745 0.02067997 0.07431945 0.0620394 1.812918 0.05520392 0.6308665 0.5962533
100 33 0.01685567 0.01396535 0.01282556 0.01091383 0.05051166 0.05582462 0.0647372 0.06568643 0.05735929 0.05626134 0.6012562 0.5962148
100 34 0.02304452 0.01140131 0.003849968 0.003688884 0.04376483 0.03594432 0.1547774 0.1672956 1.502346 0.1303057 0.6629382 0.6097655
100 35 0.04665526 0.04335817 0.006584681 0.006910444 0.01097621 0.00933992 0.02738624 0.02801191 1.685344 0.0704526 0.6692989 0.6411312
100 36 0.007352753 0.006270885 0.02144111 0.01999053 0.03245874 0.03206044 0.08864798 0.05629449 0.139252 0.104172 0.6076492 0.5899645
100 37 0.007855584 0.009862064 0.02087458 0.0222594 0.009326284 0.0104226 0.1180965 0.09222407 1.845503 0.1299181 0.6479062 0.6168965
100 38 0.01844462 0.01724938 0.01060659 0.009398387 0.03317391 0.02926237 0.2249374 0.2335972 0.7324027 0.2389066 0.6499755 0.6286153
100 39 0.009390302 0.008415535 0.01205728 0.01117711 0.2884082 0.2643299 0.342167 0.2837682 0.1505877 0.1028385 0.6312048 0.6578003
100 40 0.03336838 0.04613747 0.01047424 0.009618207 0.0147683 0.01302878 0.02658398 0.06172482 1.183744 0.07066322 0.6634315 0.6456759
100 41 0.006011959 0.007519044 0.003872619 0.003478936 0.1217472 0.1130702 0.09238222 0.08020636 0.07972488 0.08496832 0.6245647 0.620137
100 42 0.004833351 0.004948339 0.02205359 0.01871936 0.04687279 0.02135513 0.1323865 0.2297146 0.1892443 0.2511223 0.6727283 0.6366888
100 43 0.03104242 0.02919265 0.03105981 0.03351125 0.0831374 0.08872148 0.07998098 0.07073305 1.534695 0.1349161 0.691551 0.666407
100 44 0.01846045 0.02587413 0.006105435 0.005357303 0.03081946 0.03092848 0.05541768 0.05150192 1.378638 0.06647314 0.6651658 0.6451613
100 45 0.009486789 0.01076315 0.003906443 0.006273746 0.02769401 0.03609762 0.195463 0.08944869 0.2167132 0.130601 0.6486353 0.6167026
100 46 0.0166394 0.02064751 0.003196343 0.002762325 0.01006106 0.006141804 0.1981642 0.1660455 1.134469 0.1452726 0.6510039 0.6285912
100 47 0.02603173 0.02917232 0.003579641 0.002989897 0.01849744 0.02367713 0.09180999 0.07246578 1.57705 0.08764418 0.6303343 0.613995
100 48 0.007195317 0.008173233 0.01299291 0.01362648 0.07824496 0.08552256 0.2935464 0.2893379 0.3373822 0.3436595 0.6482889 0.6480851
100 49 0.03405505 0.02611792 0.009491277 0.009952116 0.0670306 0.06215706 0.239252 0.2010481 1.264695 0.1557371 0.6686906 0.6348279
100 50 0.02896059 0.02375931 0.03395374 0.03310831 0.0310155 0.0283053 0.1881955 0.1486723 0.1720147 0.1362284 0.662248 0.6647863
100 51 0.01015494 0.01203818 0.01652753 0.01730089 0.03655528 0.0393419 0.1581142 0.09433649 0.821829 0.1705083 0.6601188 0.6416087
100 52 0.01150967 0.0114361 0.01782831 0.02017853 0.08862121 0.09227729 0.12697 0.1118587 0.2247653 0.09298491 0.6531456 0.6360043
100 53 0.008614647 0.01150502 0.007527316 0.007026032 0.01515138 0.01188522 0.02976422 0.02884858 0.06307855 0.06408894 0.6007324 0.5957998
100 54 0.03468933 0.03496738 0.02376788 0.02416422 0.02128616 0.02365169 0.06697294 0.08280787 0.06615538 0.07440724 0.6627356 0.6644787
100 55 0.009676795 0.01030106 0.01566496 0.01528286 0.06121192 0.05129318 0.4363246 0.2650008 1.580444 0.2513625 0.6640069 0.6342471
100 56 0.01138796 0.01275092 0.004126774 0.005304173 0.06009044 0.06890837 0.08249392 0.05012321 1.968522 0.1684439 0.6258646 0.5965185
100 57 0.0315473 0.02957519 0.007589794 0.006717927 0.02056062 0.03177846 0.08437162 0.08620192 1.671039 0.1219936 0.6431399 0.6213092
100 58 0.009547583 0.01139723 0.002498256 0.003043208 0.03300979 0.0351944 0.06468827 0.06475105 1.970113 0.1174336 0.6420569 0.6156984
100 59 0.003883192 0.004217669 0.01059144 0.01009272 0.07918194 0.08864458 0.07370722 0.07357566 1.996199 0.03800175 0.6352433 0.6073494
100 60 0.00415177 0.008235449 0.01992612 0.02382595 0.01766515 0.02532626 0.1232297 0.1244969 1.990925 0.05445212 0.6581973 0.6265469
100 61 0.04085353 0.04310273 0.008859824 0.01158528 0.02751762 0.02453741 0.03582279 0.02626378 1.762235 0.03300417 0.6795492 0.6377055
100 62 0.05906204 0.05874286 0.01002318 0.0109115 0.2225053 0.2365179 0.29304 0.2565485 1.317244 0.08756533 0.712973 0.6888138
100 63 0.0302545 0.03175537 0.009282422 0.009390768 0.02404197 0.016581 0.08908763 0.07975605 0.06859652 0.07942616 0.6250186 0.6190875
100 64 0.02053135 0.01613512 0.0204885 0.01737056 0.1264441 0.1287828 0.1056259 0.1184766 1.983636 0.04434346 0.672845 0.6556909
100 65 0.01231627 0.01083516 0.007679804 0.006840113 0.01161111 0.01047291 0.04551348 0.04405918 0.08322179 0.08249912 0.6146251 0.6145227
100 66 0.006265831 0.005264004 0.006392314 0.007201675 0.07417217 0.081098 0.1129507 0.1229148 0.07603753 0.08340469 0.6190715 0.6138066
100 67 0.01282658 0.01044524 0.009610093 0.007305744 0.1592289 0.1478446 0.2725623 0.4178373 1.258455 0.2933174 0.6855208 0.6742715
100 68 0.02322735 0.02035249 0.01056647 0.009645261 0.02055223 0.01732302 0.08167463 0.08171989 1.729219 0.08435672 0.6377568 0.6116447
100 69 0.01796348 0.01303288 0.01207385 0.01250098 0.01509924 0.01333943 0.1493467 0.1127247 1.195705 0.08450929 0.6363612 0.6052445
100 70 0.01108558 0.0101471 0.003421136 0.003054035 0.009663676 0.01580493 0.05438647 0.07952316 0.14019 0.1007685 0.7254333 0.5958597
100 71 0.09925071 0.08647876 0.02022282 0.02335925 0.01136677 0.01272168 0.1704631 0.1691054 0.1287242 0.1443019 0.6936083 0.6871044
100 72 0.007907274 0.007368579 0.005834787 0.005805214 0.01917678 0.01961225 0.09035494 0.1049874 0.08812324 0.1056239 0.6132366 0.6030798
100 73 0.06320727 0.06429603 0.001925419 0.001895582 0.119279 0.1168119 0.3245554 0.3041777 0.2968107 0.2659686 0.6954315 0.6932143
100 74 0.01503142 0.01383629 0.02420451 0.0223468 0.2071847 0.2112347 0.2613437 0.22667 1.636604 0.2436389 0.6729558 0.6612999
100 75 0.01378873 0.02049137 0.006597623 0.006995983 0.02537874 0.02077351 0.04820247 0.04480458 1.289528 0.05815086 0.6086044 0.6014306
100 76 0.01544383 0.01564068 0.005556854 0.00445003 0.03326367 0.0344041 0.052625 0.06161885 0.06640466 0.04446477 0.6422443 0.636001
100 77 0.04056508 0.04026924 0.01205698 0.01222572 0.009980308 0.01167141 0.06152712 0.06082586 0.05505079 0.06832632 0.6201983 0.6169854
100 78 0.0453032 0.05316996 0.01456915 0.01171344 0.1081607 0.1119462 0.1278638 0.1374114 1.827424 0.0782733 0.677051 0.6670864
100 79 0.01222737 0.01496896 0.02653756 0.03016515 0.06306833 0.06563058 0.07054773 0.1020077 0.06461631 0.09711742 0.6697911 0.6606928
100 80 0.01339356 0.003627561 0.00114586 0.00391632 0.1470739 0.1799759 0.4883841 0.3106821 1.250725 0.1850269 0.7037261 0.6439055
100 81 0.007968669 0.0122979 0.01119723 0.01133493 0.05051015 0.03509466 0.09429934 0.0443394 0.1086071 0.08192349 0.6225078 0.607834
100 82 0.008337101 0.008384477 0.0141933 0.008911904 0.02664904 0.02912527 0.06322965 0.03979791 0.08367396 0.05216581 0.656121 0.6212801
100 83 0.01299725 0.01317358 0.004948209 0.004602014 0.05140578 0.05835546 0.09579771 0.09876478 0.1094329 0.1037781 0.6173002 0.6188386
100 84 0.002904174 0.003055318 0.002186391 0.002794284 0.02656396 0.02494036 0.04309421 0.04356569 1.803076 0.1418842 0.6242719 0.604529
100 85 0.03991093 0.03907453 0.01987256 0.01816721 0.06797967 0.05677205 0.1013757 0.09484497 1.553357 0.08956876 0.6696701 0.6444119
100 86 0.01449916 0.01812812 0.006401666 0.008906446 0.03257719 0.02576031 0.03165832 0.02719271 1.423604 0.0408227 0.649076 0.6108262
100 87 0.005967443 0.005559593 0.01007664 0.01074894 0.01026552 0.007953958 0.1793044 0.09463942 0.2074515 0.1282476 0.6311889 0.6134752
100 88 0.04069534 0.06900151 0.002246324 0.002285022 0.05462925 0.04798211 0.08471427 0.07683898 1.711568 0.1679347 0.654978 0.6442276
100 89 0.001912935 0.0009755489 0.005081102 0.004799316 0.02961541 0.02812409 0.103756 0.09438556 0.2675295 0.2273824 0.6033412 0.6049679
100 90 0.008283298 0.006424818 0.0191555 0.0199305 0.06480789 0.05754552 0.1064216 0.06929234 0.5466844 0.1178501 0.6311809 0.6053599
100 91 0.03425071 0.05944203 0.004468472 0.004730234 0.07810478 0.06716482 0.1106348 0.1133322 1.88018 0.07567951 0.659849 0.6419675
100 92 0.01395221 0.0158711 0.01726274 0.01615087 0.03831882 0.02850515 0.1588078 0.1337198 0.2573655 0.1053993 0.6298534 0.6307991
100 93 0.007414063 0.007134692 0.03786994 0.03282591 0.03705577 0.03085816 0.1478873 0.1579687 0.1747372 0.1900126 0.6928317 0.6509487
100 94 0.008528654 0.005670615 0.006958538 0.007839527 0.0234468 0.02565486 0.1477936 0.1213861 0.1411357 0.1233919 0.6215465 0.6142977
100 95 0.03305311 0.03378597 0.00539987 0.004869312 0.02568708 0.02428165 0.07649227 0.05151735 0.07353115 0.04931201 0.6244463 0.6212582
100 96 0.02305891 0.01975465 0.01493474 0.01452987 0.02105119 0.02432413 0.02265591 0.03161828 1.195162 0.1461127 0.6432548 0.6147784
100 97 0.01522365 0.01311481 0.009262622 0.01139321 0.07460424 0.06271364 0.1178725 0.102579 0.1342774 0.1232057 0.6476628 0.6277987
100 98 0.002922628 0.003586708 0.01048314 0.005394701 0.02598134 0.00495767 0.1748585 0.1139605 0.2336171 0.1547506 0.8037401 0.6113242
100 99 0.008831275 0.007102237 0.01720499 0.01970676 0.02835656 0.02696913 0.0315473 0.1386694 1.983713 0.2201988 0.6593045 0.6299835
100 100 0.003403334 0.004980007 0.01016852 0.007530504 0.02519525 0.03912428 0.05042377 0.05666537 0.5803035 0.08693954 0.6221882 0.5993144
250 1 0.004121153 0.004440366 0.001080636 0.001439097 0.01106074 0.01208155 0.1641834 0.04414809 1.696668 0.06505161 0.6519038 0.6081638
250 2 0.005128354 0.006071273 0.006178789 0.006690647 0.01480127 0.01651555 0.02262086 0.02326076 0.01600146 0.01651407 0.62104 0.618399
250 3 0.01974158 0.02409167 0.006225553 0.005790347 0.01384418 0.01366546 0.09475603 0.07463088 0.1449559 0.1290061 0.6281584 0.6359043
250 4 0.002548613 0.002600355 0.001752171 0.001571902 0.008680834 0.009146202 0.007820022 0.06316055 0.02230585 0.07455325 0.5995827 0.604848
250 5 0.01957716 0.01668437 0.00382846 0.003178652 0.01889792 0.0171324 0.03151256 0.02899778 0.07128714 0.06569439 0.6232711 0.6236049
250 6 0.01939613 0.01790415 0.001411411 0.001312881 0.004840649 0.004249365 0.05974107 0.03880251 0.0732863 0.05711109 0.6080088 0.6077449
250 7 0.005154121 0.005674467 0.002271051 0.002357885 0.003968523 0.004631367 0.06565204 0.05063277 0.08303255 0.07216829 0.5962599 0.5960725
250 8 0.005202364 0.005593883 0.006291446 0.006976569 0.01409399 0.01454392 0.1570431 0.1591382 0.1575477 0.1571018 0.6383531 0.6361918
250 9 0.004055902 0.00394467 0.01602931 0.01559123 0.02617853 0.02590895 0.02112928 0.01688319 0.02882895 0.02510429 0.610339 0.6117564
250 10 0.005419863 0.006308622 0.001568439 0.002045466 0.004853483 0.00622075 0.03793895 0.03031275 1.847022 0.02979332 0.6228792 0.5909813
250 11 0.01345457 0.01285845 0.01046628 0.01004156 0.02561765 0.02311526 0.04893276 0.06099307 0.04441544 0.05955375 0.6226735 0.6153334
250 12 0.003694298 0.003319296 0.002245357 0.003090286 0.01774915 0.02295964 0.08004866 0.06232462 0.1001983 0.07840357 0.6167558 0.6069109
250 13 0.006422425 0.006456731 0.002299939 0.001526187 0.1004896 0.0871088 0.1023417 0.09058525 1.917777 0.0334649 0.6445546 0.6077789
250 14 0.003086513 0.00305688 0.00342889 0.003417943 0.008151731 0.007578533 0.05057665 0.08954902 0.04759933 0.08784024 0.6215167 0.6016742
250 15 0.002059498 0.0004390644 0.006160938 0.005097786 0.01166638 0.0107342 0.02270088 0.03065341 0.01481167 0.02557733 0.5999265 0.5968268
250 16 0.003280407 0.003348862 0.0006318071 0.0006555152 0.02093542 0.01696898 0.0372096 0.02299567 0.0300644 0.02343593 0.593102 0.5890918
250 17 0.00557299 0.005273041 0.003909935 0.004134403 0.003289194 0.003373797 0.04417577 0.04219672 1.957062 0.06092042 0.6324759 0.6058591
250 18 0.01533744 0.01429183 0.001426282 0.001952553 0.1748019 0.006316614 0.1851522 0.02395754 1.960032 0.05480879 0.7469285 0.6130526
250 19 0.01343476 0.00949448 0.002327047 0.001841693 0.003609917 0.002936341 0.1324052 0.04149266 0.1426514 0.05095456 0.6075479 0.6000553
250 20 0.004081334 0.004132138 0.0008511582 0.0008844502 0.006888013 0.007824312 0.01596769 0.02008935 0.02614865 0.03110555 0.5983913 0.5960287
250 21 0.003187468 0.003141482 0.001002511 0.001359071 0.02442204 0.0155122 0.2776784 0.04036262 0.2621177 0.04752104 0.7725764 0.5990938
250 22 0.004781872 0.005072225 0.004496802 0.004375196 0.00883131 0.008586051 0.02967693 0.03435051 0.02826003 0.03466751 0.6008797 0.6004641
250 23 0.006400606 0.007123514 0.002591307 0.002694867 0.03603162 0.0383301 0.07791598 0.07924002 1.683664 0.04251935 0.6432428 0.6171507
250 24 0.003097678 0.003500304 0.003171025 0.002906649 0.009485292 0.009295815 0.03249072 0.02205047 1.53895 0.01259492 0.6341477 0.5913255
250 25 0.003625696 0.003843551 0.004669929 0.003981884 0.0430824 0.04633086 0.06888779 0.06877574 0.06063986 0.05661413 0.6945937 0.6111759
250 26 0.02212846 0.02125809 0.0008820947 0.00117085 0.004059292 0.004417065 0.1099909 0.02151597 0.1106615 0.02042029 0.6305582 0.6211958
250 27 0.002377835 0.002504658 0.006362558 0.006846993 0.01679265 0.01585965 0.01222682 0.008899555 0.02740346 0.02516692 0.602305 0.5979498
250 28 0.005943536 0.005660458 0.002853365 0.002828834 0.013621 0.01552684 0.261533 0.1941539 0.2928867 0.2195579 0.5928919 0.6055703
250 29 0.002924415 0.003223915 0.007445033 0.007250744 0.01891567 0.01968315 0.02021148 0.02271631 0.04658886 0.04049906 0.6027516 0.5999902
250 30 0.009153943 0.007331705 0.003707966 0.004819024 0.01688811 0.02404131 0.1303787 0.1160104 1.416466 0.1259787 0.6372531 0.6081884
250 31 0.008907309 0.008864622 0.00820102 0.008782012 0.01327209 0.01272635 0.2536028 0.2235465 0.2353754 0.2062699 0.6314326 0.6235098
250 32 0.002763197 0.002736926 0.01967451 0.02380176 0.08496591 0.03917867 0.03117053 0.02634492 0.1262816 0.06377277 0.7031039 0.6157296
250 33 0.006976594 0.005363922 0.005138091 0.004623161 0.02395449 0.02240692 0.01739969 0.02027825 1.879495 0.02127041 0.6239874 0.5875073
250 34 0.003065654 0.002828055 0.006417532 0.005570088 0.01670924 0.01526605 0.03739972 0.02952151 0.03535099 0.02954506 0.5934716 0.5937339
250 35 0.006022529 0.00593818 0.002602368 0.00272623 0.01032714 0.009340359 0.2280022 0.1937006 0.3533934 0.2073458 0.6320941 0.6236291
250 36 0.008786216 0.004892532 0.001317785 0.0005745463 0.01859952 0.01804407 0.07555633 0.06360362 1.620226 0.0967397 0.6395123 0.6031945
250 37 0.001537507 0.00129918 0.0007751765 0.0006870005 0.007019562 0.007023501 0.01663959 0.02095538 0.01108733 0.0127397 0.5997932 0.5907765
250 38 0.01628009 0.01512899 0.002807427 0.003060813 0.01078255 0.01087518 0.02863953 0.02326105 1.633355 0.05839017 0.6384189 0.6108772
250 39 0.00371882 0.003876914 0.003305153 0.003328272 0.02544731 0.0278574 0.04551503 0.03999312 0.03175486 0.02304415 0.6008677 0.6025487
250 40 0.01383552 0.01370953 0.003328076 0.003806416 0.01571263 0.01234853 0.04122318 0.06975629 0.03967419 0.08125185 0.6557818 0.626623
250 41 0.008483289 0.007894312 0.01128489 0.01164569 0.02461066 0.02549411 0.05647256 0.0696018 0.06117949 0.076528 0.6243911 0.6187616
250 42 0.02340294 0.02007348 0.003405431 0.002964896 0.005973069 0.006585785 0.06100395 0.01901622 0.06221967 0.02139985 0.6345595 0.6205256
250 43 0.004871234 0.005045277 0.004368157 0.003289664 0.04090838 0.01318002 0.07355109 0.04194275 0.2028768 0.1490559 0.6745315 0.5934813
250 44 0.01029121 0.008910022 0.008517008 0.009769553 0.01153665 0.01270637 0.01744928 0.01703129 0.03394426 0.03640671 0.657306 0.614163
250 45 0.001770055 0.001814601 0.005009341 0.0046507 0.01380186 0.01451324 0.0321202 0.03696819 0.03371833 0.03901416 0.6081111 0.6065277
250 46 0.002853432 0.003808705 0.002182211 0.001863706 0.01174313 0.01046136 0.01070439 0.01594726 0.04458652 0.03368578 0.7626729 0.5924005
250 47 0.007765246 0.007453479 0.01112342 0.01101274 0.02992635 0.02803264 0.04243598 0.06208699 0.02827137 0.04801734 0.6481508 0.633137
250 48 0.001446059 0.001424192 0.003972104 0.004579235 0.005716515 0.005333085 0.01483672 0.01550846 0.09093881 0.09182019 0.5969478 0.5919573
250 49 0.009681041 0.009784727 0.002753998 0.002663636 0.0142269 0.01543213 0.01107138 0.01271511 0.01722412 0.01861917 0.6112628 0.6122624
250 50 0.005283515 0.006091305 0.002120292 0.002217812 0.007525732 0.007145622 0.03807842 0.04942098 0.03969859 0.05154231 0.6019969 0.6008357
250 51 0.005158564 0.005483525 0.001136596 0.001015999 0.004055028 0.004114629 0.04262792 0.06106736 0.04686353 0.06624568 0.6030573 0.602729
250 52 0.01021968 0.01245591 0.004853474 0.004440018 0.01837649 0.02376073 0.09066421 0.05151155 0.08515656 0.0377888 0.6259811 0.6164023
250 53 0.000588801 0.0006824398 0.00640153 0.005449467 0.01664779 0.01904043 0.01348529 0.06537636 0.01622228 0.06200122 0.617973 0.5923514
250 54 0.007168865 0.006363944 0.003195372 0.004166011 0.009975653 0.01090012 0.01118139 0.01046318 0.0311656 0.03380478 0.6160692 0.6084674
250 55 0.007135176 0.005142972 0.0009887191 0.001273144 0.003713528 0.00438067 0.01841489 0.01296397 0.03829231 0.03462369 0.6110174 0.591529
250 56 0.0153069 0.02006407 0.004024846 0.004574245 0.008559619 0.009676929 0.02847549 0.01531083 0.05026259 0.03806871 0.6168232 0.6127202
250 57 0.003963034 0.004370922 0.002470325 0.002012276 0.01195009 0.01098605 0.03503678 0.03680855 0.03278425 0.03748569 0.5982854 0.5942056
250 58 0.008661042 0.01023141 0.008885135 0.008235592 0.01014573 0.009783593 0.009802359 0.009405806 0.01317099 0.01484938 0.5997848 0.6015184
250 59 0.00837367 0.007664543 0.002755194 0.002825476 0.006929079 0.006602466 0.05338467 0.03999462 0.06214037 0.04790689 0.6030597 0.6022111
250 60 0.01255848 0.01103724 0.001968307 0.001638725 0.008710357 0.008417566 0.1190913 0.1450109 0.1190259 0.1545692 0.7290362 0.6257888
250 61 0.005295817 0.004032953 0.001561953 0.001888125 0.006127813 0.006134914 0.02754797 0.02424333 0.04713511 0.04376063 0.604456 0.5995735
250 62 0.004267388 0.004191908 0.002320581 0.002170793 0.01003767 0.01057044 0.1622595 0.1480951 0.1648249 0.1480066 0.6153807 0.6158415
250 63 0.01268469 0.01100963 0.001130681 0.00104898 0.002799743 0.002702843 0.03013071 0.03073885 0.02660428 0.02266446 0.6081174 0.6070366
250 64 0.005909761 0.005034165 0.003555371 0.004162399 0.02587472 0.02640682 0.05099133 0.05076525 0.06769471 0.07079115 0.6070184 0.6043577
250 65 0.001497761 0.003087854 0.001493589 0.001575812 0.008821989 0.008654899 0.05049844 0.05122152 0.05843486 0.06642155 0.599415 0.5988601
250 66 0.009544366 0.01082624 0.001520325 0.001622866 0.02122533 0.02374239 0.03071934 0.02395201 0.042844 0.03921254 0.6195515 0.6177628
250 67 0.004239883 0.00351823 0.007864384 0.009636535 0.01591461 0.01858746 0.08861036 0.1156017 0.1237052 0.1525707 0.632377 0.6158006
250 68 0.005669043 0.004740064 0.005876604 0.00616588 0.01459202 0.0138611 0.02723169 0.04274436 1.564096 0.05399948 0.6468178 0.6149181
250 69 0.001660888 0.004445879 0.001960224 0.003340189 0.007881801 0.0103399 0.0989158 0.07107287 0.09608482 0.0696276 0.6185046 0.6056525
250 70 0.006298429 0.00589421 0.01400631 0.01031115 0.03254086 0.02871537 0.2507894 0.2994819 0.2667214 0.3098382 0.6371573 0.6296336
250 71 0.001823896 0.001686721 0.001266617 0.0009913135 0.02036054 0.01907151 0.04271904 0.0473123 1.621146 0.09257777 0.6359572 0.6064087
250 72 0.008568461 0.009837857 0.004027858 0.003495575 0.007073001 0.005789781 0.01953033 0.01875516 1.842757 0.03673713 0.6313614 0.5907409
250 73 0.003633795 0.003517543 0.004813618 0.005058278 0.03067743 0.02189557 0.1289609 0.06010422 0.1132201 0.05051914 0.6119917 0.6116365
250 74 0.0009181675 0.001446427 0.00399034 0.003505764 0.007398468 0.007068104 0.03958608 0.03880528 0.01757239 0.02994768 0.6026176 0.6013005
250 75 0.002584655 0.002595703 0.003757896 0.003247678 0.01344094 0.0151862 0.03203616 0.02828361 0.02783294 0.02326428 0.5863743 0.5850567
250 76 0.01529204 0.01684577 0.001793283 0.001294441 0.01717585 0.01416038 0.1059889 0.5770092 0.1286111 0.5785322 0.6490917 0.666339
250 77 0.009854145 0.009583752 0.007001134 0.006988273 0.01989431 0.0208384 0.03899591 0.04304772 1.653237 0.08030197 0.6420524 0.6141228
250 78 0.008968071 0.008896193 0.002622746 0.002660121 0.04407467 0.04269432 0.04416875 0.04383731 0.01995096 0.02243417 0.6054369 0.6049691
250 79 0.01917458 0.01777301 0.005126367 0.005485873 0.004972016 0.006393382 0.2427081 0.2612384 1.148814 0.2807113 0.6481661 0.6213615
250 80 0.002595003 0.002890644 0.002846639 0.002595121 0.01151602 0.01187369 0.02812655 0.009526638 0.05101921 0.0326385 0.6172363 0.5924834
250 81 0.008241449 0.008084741 0.008269465 0.004376243 0.01669018 0.008642045 0.1168231 0.04995534 0.1139838 0.03544407 0.7373405 0.6149143
250 82 0.008444258 0.007672988 0.001696727 0.001778914 0.06311111 0.0653062 0.05350469 0.05454127 1.980495 0.03875952 0.6342169 0.6041756
250 83 0.002473058 0.002086649 0.001506056 0.001676521 0.007449096 0.007248413 0.01343254 0.01238502 0.05279066 0.05397406 0.6063998 0.6075147
250 84 0.008547485 0.008708877 0.002209571 0.002160154 0.01725489 0.01911803 0.06122355 0.04706941 1.742209 0.04799025 0.6286523 0.5952757
250 85 0.007270886 0.0056201 0.002974739 0.001939947 0.02564705 0.02306464 0.02392781 0.02169788 1.953442 0.02112572 0.6270362 0.5849034
250 86 0.007849358 0.006069574 0.002933258 0.002538629 0.01831088 0.01650862 0.07234921 0.1698952 0.08007592 0.1787417 0.6592941 0.6049527
250 87 0.001285467 0.002094136 0.01020626 0.007499317 0.03529067 0.04193733 0.3918641 0.04731435 1.12555 0.05960049 0.8026299 0.6021475
250 88 0.005208175 0.006318351 0.006118684 0.005508834 0.01344653 0.01272949 0.01481991 0.01673716 0.01402121 0.01497656 0.6020747 0.6028549
250 89 0.01075798 0.01050593 0.002193151 0.00221733 0.01296996 0.01185728 0.0768358 0.1239359 0.1082 0.160454 0.6285099 0.6117654
250 90 0.00405871 0.003974933 0.02033185 0.01939336 0.02435847 0.02313994 0.1065515 0.0780886 0.1187623 0.09178286 0.6840844 0.613839
250 91 0.009115641 0.008191741 0.008001692 0.007705975 0.02322813 0.02176641 0.03064438 0.04097181 0.02454314 0.03460712 0.5902602 0.5898666
250 92 0.002295575 0.002713497 0.003143657 0.00257571 0.03218768 0.03163358 0.03437559 0.03582912 0.02399096 0.02518633 0.5999924 0.601111
250 93 0.004611507 0.003886399 0.01049015 0.009791564 0.06699805 0.06779833 0.1015724 0.125478 0.07272616 0.09729013 0.6276246 0.6207471
250 94 0.003062874 0.003443383 0.008773587 0.008068974 0.03374415 0.03394633 0.08687316 0.1358703 0.09077681 0.1310731 0.6151392 0.6094116
250 95 0.008238123 0.00754902 0.001414697 0.001519028 0.009700573 0.009571394 0.02279527 0.02339181 0.04758906 0.04787664 0.5944068 0.5941707
250 96 0.007102647 0.007464461 0.001506423 0.001152433 0.01904142 0.02003904 0.06476785 0.03451273 0.06782376 0.03986462 0.5969073 0.5992396
250 97 0.003139595 0.002856825 0.001886873 0.001369938 0.01808662 0.01676993 0.04402551 0.04196741 0.03899353 0.03389719 0.5900681 0.593816
250 98 0.01240946 0.01283955 0.00215992 0.001667611 0.01599631 0.01442111 0.3608078 0.354426 0.3701539 0.358509 0.6334877 0.6262267
250 99 0.003423311 0.003291563 0.007785401 0.008142307 0.007214212 0.007583099 0.04709148 0.04995234 0.04074752 0.04531824 0.5999046 0.5969864
250 100 0.00147515 0.00121115 0.008885981 0.008118615 0.0289232 0.02812462 0.1889238 0.1393339 0.1624364 0.1135644 0.5897405 0.5986505
500 1 0.003824191 0.003624846 0.001950286 0.002086819 0.0142854 0.01744626 0.03219165 0.03110445 0.0364414 0.03253027 0.6380745 0.5958193
500 2 0.006761049 0.005010905 0.001632236 0.001530961 0.003647956 0.003966408 0.04101512 0.02059861 0.03814443 0.01807186 0.6071974 0.604352
500 3 0.002783022 0.002871797 0.003831088 0.004479714 0.009375241 0.009827302 0.01081542 0.04439575 0.01629489 0.05241604 0.6386982 0.5980209
500 4 0.005089003 0.004632458 0.001700843 0.001636222 0.0105599 0.01083544 0.02752642 0.00642143 0.0501727 0.03157822 0.6197565 0.5990351
500 5 0.001732854 0.001688967 0.002504722 0.002032843 0.01052894 0.009218455 0.02104109 0.01705502 1.783808 0.01888822 0.6425714 0.6052905
500 6 0.00133098 0.00113035 0.0006302068 0.0008020427 0.001707987 0.002162379 0.005813501 0.008220605 0.007088464 0.01211933 0.6023706 0.596317
500 7 0.007871366 0.007421697 0.001128337 0.001130352 0.003445842 0.003584878 0.02639674 0.01200057 0.03554996 0.01993674 0.6076369 0.6059526
500 8 0.001606607 0.001603777 0.002375198 0.002600095 0.01422201 0.01524149 0.04393269 0.03943366 0.0411192 0.03567445 0.6040349 0.6035739
500 9 0.00614188 0.005880082 0.0020086 0.002731425 0.009805328 0.01053356 0.02681421 0.04163539 0.04865492 0.06431545 0.6132289 0.6035766
500 10 0.002851825 0.002779967 0.002229997 0.002303379 0.01431555 0.01570461 0.01811389 0.02648619 0.02088368 0.02820568 0.6201144 0.6026386
500 11 0.002684997 0.003444906 0.009611818 0.00909755 0.01597603 0.0184552 0.01037655 0.0194846 0.01797751 0.02496057 0.6906375 0.6040417
500 12 0.001083179 0.0007394513 0.003968528 0.003985514 0.04903003 0.05132834 0.06372773 0.0533987 0.03833007 0.02610679 0.6065617 0.6028361
500 13 0.001204863 0.00123637 0.001545139 0.001311602 0.01019207 0.008846949 0.009893828 0.009905271 0.0327511 0.03334086 0.5932273 0.5949389
500 14 0.001363085 0.001150904 0.001381374 0.00150574 0.01202094 0.01046163 0.02086927 0.01126825 0.02743772 0.02219055 0.6065576 0.5908956
500 15 0.003059602 0.003669568 0.002792813 0.002919679 0.01011733 0.01033684 0.0391781 0.01308843 0.05400101 0.02767242 0.6041021 0.5961714
500 16 0.003980823 0.004082474 0.002072385 0.001771145 0.01576318 0.01704969 0.004593656 0.00429972 0.0227897 0.02543872 0.5953159 0.594642
500 17 0.001818843 0.001557255 0.0007517152 0.0007664434 0.001952773 0.001471659 0.007840594 0.007824475 0.01420776 0.01394884 0.5875391 0.583902
500 18 0.00358983 0.003480106 0.002039081 0.001979545 0.01575796 0.01584929 0.0303404 0.04618923 0.02433929 0.03985187 0.6107631 0.6047824
500 19 0.001614766 0.001830061 0.0009443664 0.001011222 0.02110929 0.01054246 0.02677801 0.01271735 0.02460171 0.02501356 0.71046 0.6006692
500 20 0.00242869 0.002166177 0.002266726 0.001986946 0.004288578 0.004007744 0.02459794 0.02991892 0.02884954 0.0328014 0.5960053 0.5959198
500 21 0.008694985 0.009264099 0.00107767 0.00134855 0.008414272 0.006775576 0.01149763 0.04256145 0.01922135 0.04023204 0.7458488 0.6035143
500 22 0.001536958 0.001484382 0.002495335 0.002721608 0.007301789 0.006831128 0.0111733 0.008428308 0.01692155 0.01482444 0.5978204 0.5940834
500 23 0.002015503 0.001430176 0.001397904 0.001532771 0.00382701 0.004197197 0.0118998 0.004542255 0.02348885 0.0162879 0.6083765 0.5935782
500 24 0.001728105 0.001596288 0.002810587 0.002584058 0.01101583 0.01009617 0.1642921 0.02561474 0.1617649 0.02247102 0.7305732 0.6053886
500 25 0.002389956 0.002637241 0.001464681 0.001328743 0.00703961 0.006417288 0.01044905 0.009384534 0.03037749 0.02976607 0.5880836 0.5897702
500 26 0.01028434 0.01100862 0.001823507 0.00173522 0.01536067 0.01428381 0.08577984 0.08217732 0.06720151 0.06532039 0.615685 0.6200977
500 27 0.001677285 0.001688483 0.003552316 0.004234786 0.008430731 0.009145059 0.05748955 0.01490471 0.06219256 0.01827027 0.6219877 0.5920394
500 28 0.001626725 0.001751278 0.001593053 0.001560857 0.006134592 0.006944865 0.01039069 0.04790279 0.02530799 0.06041166 0.6478438 0.5953956
500 29 0.003273137 0.003329077 0.001198934 0.001093437 0.01485782 0.01854289 0.06334632 0.02646427 0.05290196 0.01178742 0.6133164 0.6044047
500 30 0.001660574 0.001621715 0.001674632 0.001649075 0.006566472 0.006288483 0.004190484 0.006127272 0.01127306 0.0167444 0.6715297 0.5887152
500 31 0.003260186 0.003405847 0.000800002 0.001207907 0.003776903 0.004859532 0.02542154 0.01346854 0.02377211 0.01059607 0.729096 0.5981466
500 32 0.002618074 0.001507986 0.004034306 0.003126477 0.006184418 0.005377091 0.02434959 0.02470937 0.0500526 0.04921396 0.5963604 0.5965658
500 33 0.001170396 0.00108531 0.001732034 0.001979082 0.004012416 0.004771565 0.008657353 0.01366706 0.01086116 0.01940735 0.6895313 0.5932329
500 34 0.002725045 0.003536093 0.0006445968 0.0006120866 0.006670082 0.007521205 0.04566961 0.04510392 0.0464542 0.04676593 0.6008962 0.6024498
500 35 0.001544527 0.001624731 0.002734316 0.002703712 0.003883418 0.004105311 0.02640597 0.01726537 0.02097133 0.01343469 0.6951022 0.5954234
500 36 0.004038748 0.004240203 0.0004444432 0.0005745139 0.002508575 0.002465333 0.05538868 0.06385614 0.06679444 0.07597844 0.6056293 0.6008304
500 37 0.001350071 0.001238116 0.003510803 0.003697676 0.00590172 0.006471488 0.02837807 0.01311602 0.03699356 0.02089668 0.5937934 0.5905774
500 38 0.00514651 0.004607874 0.002787067 0.002199294 0.02260711 0.01718946 0.2076336 0.03715669 0.313531 0.03810817 0.6600779 0.604245
500 39 0.003627858 0.003757852 0.0018109 0.001611341 0.00687228 0.007146695 0.007793062 0.005815796 0.01368203 0.01298969 0.5917541 0.5926093
500 40 0.002293969 0.002254385 0.002608566 0.002798233 0.008758162 0.008779563 0.03014837 0.02325298 0.02362828 0.01451361 0.5879735 0.5878334
500 41 0.002053773 0.001675664 0.0009844463 0.0014034 0.003286292 0.003873297 0.03193929 0.01511837 0.0409477 0.02872099 0.6015103 0.5937488
500 42 0.00537277 0.004942126 0.0007118415 0.0006782151 0.004650169 0.005266311 0.005244853 0.005537656 0.01698599 0.01730557 0.6010079 0.5998199
500 43 0.002884605 0.002306441 0.002829408 0.002220025 0.009204345 0.008119211 0.003819704 0.002965124 0.01892236 0.01853994 0.591388 0.5918517
500 44 0.00180329 0.002100505 0.0008650135 0.0008781952 0.003483991 0.00341575 0.01278496 0.03010057 0.02477882 0.0467495 0.6151595 0.6006649
500 45 0.001580028 0.001414429 0.001484074 0.0008779729 0.006736821 0.005796868 0.02454396 0.02207757 0.02426436 0.02146406 0.604548 0.6031663
500 46 0.001756395 0.001541829 0.001060475 0.001090685 0.004023798 0.003548736 0.00994355 0.007471545 0.01016148 0.00826398 0.5911049 0.5901528
500 47 0.004452971 0.005303799 0.002052057 0.002367111 0.01197047 0.01213728 0.03330881 0.01956518 0.03976462 0.0247088 0.7075572 0.5998309
500 48 0.003760227 0.004075627 0.0006453437 0.0007632642 0.01630801 0.01933828 0.1626453 0.04086799 0.1667578 0.04106404 0.6193753 0.5964422
500 49 0.002434988 0.002275873 0.006184936 0.005389431 0.01049978 0.009483835 0.01726786 0.0170297 0.03762328 0.03678718 0.5932644 0.5950185
500 50 0.001470889 0.001507779 0.0007131618 0.0007259597 0.01007248 0.01130219 0.03131514 0.03448727 0.03633471 0.03989152 0.5936895 0.5940333
500 51 0.005065246 0.00683942 0.0009804601 0.0008798008 0.004921642 0.004845598 0.1053434 0.08024335 0.1247127 0.09376661 0.6839361 0.6022827
500 52 0.001358534 0.001761246 0.0007460839 0.0009755375 0.001317691 0.001547634 0.007337798 0.01234183 0.0150343 0.01838472 0.6087322 0.5982622
500 53 0.003597016 0.005561695 0.001598904 0.001417176 0.00412101 0.004408357 0.03404909 0.02442266 0.03363637 0.02157041 0.5845193 0.5837409
500 54 0.00209038 0.002098512 0.006212962 0.006948845 0.007382288 0.00686204 0.01784121 0.01522016 0.01754041 0.01640365 0.611736 0.6044015
500 55 0.003388683 0.003214905 0.003170208 0.003399437 0.004332955 0.004763156 0.05383283 0.04245283 0.05123823 0.03996422 0.6002263 0.6010384
500 56 0.01009525 0.01003381 0.001186265 0.001066148 0.04280168 0.04455622 0.06574984 0.06862762 0.03794504 0.03916129 0.6114105 0.6118297
500 57 0.002826247 0.002682814 0.002606445 0.001895377 0.005776386 0.00542383 0.01268045 0.01191441 0.01684539 0.01372361 0.6021412 0.6005544
500 58 0.002858445 0.001917276 0.002277223 0.001520507 0.002751018 0.003616515 0.01522942 0.05399593 0.0190629 0.05798128 0.6275126 0.6012773
500 59 0.001160747 0.001063298 0.004659198 0.00568098 0.0179942 0.01905864 0.02228882 0.02488462 0.02182027 0.02425875 0.6085106 0.6031945
500 60 0.006636388 0.00837622 0.0007949189 0.0007093205 0.02407162 0.02531404 0.03350195 0.03331043 0.0447094 0.04138912 0.6152516 0.6130564
500 61 0.003008163 0.003319582 0.0007774725 0.0008748773 0.00841937 0.007887227 0.008480453 0.01449849 0.01890573 0.02483981 0.5884354 0.5873259
500 62 0.00253189 0.002824368 0.0008257369 0.0008069188 0.005979217 0.004312192 0.03219772 0.08986761 0.04179222 0.1008311 0.643025 0.6050614
500 63 0.005366502 0.005587911 0.001463064 0.001412967 0.02514555 0.02362814 0.06543518 0.0580937 0.06100726 0.05500831 0.6054175 0.6057339
500 64 0.001633502 0.001666855 0.002365469 0.002843591 0.01520292 0.01661222 0.02600173 0.02924916 0.02509634 0.02769364 0.6083764 0.6037941
500 65 0.005688968 0.005847394 0.001611265 0.001582968 0.007459522 0.007290671 0.09593509 0.07345845 0.1115087 0.08959472 0.6010345 0.6035415
500 66 0.01066305 0.008923024 0.005443243 0.00524806 0.01043156 0.01019499 0.01216447 0.01172453 0.05277224 0.05279079 0.703964 0.6105684
500 67 0.00103881 0.001195489 0.00109862 0.001194905 0.04802379 0.0475057 0.05292532 0.05591935 0.02507978 0.03129813 0.6244285 0.6017014
500 68 0.002914171 0.002628831 0.002065815 0.001931663 0.01132739 0.00999013 0.2336134 0.162935 0.2461689 0.1672768 0.6196068 0.6107835
500 69 0.006345668 0.006209667 0.001919011 0.001825776 0.003055143 0.00266108 0.02354945 0.01845704 0.02403475 0.02026769 0.5884015 0.5891238
500 70 0.001480669 0.001492458 0.001514577 0.001532205 0.001543358 0.001196354 0.09422826 0.04236211 0.09891492 0.04577361 0.5842092 0.582458
500 71 0.002957554 0.003035875 0.001720564 0.001909743 0.006937382 0.006214549 0.04441361 0.02316693 0.04857082 0.02831207 0.6974051 0.5929927
500 72 0.001642084 0.001357349 0.003633475 0.003689097 0.0107555 0.0102839 0.04716878 0.04235768 0.04344163 0.03820042 0.5916727 0.5922875
500 73 0.001385416 0.001552998 0.003930605 0.00416936 0.008823368 0.01016831 0.09972872 0.02836562 0.1195012 0.04928938 0.6085264 0.5988645
500 74 0.01158205 0.01198683 0.002028601 0.00211668 0.00549335 0.005517962 0.06304526 0.0152303 0.06782168 0.01971296 0.7029265 0.6047327
500 75 0.001130914 0.001130341 0.0004365647 0.0004506889 0.00128484 0.001166045 0.01752191 0.02056835 0.03118902 0.0351325 0.5933251 0.5942418
500 76 0.002777834 0.002496921 0.002145739 0.002068931 0.0173557 0.01687876 0.01524129 0.01577396 0.02849732 0.03042585 0.5896185 0.5897774
500 77 0.004113961 0.00418846 0.002225324 0.002345691 0.02484675 0.02424963 0.04271232 0.04125851 0.03107502 0.03267356 0.5986398 0.5976834
500 78 0.003340565 0.002920552 0.004121973 0.003225527 0.009068372 0.009486715 0.0168232 0.03895232 0.02142272 0.04165927 0.6046558 0.589911
500 79 0.001466764 0.001438645 0.003992421 0.003034916 0.02210301 0.01926966 0.1068256 0.09166217 0.1096744 0.09532524 0.6148532 0.6158385
500 80 0.002054777 0.00197127 0.0115341 0.01203859 0.01268457 0.01296393 0.01090904 0.01366007 0.02202786 0.02282847 0.6079922 0.6066403
500 81 0.003808972 0.00392746 0.00129101 0.00119634 0.01578586 0.01623351 0.03885997 0.06092835 0.0328384 0.05481488 0.6848785 0.593844
500 82 0.005503938 0.006117774 0.003824227 0.003054065 0.01167876 0.01124014 0.04593797 0.04674354 0.03438116 0.03747171 0.6071657 0.608648
500 83 0.006569045 0.00598926 0.002341315 0.002532819 0.008755644 0.006899742 0.05318784 0.0174198 0.05187307 0.01684119 0.7069655 0.6006355
500 84 0.003490514 0.003204937 0.002242474 0.001595241 0.01409989 0.01282362 0.02039944 0.01424285 0.01213829 0.006193307 0.5949185 0.5915664
500 85 0.001513337 0.001437874 0.001068415 0.001303731 0.005697982 0.004723005 0.04260699 0.0367439 0.0341941 0.02981818 0.5924252 0.5922525
500 86 0.006558285 0.006611966 0.001343116 0.001464526 0.00678941 0.006868081 0.0102911 0.01018334 0.01437201 0.01568053 0.5988197 0.5985199
500 87 0.005830664 0.005372603 0.005688257 0.005259455 0.01302016 0.01029227 0.009530891 0.01760537 0.02342129 0.03514739 0.6338683 0.6124465
500 88 0.004436101 0.005312761 0.001777724 0.002177055 0.009596427 0.009788171 0.01834525 0.008306613 0.02507891 0.01523014 0.5956672 0.5901396
500 89 0.006430012 0.005979792 0.003301138 0.002719336 0.01643166 0.01607753 0.1279944 0.04360992 0.1238957 0.04606838 0.6388508 0.6052844
500 90 0.004526423 0.003540444 0.003517439 0.003138037 0.005982597 0.005285926 0.005868639 0.005024813 0.009958956 0.009322507 0.601887 0.6019543
500 91 0.002876639 0.002542104 0.001147392 0.001097001 0.0039241 0.004132302 0.02624214 0.02023779 0.04049273 0.03426531 0.5896097 0.5896452
500 92 0.003319952 0.003208737 0.001694555 0.001668966 0.01670059 0.01658451 0.008943882 0.02797682 0.02203988 0.03617731 0.6234427 0.6067218
500 93 0.003556475 0.002975901 0.0008979837 0.0007292583 0.00605796 0.008526997 0.01627296 0.01450469 1.844093 0.008600911 0.6241414 0.5990592
500 94 0.002049774 0.002011355 0.005408157 0.005589546 0.009571164 0.009747306 0.04131607 0.08960646 0.04401726 0.09268261 0.6245992 0.6030481
500 95 0.00425647 0.003211295 0.001111231 0.0008291423 0.00924705 0.009228034 0.03996947 0.04971025 0.06253258 0.07207594 0.5985492 0.5944454
500 96 0.001646138 0.001670784 0.00594798 0.00492618 0.008632306 0.007781434 0.05001779 0.04757103 0.08748054 0.0878958 0.5984878 0.6014756
500 97 0.001565802 0.001621743 0.0009025004 0.0009102134 0.00214387 0.00217301 0.005455456 0.02288959 0.009473302 0.02635067 0.61123 0.5915103
500 98 0.002757924 0.002504961 0.0007922503 0.0006557202 0.01610513 0.01551087 0.04011397 0.02878396 0.03641086 0.02582687 0.5944941 0.5921896
500 99 0.001670316 0.0015768 0.004554307 0.004461272 0.008740313 0.008733067 0.01822375 0.01927603 0.02155821 0.02268675 0.5875501 0.5895859
500 100 0.002108846 0.001765055 0.00215995 0.002079465 0.01997894 0.02245755 0.03909997 0.048136 0.03890235 0.04608973 0.6144654 0.6112206
