N sim mu psi_1 psi_2
10 1 0.4198238 0.4585348 0.4631695
10 2 0.2983905 0.05608783 0.085691
10 3 0.1856266 0.1609145 0.1618766
10 4 0.04850244 0.04723847 0.06890045
10 5 0.1455639 0.2063229 0.2180695
10 6 0.03406942 0.05635613 0.08916988
10 7 0.1233062 0.004407589 0.0383417
10 8 0.07494673 0.03616974 0.0524153
10 9 0.01600445 0.07467657 0.0981898
10 10 0.1209237 0.02748954 0.1509614
10 11 0.1480796 0.07506908 1.335015
10 12 0.05624322 0.0838475 0.136115
10 13 0.8598562 0.08378953 0.08518708
10 14 0.09533184 0.03168632 0.05101372
10 15 0.1120771 0.1543107 0.254468
10 16 0.2912765 0.1238796 0.1505022
10 17 0.2224731 0.03986649 0.1339969
10 18 0.1999078 0.20676 0.2666839
10 19 0.1344069 0.1388101 0.09175463
10 20 0.2350203 0.02282022 0.0913942
10 21 0.05943986 0.04334459 0.1010919
10 22 0.01072347 0.06965494 0.08308349
10 23 0.02555972 0.1529044 0.2341498
10 24 0.06934822 0.04047782 0.1847837
10 25 0.3206267 0.1368099 0.1729741
10 26 0.09021554 0.1251933 0.138317
10 27 0.0224348 0.1492828 0.1544232
10 28 1.097009 0.5106449 0.04720928
10 29 0.09180007 0.005999323 0.03001914
10 30 0.1481329 0.3357517 0.7413383
10 31 0.2197347 0.0645441 0.2347426
10 32 0.042507 0.01945649 0.04937962
10 33 0.03589268 0.02394511 0.05702269
10 34 0.008943704 0.289397 0.3003487
10 35 0.5264601 0.02116359 0.1731234
10 36 0.2194014 0.06955741 0.1688132
10 37 0.07392599 0.1198739 0.161391
10 38 0.1202436 0.3287884 0.3834831
10 39 0.01364988 0.01434288 0.08208375
10 40 0.503148 0.01937541 0.2586872
10 41 0.05466691 0.1024506 0.1311775
10 42 0.07174535 0.4032636 0.563938
10 43 0.1703106 0.03187448 0.1057832
10 44 0.06599403 0.07337625 0.0643649
10 45 0.04551911 0.3953427 0.4765162
10 46 0.09087797 0.1686555 0.1837915
10 47 0.3523764 0.02097142 0.1148908
10 48 0.3249264 0.07724517 0.198166
10 49 0.5325531 0.00518327 0.08785909
10 50 0.07280274 0.1239819 0.4238629
10 51 0.0766913 0.2609826 0.2342679
10 52 0.02431901 0.02527598 0.09268369
10 53 0.007330022 0.04627519 0.1939556
10 54 0.1200372 0.04188904 1.007471
10 55 0.02450573 0.03235959 0.1278786
10 56 0.1607003 0.165022 1.889061
10 57 0.1158058 0.02013875 0.01801371
10 58 0.1470578 0.1825422 0.3806458
10 59 0.1837695 0.1065577 0.1247138
10 60 0.1448816 0.02324442 0.04850481
10 61 0.09713875 0.9376075 0.9267587
10 62 0.09607012 0.02051914 0.08337487
10 63 0.1212629 0.6995756 0.7271746
10 64 0.05846367 0.6461068 0.7154196
10 65 0.1766712 0.06494047 0.1238214
10 66 0.06897696 0.1209681 1.938382
10 67 1.03057 0.1745642 0.460691
10 68 0.04939216 0.02624122 0.04775656
10 69 0.006954335 0.04103017 0.2210833
10 70 0.1171198 0.1113554 0.434151
10 71 0.009563901 0.05193924 0.164807
10 72 0.1405287 0.05648513 0.6380718
10 73 0.09961468 0.5818588 0.8459119
10 74 0.09921365 0.03818059 0.1969362
10 75 0.3713371 0.2054028 0.2453701
10 76 0.02119097 0.09741634 1.361328
10 77 0.04089156 0.09468977 1.118538
10 78 0.07778447 0.07760028 1.963212
10 79 0.08739939 0.008946988 0.01054209
10 80 0.1099492 0.02735012 0.06682212
10 81 0.1614955 0.03449991 0.1538056
10 82 0.05946102 0.03071847 0.05984364
10 83 0.04372416 0.03054695 1.241168
10 84 0.04021778 0.05453852 0.2111478
10 85 0.09721264 0.1772983 0.6164778
10 86 0.0211841 0.09287002 0.09534889
10 87 0.03295846 0.1276945 0.1288381
10 88 0.07716486 0.04941776 1.405472
10 89 0.1269359 0.03141578 0.05447201
10 90 0.02368097 0.4612197 0.53744
10 91 0.09814797 0.01149209 0.09510171
10 92 0.3017978 0.014175 0.03938364
10 93 0.04954354 0.2085518 0.3033677
10 94 0.04404757 0.009375795 0.1273143
10 95 0.2513906 0.01963815 0.1108374
10 96 0.01791119 0.03902947 0.07171269
10 97 0.04195761 0.06825818 0.05760382
10 98 0.07563288 0.03523519 0.3960199
10 99 0.1145439 0.03592886 0.07632176
10 100 0.03308483 0.58313 0.56184
50 1 0.00511727 0.0101933 0.01680761
50 2 0.02124722 0.01132595 0.01134096
50 3 0.007592061 0.01653609 0.02221549
50 4 0.02707039 0.01059246 0.02895564
50 5 0.006549894 0.003342583 0.06575771
50 6 0.01436248 0.0385841 0.07786101
50 7 0.03082179 0.002339136 0.02158656
50 8 0.01057769 0.002015018 0.01725459
50 9 0.03076945 0.1025091 0.1071865
50 10 0.02567864 0.004504565 0.00877667
50 11 0.07436785 0.03372374 0.03452618
50 12 0.09700765 0.0119946 0.02502306
50 13 0.01410601 0.01854787 0.03734025
50 14 0.1279014 0.04056733 0.0456926
50 15 0.01900894 0.00537629 0.02314194
50 16 0.01783236 0.007553272 0.01891668
50 17 0.007317466 0.1257601 0.1248935
50 18 0.01306806 0.002715536 0.007616917
50 19 0.03599388 0.01664219 0.01561702
50 20 0.02490589 0.01993422 0.03507597
50 21 0.01847121 0.006835845 0.0436802
50 22 0.00893061 0.01748669 0.0214399
50 23 0.01610192 0.01872814 0.03099181
50 24 0.009188703 0.01603666 0.03574359
50 25 0.02764587 0.001275558 0.01628482
50 26 0.00642683 0.01412753 0.03085981
50 27 0.06595559 0.003575336 0.0209228
50 28 0.007734779 0.02364153 0.02739737
50 29 0.00706336 0.008416137 0.042936
50 30 0.1487635 0.02861023 0.03445368
50 31 0.02921277 0.004874414 0.02065876
50 32 0.005226482 0.05307825 0.05382867
50 33 0.02082874 0.03533279 0.04308028
50 34 0.02045696 0.03461793 0.0440883
50 35 0.01315982 0.0111175 0.0337816
50 36 0.01672815 0.01049708 0.007767203
50 37 0.006205893 0.03398299 0.02125975
50 38 0.01679531 0.005678484 0.01176438
50 39 0.006231782 0.005497336 0.02353354
50 40 0.01500006 0.006229409 0.01619519
50 41 0.02615896 0.006887141 0.01051791
50 42 0.05592015 0.02266537 0.0444936
50 43 0.01052852 0.07209935 0.1143595
50 44 0.005711885 0.01997877 0.03975724
50 45 0.02801889 0.01130853 0.02006758
50 46 0.05044342 0.02971047 0.06055494
50 47 0.01662344 0.02164287 0.02849491
50 48 0.008009384 0.02532176 0.03786213
50 49 0.09506536 0.007936594 0.0259264
50 50 0.029335 0.01067785 0.0154278
50 51 0.01045089 0.005271174 0.01453141
50 52 0.003592141 0.01786804 0.05548186
50 53 0.0076473 0.04735902 0.05007389
50 54 0.005200049 0.009271898 0.01770306
50 55 0.02482935 0.006400215 0.007704364
50 56 0.004661332 0.02329681 0.02381056
50 57 0.00639678 0.003078285 0.0187527
50 58 0.00523972 0.004499904 0.02024944
50 59 0.02538254 0.002699064 0.03415668
50 60 0.0728792 0.003442893 0.02173582
50 61 0.006007813 0.00269534 0.01197685
50 62 0.02461333 0.01471731 0.05343506
50 63 0.03189828 0.004616454 0.02841653
50 64 0.01842906 0.006950084 0.01825991
50 65 0.003489999 0.05139154 0.04932396
50 66 0.007288471 0.005925345 0.05203789
50 67 0.07337229 0.01774307 0.03089167
50 68 0.07175373 0.007445726 0.02216473
50 69 0.017155 0.01852725 0.03035805
50 70 0.04791092 0.007969998 0.01531756
50 71 0.008940751 0.01130988 0.01627037
50 72 0.03341384 0.007773827 0.01238652
50 73 0.006940486 0.005228805 0.02517281
50 74 0.007902126 0.01529472 0.03034608
50 75 0.08693664 0.1124175 0.1061507
50 76 0.01399877 0.06706291 0.0851728
50 77 0.0127189 0.01397593 0.0282267
50 78 0.0114501 0.02928198 0.04231991
50 79 0.01306619 0.02906724 0.0402016
50 80 0.03363995 0.001324405 0.01761762
50 81 0.01381663 0.009221091 0.01592844
50 82 0.02675608 0.01745606 0.02853035
50 83 0.04050151 0.009553768 0.01885295
50 84 0.008885548 0.04400973 0.03881983
50 85 0.09544785 0.009488511 0.03123398
50 86 0.02282998 0.01043468 0.02611169
50 87 0.057801 0.05889944 0.0628182
50 88 0.03045869 0.01560485 0.02309524
50 89 0.005813483 0.005958999 0.01699151
50 90 0.01766732 0.004987946 0.03034758
50 91 0.003735226 0.02665175 0.03705071
50 92 0.107722 0.01126353 0.01036075
50 93 0.0367277 0.00625116 0.01686739
50 94 0.002290622 0.006059096 0.08188319
50 95 0.004898886 0.01438666 0.01339235
50 96 0.0820924 0.002741453 0.01817121
50 97 0.1223937 0.002228893 0.008928478
50 98 0.0101073 0.01923585 0.03405852
50 99 0.01485227 0.06160093 0.06769967
50 100 0.0103968 0.014668 0.02860604
100 1 0.00411955 0.005466675 0.01337831
100 2 0.02359931 0.001312291 0.006367627
100 3 0.01030602 0.001564409 0.02697812
100 4 0.003334148 0.004561063 0.02811029
100 5 0.00391168 0.004813167 0.01373953
100 6 0.009814992 0.005317111 0.0127208
100 7 0.06565944 0.003309873 0.008447846
100 8 0.03587827 0.004042699 0.008057606
100 9 0.01622145 0.005607852 0.006712672
100 10 0.003973139 0.002933061 0.006300314
100 11 0.002497461 0.00553751 0.006098724
100 12 0.007682086 0.002779254 0.009586965
100 13 0.002166306 0.005753643 0.01050635
100 14 0.01057669 0.004355452 0.008994756
100 15 0.0096951 0.001556555 0.00197458
100 16 0.005422009 0.002617475 0.008003365
100 17 0.002698722 0.006586214 0.02756639
100 18 0.01580257 0.004782155 0.02440576
100 19 0.007830292 0.002923389 0.007240624
100 20 0.004695105 0.003101551 0.005104464
100 21 0.004963944 0.002453013 0.01522852
100 22 0.03839073 0.004831294 0.009711038
100 23 0.005842624 0.001542528 0.01253039
100 24 0.007151336 0.00273911 0.01717101
100 25 0.02505297 0.002847806 0.005854387
100 26 0.03317498 0.005536573 0.01572785
100 27 0.02128371 0.002778724 0.01744104
100 28 0.009518957 0.005121013 0.00561498
100 29 0.01568545 0.003447437 0.007111155
100 30 0.01928752 0.001730602 0.00244056
100 31 0.02355611 0.004329854 0.004719456
100 32 0.006300565 0.004186816 0.01552165
100 33 0.01587782 0.01072804 0.01668888
100 34 0.01671301 0.00552071 0.01585784
100 35 0.006433899 0.00203934 0.01863564
100 36 0.006688386 0.003598999 0.006478823
100 37 0.01155334 0.01070293 0.01033392
100 38 0.007282266 0.02715815 0.0388774
100 39 0.00383627 0.007998141 0.01153943
100 40 0.002844535 0.004540985 0.02043245
100 41 0.004423172 0.007843853 0.01872593
100 42 0.006794559 0.004988083 0.01472045
100 43 0.0112414 0.004223807 0.01008296
100 44 0.01790386 0.0147524 0.01704892
100 45 0.003336011 0.01346249 0.03734372
100 46 0.0242128 0.004601838 0.009638519
100 47 0.005881784 0.002192121 0.020533
100 48 0.06415885 0.002305103 0.008988879
100 49 0.04242876 0.01227522 0.01226002
100 50 0.00830512 0.009430695 0.01763566
100 51 0.006941145 0.008307831 0.01943038
100 52 0.01230253 0.02347522 0.02359893
100 53 0.01571675 0.004983541 0.00562329
100 54 0.005740029 0.0103582 0.007030474
100 55 0.02791991 0.002013175 0.01175041
100 56 0.02375447 0.02729512 0.03579227
100 57 0.02943994 0.009857972 0.0236756
100 58 0.006064737 0.001964144 0.007336873
100 59 0.03646112 0.005103443 0.02267922
100 60 0.006107068 0.002964672 0.010043
100 61 0.03050876 0.03815982 0.04861537
100 62 0.01901471 0.002135334 0.01652186
100 63 0.006820536 0.009099996 0.03197463
100 64 0.01258167 0.01799585 0.02342767
100 65 0.06312139 0.01786683 0.01878553
100 66 0.04635065 0.006587252 0.008440657
100 67 0.02637231 0.002050601 0.00564412
100 68 0.002631599 0.01449492 0.01739589
100 69 0.008077992 0.002524983 0.01961553
100 70 0.005097551 0.00806058 0.01608688
100 71 0.01590557 0.00338048 0.006798274
100 72 0.02640226 0.017928 0.02270523
100 73 0.003687415 0.003610503 0.009198191
100 74 0.01166539 0.002042101 0.009027939
100 75 0.005084735 0.001105112 0.01599542
100 76 0.001253113 0.003821448 0.01891963
100 77 0.00346676 0.001212576 0.01093089
100 78 0.005272204 0.004376964 0.006863062
100 79 0.01579315 0.002099444 0.01288914
100 80 0.00467802 0.002035419 0.01361609
100 81 0.003483521 0.002174764 0.006806052
100 82 0.01008224 0.005437252 0.01165513
100 83 0.004140958 0.01332201 0.01953007
100 84 0.0022531 0.005015443 0.01448206
100 85 0.06210697 0.01123566 0.02167639
100 86 0.008357972 0.005859091 0.003664078
100 87 0.00615828 0.001436653 0.03658507
100 88 0.002831692 0.006364962 0.01281822
100 89 0.01183537 0.007659487 0.01480704
100 90 0.01304231 0.01164968 0.01304394
100 91 0.009797415 0.0223318 0.02328267
100 92 0.007861354 0.005776666 0.00967326
100 93 0.002720233 0.03991729 0.04968471
100 94 0.01883752 0.005404002 0.01429046
100 95 0.008121165 0.002109905 0.01517009
100 96 0.01091096 0.03055593 0.03142905
100 97 0.01711733 0.01751561 0.01131421
100 98 0.03253922 0.00171569 0.004786261
100 99 0.001821247 0.003806281 0.009720082
100 100 0.008906514 0.002256053 0.004601031
250 1 0.0004642496 0.004757383 0.008998562
250 2 0.0009541641 0.006412649 0.00987936
250 3 0.00288692 0.005196042 0.007473326
250 4 0.002728431 0.006093832 0.005259379
250 5 0.003668439 0.001839288 0.00668655
250 6 0.002362544 0.007260428 0.008549318
250 7 0.001812298 0.004772209 0.006414458
250 8 0.000992768 0.001595463 0.004567044
250 9 0.004397855 0.01500444 0.02192034
250 10 0.003209037 0.002138921 0.00604903
250 11 0.003231017 0.002051793 0.0102534
250 12 0.002406705 0.002516548 0.006893625
250 13 0.005660381 0.01888336 0.0228915
250 14 0.002969364 0.002847235 0.004922213
250 15 0.005871836 0.001910238 0.003577567
250 16 0.004608649 0.003356767 0.0068512
250 17 0.007089434 0.00132045 0.003852023
250 18 0.002913487 0.003802882 0.006231958
250 19 0.007488842 0.002332183 0.006055845
250 20 0.02187175 0.0009053297 0.001677922
250 21 0.009763653 0.003441607 0.004998494
250 22 0.003820082 0.002780191 0.007627896
250 23 0.001328425 0.00251888 0.006447134
250 24 0.00986381 0.00182565 0.002870158
250 25 0.01128616 0.001438827 0.006294637
250 26 0.004621437 0.004340444 0.007099462
250 27 0.00512163 0.002405032 0.006366382
250 28 0.01462457 0.003349751 0.004713604
250 29 0.003609435 0.006521253 0.01148778
250 30 0.001747136 0.002213067 0.00464229
250 31 0.01422592 0.0003469338 0.005323898
250 32 0.001758935 0.002601519 0.004363054
250 33 0.00442548 0.001020105 0.003504093
250 34 0.001056617 0.006156368 0.00906389
250 35 0.002650591 0.0008813141 0.001816568
250 36 0.004199467 0.001451341 0.001772493
250 37 0.004278685 0.002255384 0.007634647
250 38 0.004575203 0.001655522 0.004226733
250 39 0.01011863 0.002482438 0.002849546
250 40 0.008548485 0.0009400162 0.005345145
250 41 0.006574464 0.001744187 0.001457915
250 42 0.000491741 0.00153744 0.005699828
250 43 0.002867364 0.004443097 0.004691492
250 44 0.003739545 0.001520708 0.002768084
250 45 0.01723428 0.0005699753 0.003678447
250 46 0.02061135 0.001799239 0.005544619
250 47 0.008720897 0.003056091 0.005993803
250 48 0.002832398 0.003109913 0.005785278
250 49 0.002612539 0.005408794 0.007418822
250 50 0.002116668 0.01053321 0.01363642
250 51 0.01414022 0.006097142 0.01499757
250 52 0.01165164 0.000774512 0.003189272
250 53 0.01579171 0.001497425 0.004226903
250 54 0.005244971 0.002782423 0.008029641
250 55 0.01708302 0.001751494 0.004275171
250 56 0.003038332 0.001861885 0.003951724
250 57 0.003386573 0.0008549787 0.007013522
250 58 0.005251354 0.001409259 0.002178582
250 59 0.006306856 0.005161251 0.006897064
250 60 0.001824139 0.001530022 0.005321685
250 61 0.00279678 0.01224024 0.01531732
250 62 0.00788157 0.0008755123 0.002052251
250 63 0.003673049 0.001265599 0.005525003
250 64 0.003604154 0.002574136 0.004803579
250 65 0.009945227 0.001047994 0.004070887
250 66 0.001345939 0.002543819 0.003248078
250 67 0.001245816 0.004405668 0.006308655
250 68 0.002065339 0.0009021977 0.003551513
250 69 0.0008623068 0.005143929 0.005421398
250 70 0.003553894 0.001428885 0.003292917
250 71 0.00207421 0.001832473 0.006416641
250 72 0.002419813 0.002119641 0.007350683
250 73 0.003490734 0.001701375 0.004840545
250 74 0.00167709 0.00166434 0.006208017
250 75 0.004350391 0.005363986 0.009399332
250 76 0.0008653119 0.0008086582 0.01176298
250 77 0.0006004361 0.003635376 0.007587163
250 78 0.004871925 0.001598587 0.003882609
250 79 0.009948008 0.002674387 0.004374053
250 80 0.0007466727 0.002471506 0.004230001
250 81 0.006752486 0.002263844 0.008263973
250 82 0.001890547 0.01883011 0.01962133
250 83 0.001638512 0.002068246 0.003642617
250 84 0.01091649 0.007877045 0.01079471
250 85 0.01815414 0.004171655 0.008783285
250 86 0.01386113 0.001358202 0.00490591
250 87 0.004947758 0.001101305 0.01061171
250 88 0.007568413 0.00104855 0.005656358
250 89 0.006209844 0.001583419 0.005441358
250 90 0.003810242 0.001561185 0.01098165
250 91 0.005756569 0.01351652 0.0145939
250 92 0.001612047 0.001965953 0.006663763
250 93 0.002177543 0.007219677 0.0078743
250 94 0.0009888343 0.003000459 0.004196922
250 95 0.001338286 0.006278604 0.009966916
250 96 0.008286342 0.0007996744 0.002128155
250 97 0.02292919 0.005122921 0.00768096
250 98 0.004441265 0.00804896 0.01518792
250 99 0.001848291 0.002176836 0.002125824
250 100 0.001190835 0.001782326 0.006987559
500 1 0.001924861 0.001160999 0.001285275
500 2 0.002136555 0.001398399 0.003306508
500 3 0.005650696 0.003558878 0.005081926
500 4 0.001915385 0.01212886 0.01377834
500 5 0.002087833 0.0008109374 0.003497048
500 6 0.00386682 0.00275204 0.002196
500 7 0.00129231 0.0027501 0.004301097
500 8 0.002115919 0.002290565 0.00304867
500 9 0.01231874 0.002693867 0.005390001
500 10 0.002113038 0.0041449 0.005016794
500 11 0.004806386 0.002334906 0.003398949
500 12 0.004653402 0.003275194 0.002726373
500 13 0.001819741 0.0006485009 0.002553224
500 14 0.001055097 0.003212395 0.004586414
500 15 0.0008937584 0.001987599 0.001450103
500 16 0.002916022 0.003999835 0.006477056
500 17 0.01080301 0.00200568 0.005912175
500 18 0.001460234 0.002705195 0.005718007
500 19 0.004803196 0.00206646 0.003250275
500 20 0.0009421941 0.003130275 0.002876078
500 21 0.001931159 0.001214851 0.004152454
500 22 0.006107463 0.0007349726 0.002550616
500 23 0.006073049 0.0003357855 0.002188159
500 24 0.001327183 0.001525348 0.00161716
500 25 0.001250106 0.001355285 0.001930703
500 26 0.0014776 0.002028456 0.003756463
500 27 0.000925914 0.001454979 0.002911107
500 28 0.001159066 0.00378295 0.004443481
500 29 0.005066646 0.00127264 0.004402855
500 30 0.006519467 0.002532608 0.004167846
500 31 0.004619899 0.0004163104 0.00603312
500 32 0.001693696 0.0006065895 0.001597862
500 33 0.004791722 0.0009872758 0.0013266
500 34 0.008110724 0.001995014 0.004779504
500 35 0.002456885 0.0007203784 0.0009654513
500 36 0.0008827053 0.001661463 0.003701427
500 37 0.001281507 0.002038289 0.003168466
500 38 0.007256362 0.0002814306 0.001743373
500 39 0.003412834 0.0007342841 0.002653392
500 40 0.002403308 0.001463885 0.004527646
500 41 0.001242984 0.0003588729 0.002878709
500 42 0.01283914 0.00414333 0.005445695
500 43 0.01113922 0.0011725 0.002947258
500 44 0.002016119 0.003388757 0.005536104
500 45 0.003496179 0.0007011789 0.004706373
500 46 0.009066285 0.001368695 0.004084767
500 47 0.003097098 0.0009465792 0.003684538
500 48 0.002674635 0.001645163 0.004450762
500 49 0.002790141 0.001777369 0.00521199
500 50 0.0009636255 0.0007880317 0.002412601
500 51 0.0005889592 0.00400235 0.006649554
500 52 0.002319035 0.0006236982 0.002012289
500 53 0.006047052 0.005499165 0.006316095
500 54 0.001900067 0.002861314 0.005440793
500 55 0.001287901 0.001767307 0.004409676
500 56 0.006032229 0.004772368 0.006350188
500 57 0.006328716 0.00220184 0.005152254
500 58 0.001260872 0.002764601 0.007260399
500 59 0.001334153 0.003656584 0.004013726
500 60 0.001655355 0.00171688 0.0039574
500 61 0.004686074 0.001713631 0.003290237
500 62 0.001245453 0.00104754 0.000849377
500 63 0.002803427 0.00145331 0.00461722
500 64 0.002191483 0.001020681 0.002112105
500 65 0.001300087 0.002335769 0.001936361
500 66 0.001218348 0.001016424 0.004555099
500 67 0.002764063 0.0008404425 0.001450385
500 68 0.001198166 0.007940052 0.01137089
500 69 0.004045904 0.001241079 0.004382733
500 70 0.007751188 0.0009304348 0.006071714
500 71 0.005996898 0.003479637 0.005157145
500 72 0.002476871 0.001521394 0.00379403
500 73 0.003671518 0.0008780486 0.007381544
500 74 0.003436204 0.002137964 0.00622728
500 75 0.002603527 0.0005407311 0.001168331
500 76 0.0009700339 0.001283641 0.003674648
500 77 0.00399757 0.00122312 0.003255286
500 78 0.001640509 0.001194902 0.006769065
500 79 0.003189096 0.001061526 0.004036936
500 80 0.001867756 0.0009548882 0.002290132
500 81 0.001616326 0.002824989 0.005585894
500 82 0.002454157 0.002706097 0.004683061
500 83 0.00087001 0.0007674176 0.003420848
500 84 0.002466989 0.0008789593 0.004008991
500 85 0.0005311151 0.002939582 0.003498544
500 86 0.0008327053 0.01033508 0.01294246
500 87 0.000893695 0.000247256 0.001579128
500 88 0.0007106033 0.004334359 0.008245301
500 89 0.003511572 0.0008061347 0.001317601
500 90 0.00505792 0.002505747 0.003588573
500 91 0.00183914 0.001053781 0.00169429
500 92 0.0007406366 0.001416144 0.004415018
500 93 0.004022071 0.001054728 0.00149825
500 94 0.001321033 0.0006990551 0.002266234
500 95 0.002263261 0.002062097 0.005657652
500 96 0.007486703 0.002282218 0.004252904
500 97 0.001828094 0.001367237 0.004258852
500 98 0.0007620472 0.001806575 0.002666711
500 99 0.001544262 0.007484797 0.009245136
500 100 0.007545723 0.002672382 0.004235146