N sim iter vmp mcmc
10 1 123 33.32232 1934.235
10 2 313 73.81741 1686.146
10 3 417 93.91435 1659.885
10 4 92 25.2982 1877.27
10 5 110 29.7518 2406.334
10 6 110 29.98249 1829.699
10 7 145 37.80194 1312.798
10 8 96 26.65684 1709.716
10 9 26 11.31523 1927.468
10 10 10 7.298459 1616.438
10 11 339 82.2261 1555.074
10 12 20 9.661903 1650.07
10 13 55 16.93265 1653.741
10 14 348 83.84631 1563.409
10 15 154 40.44117 1940.046
10 16 54 17.06143 1737.234
10 17 331 75.69626 2376.796
10 18 220 52.38544 1706.587
10 19 209 51.09871 1887.223
10 20 190 45.89682 1856.106
10 21 275 68.5402 1664.287
10 22 338 82.7155 1954.168
10 23 44 15.79475 2022.207
10 24 49 16.85373 1776.083
10 25 122 31.93232 1493.847
10 26 56 18.04616 1712.336
10 27 77 22.80973 1357.742
10 28 56 18.79294 1370.331
10 29 60 18.81888 1621.124
10 30 500 113.2674 1186.067
10 31 216 54.43947 1351.422
10 32 500 106.5246 1673.339
10 33 500 105.5861 1381.177
10 34 39 14.11702 1772.007
10 35 417 101.1134 2121.618
10 36 500 118.7298 1580.319
10 37 500 113.5769 1546.072
10 38 77 22.80913 1673.437
10 39 89 26.47214 1692.114
10 40 82 23.87108 1683.969
10 41 51 16.73853 1780.735
10 42 189 48.38628 1899.784
10 43 170 44.10757 1769.674
10 44 90 25.856 1587.499
10 45 74 21.7374 1613.13
10 46 125 33.19045 1803.261
10 47 62 19.05006 1996.013
10 48 112 30.00662 1972.293
10 49 500 114.1519 2244.402
10 50 87 21.82812 1294.717
10 51 85 21.02373 1246.979
10 52 27 9.360604 1936.516
10 53 77 18.66238 1512.907
10 54 81 20.57939 1403.293
10 55 204 42.93129 1382.554
10 56 236 50.49458 1480.575
10 57 158 34.18721 1367.619
10 58 26 9.683722 1662.438
10 59 208 44.98136 1944.113
10 60 172 45.02752 2185.246
10 61 88 25.40433 1933.237
10 62 362 87.36705 1875.887
10 63 77 22.64098 2203.802
10 64 18 9.631123 2813.689
10 65 50 16.6028 1653.744
10 66 138 37.05033 1785.701
10 67 333 81.70276 1791.167
10 68 251 61.84083 1782.494
10 69 311 77.12924 1811.839
10 70 26 11.58065 1811.411
10 71 373 83.03418 1540.107
10 72 279 63.38033 1590.409
10 73 107 27.07046 1786.857
10 74 134 32.67542 1774.516
10 75 99 24.64751 1456.305
10 76 67 17.30354 1505.34
10 77 46 14.13941 1644.278
10 78 42 11.98381 1288.545
10 79 57 16.51442 1943.907
10 80 264 53.95886 1313.361
10 81 90 22.90441 1379.125
10 82 119 28.20695 1595.58
10 83 100 27.62729 1771.131
10 84 84 26.06056 1996.212
10 85 157 39.18395 2061.754
10 86 85 24.19013 2095.547
10 87 95 28.55547 1931.815
10 88 129 34.23462 1864.525
10 89 64 19.24865 1999.416
10 90 82 23.90576 2135.645
10 91 37 13.0717 1792.703
10 92 68 21.19307 1747.06
10 93 244 61.31877 2531.646
10 94 181 47.3575 2106.14
10 95 161 38.71848 1804.591
10 96 66 20.35374 1249.753
10 97 101 28.34226 1795.208
10 98 135 35.95532 1825.592
10 99 63 19.46143 2114.06
10 100 79 23.73172 1779.536
50 1 115 125.3646 10302.39
50 2 150 177.6589 13053.4
50 3 103 131.8173 14219.4
50 4 63 89.60829 14748.8
50 5 456 521.0022 13624.94
50 6 61 87.37459 12229.31
50 7 94 127.0731 14102.76
50 8 457 511.2326 12388.39
50 9 162 179.2121 12341.38
50 10 51 64.19228 12142.29
50 11 146 155.3598 13762.76
50 12 46 59.29889 14008.26
50 13 229 235.4001 12926.01
50 14 177 180.0559 11791.55
50 15 182 186.9787 12338.22
50 16 91 100.4592 14475.07
50 17 235 241.3765 12855.33
50 18 147 155.4807 13013.78
50 19 476 466.5215 13972.74
50 20 196 200.1866 12435.76
50 21 239 237.4077 14321.69
50 22 32 46.86037 12580.37
50 23 46 59.56997 14905.18
50 24 107 118.3376 14075.12
50 25 81 92.33612 13047.66
50 26 95 105.0006 12840.1
50 27 230 238.6131 14849.89
50 28 105 114.4749 13278.29
50 29 251 258.2826 13815.33
50 30 232 239.2348 14818.47
50 31 87 98.40791 13895.17
50 32 252 258.4097 13278.43
50 33 95 104.7154 12840.13
50 34 148 157.2145 13375.42
50 35 122 133.6672 14624.43
50 36 194 202.116 15172.31
50 37 126 135.0713 14502.13
50 38 185 195.0044 14931.8
50 39 251 255.3089 15203.63
50 40 68 80.05738 15403.42
50 41 110 117.8567 13980.78
50 42 190 195.9991 13745.17
50 43 217 222.7079 15188.41
50 44 50 62.75924 13733.32
50 45 121 131.6914 12815.14
50 46 36 49.28687 12600.96
50 47 255 267.2215 9601.474
50 48 154 160.4808 11706.9
50 49 111 121.2355 14908.34
50 50 279 291.7714 14946
50 51 91 102.2999 12490.73
50 52 500 507.1062 14560.61
50 53 181 185.1276 14472.68
50 54 57 69.25339 14957.1
50 55 58 70.57342 12807.77
50 56 116 123.3363 13746.11
50 57 30 43.42763 13207.84
50 58 85 93.99883 13584.34
50 59 327 345.7347 14528.41
50 60 163 170.2964 18751.19
50 61 30 43.14506 15184.95
50 62 102 112.1516 13028.84
50 63 36 50.65336 14403.79
50 64 104 114.5623 14533.58
50 65 297 299.1265 12535.64
50 66 118 128.7865 9763.846
50 67 30 43.4229 13645.97
50 68 198 210.4555 14980.75
50 69 189 195.7889 13131.02
50 70 92 103.7506 13600.1
50 71 113 127.8349 15609.81
50 72 141 148.6525 15258.41
50 73 34 49.2796 14651.89
50 74 186 191.3105 13043.57
50 75 412 459.7533 14707.81
50 76 145 152.9353 14180.93
50 77 94 102.8665 14464.93
50 78 82 93.34373 15059.3
50 79 161 172.0312 13690.46
50 80 220 252.2733 13042.96
50 81 227 260.8336 12862.55
50 82 500 549.0854 13454.64
50 83 32 48.04661 14940.24
50 84 105 114.103 13386.52
50 85 108 118.2299 14540.06
50 86 119 129.1786 15022.44
50 87 152 161.1227 14951.06
50 88 62 74.84754 8992.455
50 89 90 100.9761 12562.78
50 90 500 509.904 12349.11
50 91 285 292.4251 13565.7
50 92 26 41.207 13707.8
50 93 120 129.7849 13158.94
50 94 87 99.16934 14310.36
50 95 327 328.8109 14050
50 96 71 80.97316 14352.63
50 97 16 30.77397 14012.69
50 98 56 64.36102 14531.34
50 99 162 163.9645 14009.17
50 100 26 39.25085 14626.67
100 1 287 635.497 37158.38
100 2 187 421.2195 27824.99
100 3 229 554.2969 40147.26
100 4 168 421.2761 33096.34
100 5 307 620.1102 28090.41
100 6 366 731.1095 35090.47
100 7 195 401.0713 41744.24
100 8 319 647.1989 25084.7
100 9 181 372.1847 26912.6
100 10 157 328.7663 30136.46
100 11 116 258.9998 45755.32
100 12 319 632.2932 27132.01
100 13 147 310.0536 28413.57
100 14 154 319.8572 24026.68
100 15 143 300.7049 33103.59
100 16 108 234.3355 34504.78
100 17 235 464.4377 38101.36
100 18 500 977.1556 31160.92
100 19 28 83.59501 24854.02
100 20 106 233.4197 32312.89
100 21 111 243.0654 33046.28
100 22 61 148.5985 48798.7
100 23 220 469.5242 50218.32
100 24 213 454.6103 32366.28
100 25 179 374.9011 31806.96
100 26 265 558.0875 22463.95
100 27 64 152.3062 35821.69
100 28 307 645.2115 48790.09
100 29 301 636.7088 34174.76
100 30 169 357.4921 30716.91
100 31 259 544.2187 41867.54
100 32 243 485.1531 29978.29
100 33 245 573.7204 29396.53
100 34 333 683.5861 25152.67
100 35 32 89.43744 21830.84
100 36 55 132.9172 29517.51
100 37 146 315.7169 32568.71
100 38 278 569.521 35969.8
100 39 303 617.8052 30478.09
100 40 96 206.6156 47032.89
100 41 418 842.483 29138.6
100 42 134 343.9895 28488.7
100 43 271 558.1189 28580.18
100 44 173 362.5149 27736.13
100 45 175 377.8742 32063.13
100 46 269 560.712 32510.26
100 47 51 127.9681 36171.53
100 48 172 361.7994 45511.93
100 49 195 410.2814 32949.53
100 50 500 1050.178 37506.53
100 51 495 1040.464 34456.42
100 52 102 227.1018 32982.02
100 53 62 147.623 29757.4
100 54 234 485.1849 35933.21
100 55 285 586.716 35924.53
100 56 306 593.3705 26690.83
100 57 230 453.1835 40081.88
100 58 122 251.9525 29105.98
100 59 293 551.0026 19607.25
100 60 500 975.9563 22627.29
100 61 500 937.22 32280.99
100 62 240 468.5285 26169.96
100 63 237 463.361 28597.36
100 64 264 515.0864 25592.72
100 65 201 386.772 30328.07
100 66 129 262.1543 30081.49
100 67 229 444.4017 18993.14
100 68 289 553.1479 44572.8
100 69 330 647.5505 40998.4
100 70 136 265.7884 32649.14
100 71 140 328.7352 24814.22
100 72 185 371.2699 35566.19
100 73 267 561.0687 47179.12
100 74 130 294.2471 35808.24
100 75 191 411.699 32027.26
100 76 500 999.6897 28034.25
100 77 236 466.6959 18751.34
100 78 277 542.9984 29063.73
100 79 327 638.7029 28078.89
100 80 199 396.2852 23903.38
100 81 24 76.13792 27871.12
100 82 500 967.3465 28121.02
100 83 317 746.1026 28043.79
100 84 127 306.7396 28872.65
100 85 297 682.089 29940.13
100 86 170 392.5789 17524.53
100 87 293 668.5146 32593.2
100 88 143 336.9586 35809.07
100 89 212 480.7395 17578.91
100 90 152 298.5878 28810.63
100 91 376 718.8294 31682.98
100 92 231 450.3998 33833.27
100 93 78 170.02 18514.9
100 94 273 553.626 31298.74
100 95 203 423.5644 25283.04
100 96 252 511.0216 44175.79
100 97 29 80.28889 26958.19
100 98 225 457.6712 32716.51
100 99 387 761.5156 33881.7
100 100 78 179.389 26000.72
250 1 116 576.8391 51089.13
250 2 263 1233.57 69267.71
250 3 22 160.2661 49127.94
250 4 283 1322.725 50991.33
250 5 241 1149.309 56343.13
250 6 311 1445.956 86608.72
250 7 173 833.6395 73666.62
250 8 311 1469.401 77235.13
250 9 85 440.4679 81355.52
250 10 273 1317.476 42249.24
250 11 165 774.2893 68355.71
250 12 280 1327.568 43630.5
250 13 401 1849.604 74761.82
250 14 26 172.4166 118335.3
250 15 197 909.4105 74843.87
250 16 26 174.0933 46402.34
250 17 252 1157.589 48284.41
250 18 276 1291.051 70519.46
250 19 337 1571.758 46004.49
250 20 65 344.2453 76457.85
250 21 56 301.25 74780.28
250 22 197 904.8539 71884.11
250 23 210 963.8065 71447.09
250 24 179 873.8511 50806.33
250 25 273 1308.848 42894.65
250 26 123 644.7175 66315.3
250 27 291 1423.947 110725.8
250 28 108 566.7075 71743.46
250 29 285 1365.567 71909.4
250 30 44 262.317 47990.33
250 31 235 1122.803 56198.93
250 32 65 359.543 82741.38
250 33 158 762.1878 77680.72
250 34 42 250.699 70357.94
250 35 273 1290.326 77407.9
250 36 261 1229.758 75727.67
250 37 30 192.8994 73394.59
250 38 500 2305.266 47759.9
250 39 147 733.7658 75207.61
250 40 128 621.953 66668.3
250 41 179 907.1112 62463.41
250 42 303 1417.134 64239.9
250 43 82 455.6548 58604.71
250 44 62 366.9077 61148.84
250 45 219 1144.757 44702.09
250 46 173 907.9345 48272.43
250 47 167 882.7756 74847.14
250 48 259 1338.967 76900.12
250 49 287 1483.421 36178.22
250 50 133 707.949 74908.57
250 51 58 354.524 77621.23
250 52 258 1306.391 58417.45
250 53 327 1647.375 72301.17
250 54 323 1575.506 69223.07
250 55 151 765.0087 70764.15
250 56 49 297.2789 77153.16
250 57 88 482.9333 78028.1
250 58 194 987.3573 79689.28
250 59 205 1083.064 83520.09
250 60 195 932.5383 56283.67
250 61 269 1265.629 75281.33
250 62 225 1054.764 74541.44
250 63 187 890.9594 65179.75
250 64 142 668.4363 69188.93
250 65 243 1149.996 69332.93
250 66 191 910.4009 44524.65
250 67 32 215.7057 67913.55
250 68 173 921.5382 121684.5
250 69 324 1566.16 76183.39
250 70 54 317.1563 67640.51
250 71 271 1331.005 51685.25
250 72 313 1504.059 66213.68
250 73 384 1858.165 61933.57
250 74 283 1308.903 71399.32
250 75 26 180.7576 77731.7
250 76 427 2087.243 73154.51
250 77 259 1307.071 79598.63
250 78 176 905.693 48020.84
250 79 376 1863.221 72474.89
250 80 22 157.9596 73275.12
250 81 291 1498.988 75849.27
250 82 181 916.5266 48257.43
250 83 194 986.1908 45712.1
250 84 66 366.4151 72518.71
250 85 50 291.2108 68372.15
250 86 149 802.4686 114287.3
250 87 186 990.4969 121814.9
250 88 321 1619.273 49900.84
250 89 101 576.2971 72925.91
250 90 209 994.061 67514.31
250 91 233 1135.157 73983.59
250 92 305 1471.373 42535.14
250 93 129 673.0871 54668.41
250 94 219 1111.885 46847.58
250 95 319 1575.328 51308.2
250 96 211 1067.272 52176.44
250 97 305 1508.98 76055.82
250 98 261 1267.43 79556.85
250 99 94 476.4932 49062.91
250 100 191 932.4226 47367.2
500 1 208 4203.74 184187.5
500 2 69 1560.011 235125.5
500 3 41 982.6017 159389
500 4 285 6056.873 168115.2
500 5 182 3955.998 232668.1
500 6 273 5983.356 185618.4
500 7 195 4324.588 151011.6
500 8 300 6449.342 381125.5
500 9 144 3091.745 194127.5
500 10 211 4475.253 283296.9
500 11 180 3918.266 224143.2
500 12 34 826.4672 299217.1
500 13 307 6440.587 283351
500 14 205 4522.216 271479.1
500 15 261 5789.399 214692.9
500 16 28 726.702 195570.6
500 17 66 1523.171 368485.9
500 18 103 2265.351 171278.6
500 19 231 4907.61 291649.9
500 20 293 6122.994 318980.5
500 21 291 6294.841 302011.1
500 22 291 6249.554 198193.8
500 23 289 6484.599 296952.8
500 24 297 6506.905 305964.9
500 25 173 3669.658 289398.9
500 26 281 6026.235 374271.8
500 27 241 5311.506 311833.3
500 28 145 3245.882 266983.2
500 29 223 4729.752 293999.8
500 30 228 4823.773 301586.5
500 31 313 6864.621 300651.9
500 32 139 2717.669 157345.5
500 33 71 1427.242 196602.5
500 34 68 1492.221 163522
500 35 73 1520.457 196472.5
500 36 245 6093.449 293125.6
500 37 217 4514.84 257969
500 38 191 4172.51 272779.8
500 39 91 2137.16 175751.9
500 40 223 5441.372 283210.9
500 41 189 4839.433 267564.6
500 42 281 7124.816 201094.7
500 43 269 6616.757 273829.5
500 44 247 6167.274 199106.9
500 45 154 3848.43 276034.6
500 46 331 8225.454 267733
500 47 58 1610.247 185966.3
500 48 253 6023.596 188424.2
500 49 26 760.6431 188484.9
500 50 267 6424.652 469530.5
500 51 255 5840.6 284919.1
500 52 227 5337.506 283726.8
500 53 52 1032.134 192473.7
500 54 36 1066.097 280143.7
500 55 219 5493.911 194403.2
500 56 98 1965.291 217035.2
500 57 116 2586.983 180726.5
500 58 261 6251.095 274062
500 59 163 3846.977 179698.5
500 60 313 7109.481 195224.8
500 61 58 1613.957 290368.4
500 62 257 6284.511 135107.4
500 63 77 2101.711 299274.5
500 64 247 5821.769 174978.7
500 65 289 6674.513 217789.7
500 66 301 7656.706 166581.3
500 67 26 826.8011 308508.1
500 68 279 7059.536 201737.3
500 69 199 5061.849 304363.4
500 70 253 6319.606 293857
500 71 156 3647.314 185090
500 72 175 4262.932 170058.2
500 73 299 6862.707 183158.8
500 74 36 1086.266 188700.2
500 75 321 7513.957 258432
500 76 303 7239.474 174643.7
500 77 48 1297.978 272439.6
500 78 159 3931.629 174097.2
500 79 199 5199.56 191736.3
500 80 225 5462.03 244644.7
500 81 211 5056.619 191382
500 82 189 4809.664 187086.7
500 83 217 5595.553 192396.1
500 84 167 4320.345 169643
500 85 30 855.8004 285508.9
500 86 223 5490.458 273504.5
500 87 84 2253.109 212837.7
500 88 22 711.3696 166829.8
500 89 303 7626.888 392787.3
500 90 179 4541.826 266191.7
500 91 121 3014.224 265941.7
500 92 217 5519.281 184121.6
500 93 94 1806.791 200312.4
500 94 291 6917.704 215484.8
500 95 207 5103.161 258986.5
500 96 263 6623.921 193479.8
500 97 249 6210.365 182236.6
500 98 273 6591.658 177909.4
500 99 291 7237.76 210034.2
500 100 29 880.1453 159791.3
