N sim mu_vmp psi_11_vmp psi_12_vmp psi_13_vmp psi_21_vmp psi_22_vmp psi_23_vmp Zeta_1_hat_vmp Zeta_2_hat_vmp
10 1 0.4676518 0.04808668 0.03370815 0.2610874 1.714772 1.770792 1.983367 0.8947027 1.02477
10 2 0.1027786 0.1986243 1.013191 0.8288 0.01629545 0.1097787 1.951754 0.8827065 0.6703037
10 3 0.1731358 0.1072539 0.2086395 0.1108176 0.01246982 0.02837162 1.983393 0.669299 0.6499058
10 4 0.2027593 0.08133325 0.3614242 0.37579 0.007143705 1.424981 1.9972 0.7696376 0.9827248
10 5 0.2266631 0.0198423 0.07356684 0.3816587 0.01433291 1.454869 1.846131 0.7447303 1.004956
10 6 0.117432 0.05432579 0.177715 0.1670875 0.01463551 0.01584646 1.957698 0.7218721 0.6327293
10 7 0.0944133 0.1768795 0.6078267 0.6870517 0.01073936 0.08259837 1.987767 0.6107242 0.6483172
10 8 0.2739118 0.05037881 0.04953784 0.1043699 0.01628541 0.03516152 1.949776 0.7324516 0.662713
10 9 0.0759491 0.03786298 0.07837521 1.526586 0.007581826 1.417776 1.920538 0.7006853 1.01331
10 10 0.05163266 0.04961047 0.07459022 0.05377901 0.02558415 0.07532445 1.962208 0.5731689 0.663423
10 11 0.07101433 0.03208424 0.7257814 0.8434262 0.01535872 0.03520414 1.983183 0.6389597 0.6914349
10 12 0.1145591 0.05424637 0.03480351 0.140035 0.009036389 0.1201595 1.882501 0.6461425 0.8017145
10 13 0.07126426 0.01477284 0.2530925 0.5313803 0.01928482 0.1511513 1.89581 0.6039199 0.7908695
10 14 0.03150325 0.1605241 0.1565845 0.5042513 0.007838646 0.02624506 1.99654 0.6511204 0.6567152
10 15 0.1671477 0.001782874 0.6341114 0.5878059 0.009489205 1.468427 1.772268 0.7356838 1.022266
10 16 0.08972815 0.06929107 1.016975 1.211185 0.003900728 1.777481 1.990072 0.6598143 1.027148
10 17 0.02711666 0.04990433 0.9549461 1.036096 0.003357009 0.02859918 1.978105 0.6786372 0.6737038
10 18 0.009890499 0.05151835 0.1472782 0.2988527 0.01040841 1.458132 1.808214 0.5498113 0.7694366
10 19 0.0794853 0.03356083 0.04345205 0.0903662 0.004381217 0.02866559 1.910351 0.5513589 0.6311878
10 20 0.1415308 0.02643723 0.1615622 0.1418958 1.959926 1.96119 1.866665 0.6743491 1.027759
50 21 0.02471027 0.008741932 0.05425309 0.04486976 0.003212647 0.005438432 0.01114823 0.4743643 0.6400123
50 22 0.08607437 0.01736754 0.2009027 0.2119458 0.002540213 1.512959 0.8168999 0.6508418 0.7721612
50 23 0.01223013 0.007539466 0.02047118 0.02327459 0.003044814 0.03121204 0.03740396 0.4117124 0.7291981
50 24 0.03947492 0.008465474 0.06183088 0.04418867 0.0665366 0.06479458 0.0159822 0.4722356 0.807683
50 25 0.01315628 0.01495336 0.2175961 0.2804962 0.003899857 0.01088401 0.0114555 0.4944522 0.57911
50 26 0.03862499 0.04868016 0.05451556 0.04306383 0.001739003 0.006539404 1.914236 0.520706 0.6428848
50 27 0.02957644 0.002501259 0.05726025 0.06655201 0.001062793 0.0250216 0.02958356 0.4457923 0.6264628
50 28 0.007322996 0.04116932 0.1205029 0.1063661 0.002060709 0.005798601 1.974669 0.5671689 0.6375728
50 29 0.003937094 0.008207958 0.02506717 0.02939829 0.002299991 0.009514423 0.02057951 0.4096304 0.6519333
50 30 0.034345 0.002275889 0.01891618 0.02188681 0.003094434 0.02845171 0.02740208 0.4684707 0.6053726
50 31 0.01111446 0.03309122 0.03857146 0.03159191 0.001448214 0.0104277 0.01445384 0.4895115 0.8062998
50 32 0.06625443 0.04500104 0.06324193 0.05198358 0.003676611 0.01604173 0.01749851 0.5912498 0.6690496
50 33 0.1110767 0.02716301 0.0409238 0.02945733 0.00145759 0.007855343 0.009332145 0.6199158 0.6122578
50 34 0.0709721 0.01675101 0.02507967 0.03889097 0.0006097999 0.01039318 0.0134753 0.5275809 0.5671697
50 35 0.01552891 0.02399411 0.108403 0.1360434 0.00726761 0.05620245 0.06399747 0.5173877 0.6343773
50 36 0.02058982 0.006689256 0.008320698 0.02499654 0.001848505 0.00468822 1.992147 0.7040272 0.6368408
50 37 0.001745096 0.006966021 0.01839194 0.01717139 0.0007372213 0.01198874 0.02206526 0.6868358 0.5720867
50 38 0.015824 0.01477692 0.03770264 0.0670232 0.001361751 0.006401915 0.007513965 0.443071 0.5695764
50 39 0.02752416 0.01067287 0.0192955 0.03171168 0.003219738 0.009881201 0.02104477 0.4430106 0.7412511
50 40 0.01638853 0.01133454 0.0148879 0.01924455 0.002492913 0.01669096 0.0235347 0.4095257 0.6305101
100 41 0.004432215 0.002308334 0.02938182 0.0337244 0.0009067538 0.003210187 1.985228 0.3884016 0.6335289
100 42 0.02856391 0.002946707 0.003441852 0.009130124 0.0007427027 0.001331784 0.005263683 0.4656488 0.5617262
100 43 0.006891708 0.005024302 0.03739009 0.03121248 0.0006211863 0.00394582 0.005538697 0.3618443 0.5483354
100 44 0.003170636 0.005290088 0.006391056 0.005325058 0.00134988 0.01688315 0.01660917 0.3623241 0.6960665
100 45 0.004749674 0.0013933 0.01170257 0.01362155 0.001709877 0.006670078 0.008758392 0.4434161 0.597179
100 46 0.01227954 0.005412067 0.01665333 0.05159303 0.002086905 0.00671985 0.01049527 0.3899518 0.5769074
100 47 0.0338005 0.00214727 0.02851326 0.06974662 0.0006444434 1.668637 1.664565 0.5691354 0.7522674
100 48 0.002223218 0.001311666 0.02830351 0.0307672 0.0020635 0.002277045 0.003464889 0.3913443 0.5598475
100 49 0.01307695 0.004327568 0.03850376 0.04680781 0.000542521 0.002050457 0.00524287 0.3951124 0.5663407
100 50 0.04406721 0.008875668 0.002489273 0.02500076 0.002820637 0.005790873 0.006573656 0.5054602 0.5592523
100 51 0.0008218506 0.004820343 0.02935528 0.03950261 0.0005337677 0.003496308 0.006064841 0.3717713 0.577071
100 52 0.009591126 0.01694003 0.01964022 0.003924426 0.0007716705 0.009087486 0.009117498 0.4020335 0.562886
100 53 0.02657303 0.002197888 0.04967884 0.06327774 0.0008776588 0.007062467 0.009109259 0.5252869 0.5957947
100 54 0.006461232 0.008933329 0.01901917 0.02896893 0.001999286 0.007224245 1.965393 0.4178454 0.6440566
100 55 0.003957366 0.01540718 0.07293575 0.0586219 0.0003680611 0.008969423 0.01029528 0.4054911 0.5904851
100 56 0.002194521 0.001272067 0.003335857 0.01643344 0.005538883 0.008355727 0.006807669 0.7254022 0.6026305
100 57 0.01440272 0.007704923 0.01406112 0.01752722 0.001501282 0.008492811 0.01328193 0.4209299 0.7481379
100 58 0.004798211 0.01046195 0.03775772 0.0343686 0.002305221 0.005419892 0.006614013 0.4103589 0.5641846
100 59 0.007093845 0.009172539 0.03115728 0.01790039 0.001078427 0.00357953 1.990198 0.4018264 0.640551
100 60 0.0050654 0.0009980666 0.002444391 0.01828957 0.0007975576 0.003547275 1.984039 0.4406055 0.6368735
250 61 0.00269762 0.002441401 0.00994666 0.009475046 0.0005093309 0.01244268 0.01383117 0.3961381 0.6375702
250 62 0.003890753 0.0009148935 0.005332406 0.004333438 0.0003331399 0.006952467 0.008191261 0.3626556 0.559998
250 63 0.02796858 0.003034301 0.008357438 0.007398804 0.0001708816 0.00176249 0.003037862 0.4459303 0.5631842
250 64 0.00565236 0.00591659 0.01506633 0.01863714 0.0002269347 0.001886742 0.003341031 0.3829525 0.5634328
250 65 0.01583847 0.0004166025 0.004937072 0.006919831 0.0004707197 0.006973256 0.007584678 0.4311449 0.5751933
250 66 0.01381477 0.005427508 0.007812632 0.01135666 0.0002893011 0.001619658 0.003639853 0.3890286 0.5656254
250 67 0.00275036 0.007923007 0.01124995 0.02208117 0.0008865836 0.0462257 0.04683495 0.4252525 0.6380656
250 68 0.01459227 0.001570263 0.002574909 0.002633402 0.0003322817 0.001174391 0.003325262 0.3821361 0.5584501
250 69 0.02067085 0.004740401 0.0132739 0.01761233 5.488706e-05 0.002968596 0.005946852 0.4525681 0.5748032
250 70 0.018783 0.003029735 0.006490754 0.007707349 0.000267892 0.001949437 0.003579851 0.4122822 0.5605594
250 71 0.001768867 0.003265264 0.002776062 0.007064359 0.0001314627 0.001971492 0.002951172 0.4661822 0.5750996
250 72 0.02285058 0.001490887 0.04710934 0.05668525 0.0001015298 0.006144884 0.006782015 0.491189 0.5569108
250 73 0.004773191 0.0005827363 0.01191162 0.02187683 0.000391718 0.00242735 0.004696634 0.4234377 0.5588182
250 74 0.002419846 0.0007450142 0.01066927 0.01169347 0.0004218659 0.003906207 0.005404768 0.3411409 0.5674461
250 75 0.00451449 0.005704826 0.002363919 0.01063708 0.00027227 0.001684818 0.001717921 0.3700578 0.5553259
250 76 0.004525511 0.0007904811 0.001532272 0.002624378 0.000282985 0.0344443 0.0360811 0.3647293 0.7588702
250 77 0.004481133 0.002637909 0.003539154 0.002770227 0.0004156712 0.002032342 0.001785384 0.3742404 0.565118
250 78 0.005747174 0.003362757 0.004387557 0.01347823 0.0004551865 0.002481136 0.00446285 0.3919337 0.7293455
250 79 0.005003605 0.009089009 0.01139924 0.006137273 0.0003227849 0.002412216 0.003037951 0.4089521 0.562174
250 80 0.002552036 0.01554537 0.01820625 0.007770051 0.000217879 0.002052741 0.002738569 0.4241829 0.5599134
500 81 0.001248662 0.004955982 0.008659276 0.01602725 0.0003093153 0.008521609 0.008674978 0.3858764 0.616305
500 82 0.002347679 0.002806578 0.001456976 0.01772183 0.0005891411 0.0009483576 0.00173137 0.3921576 0.5585594
500 83 0.005358649 0.003687272 0.003837302 0.00239066 0.0001624043 0.003089326 0.003732868 0.4442101 0.5619992
500 84 0.001910202 0.002068598 0.02578978 0.02632718 0.0002388296 0.001208715 0.00107014 0.3594422 0.5523668
500 85 0.0006698154 0.00221834 0.02010856 0.02070272 0.0003561189 0.009227735 0.0102442 0.372768 0.6833809
500 86 0.01429046 0.004477826 0.01377301 0.01555777 8.561573e-05 0.001398871 0.002475038 0.4521531 0.5595732
500 87 0.0006515578 0.00520202 0.008909625 0.01438084 0.000123728 0.003999094 0.004808902 0.3731503 0.5614922
500 88 0.009746575 0.0004722825 0.003373549 0.007227457 0.0002357786 0.001018489 0.001882315 0.3808115 0.5649413
500 89 0.0004449551 0.0009445627 0.002684039 0.00328592 0.0001907455 0.0010366 0.001905186 0.3179347 0.7345942
500 90 0.009827594 0.003398412 0.007096161 0.004457423 0.0002763848 0.003581636 0.003745273 0.4275996 0.5600908
500 91 0.01068075 0.0006377401 0.00157014 0.001119624 0.0002106412 0.001974942 0.002773451 0.4413213 0.7329693
500 92 0.0005477157 0.003121985 0.003149145 0.04831545 0.0002571066 0.001055744 0.002141028 0.3886819 0.5626499
500 93 0.0006787894 0.001028804 0.008799498 0.01061371 0.0001485979 0.001097273 0.001762691 0.3456729 0.557715
500 94 0.00109947 0.004805755 0.01566522 0.01344489 0.0002701046 0.0014265 0.002385848 0.3973611 0.5591219
500 95 0.002781434 0.0005506972 0.0003352386 0.002377691 0.0001327545 0.001799263 0.002453609 0.3484154 0.555467
500 96 0.001226704 0.003798695 0.07786739 0.0744707 0.0002024089 0.000911396 0.00132366 0.4121907 0.5563357
500 97 0.004392159 0.003196621 0.003327159 0.006278811 8.998542e-05 0.001175436 0.001234015 0.3987479 0.5542955
500 98 0.0006873682 0.0007672879 0.003095408 0.007963653 7.547274e-05 0.0005490284 0.0009206694 0.3681002 0.5528053
500 99 0.007252892 0.002531398 0.01127515 0.01276908 9.369094e-05 0.003612887 0.004111692 0.3665966 0.7327896
500 100 0.003641532 0.005238291 0.008422109 0.008088394 0.0001171054 0.0009802359 0.001389244 0.3873235 0.5530863
