N sim iter vmp
10 1 103 24.92863
10 2 80 18.62651
10 3 72 17.24085
10 4 160 38.20801
10 5 56 14.18248
10 6 36 9.936915
10 7 158 36.74101
10 8 86 20.26068
10 9 298 67.4872
10 10 166 35.27052
10 11 11 4.08373
10 12 99 23.13958
10 13 136 31.31624
10 14 168 39.03302
10 15 71 16.09362
10 16 50 11.73809
10 17 46 11.52063
10 18 78 19.90969
10 19 81 19.50728
10 20 146 33.86156
10 21 202 43.24303
10 22 134 29.35477
10 23 136 31.83882
10 24 35 9.480915
10 25 188 40.39794
10 26 320 73.97278
10 27 116 26.39708
10 28 171 39.21378
10 29 55 13.65913
10 30 143 31.07379
10 31 163 35.40241
10 32 77 18.30457
10 33 91 20.85624
10 34 76 17.54061
10 35 106 24.32085
10 36 205 45.25878
10 37 39 9.837826
10 38 89 19.69882
10 39 347 75.59852
10 40 62 14.23744
10 41 208 44.58589
10 42 37 8.987844
10 43 291 64.16016
10 44 178 38.00162
10 45 61 14.36638
10 46 500 110.263
10 47 180 39.15737
10 48 244 52.54275
10 49 329 67.75992
10 50 500 109.4501
10 51 113 25.31789
10 52 45 10.63401
10 53 146 31.25359
10 54 121 26.53978
10 55 106 24.76038
10 56 118 26.35215
10 57 143 32.19833
10 58 127 27.78189
10 59 297 65.78348
10 60 294 61.14794
10 61 189 39.16261
10 62 239 51.27396
10 63 89 19.69828
10 64 143 30.03465
10 65 395 86.47096
10 66 132 29.54498
10 67 28 7.599598
10 68 53 13.17309
10 69 49 12.28702
10 70 27 7.246019
10 71 160 34.98153
10 72 36 9.084112
10 73 142 31.88769
10 74 500 100.1721
10 75 149 31.31239
10 76 51 12.7436
10 77 500 105.2125
10 78 459 102.5387
10 79 189 41.20636
10 80 92 20.09717
10 81 120 26.03588
10 82 109 24.21053
10 83 59 13.52337
10 84 172 38.63663
10 85 247 53.37779
10 86 59 13.33864
10 87 57 13.53701
10 88 172 38.38069
10 89 315 67.90022
10 90 59 13.93575
10 91 76 16.7053
10 92 179 38.11575
10 93 500 112.5876
10 94 39 9.911884
10 95 72 17.31274
10 96 99 21.81272
10 97 144 31.80835
10 98 38 9.383447
10 99 61 14.35839
10 100 93 21.55192
50 1 123 131.319
50 2 151 159.063
50 3 28 34.77221
50 4 85 95.32025
50 5 165 168.4
50 6 102 109.3146
50 7 35 42.59132
50 8 169 172.0753
50 9 209 224.8372
50 10 10 18.19839
50 11 273 278.4023
50 12 30 38.03079
50 13 105 112.4818
50 14 163 171.133
50 15 158 164.293
50 16 287 295.4994
50 17 253 260.9078
50 18 82 92.32274
50 19 343 364.0313
50 20 189 198.1344
50 21 185 190.1957
50 22 500 495.6554
50 23 127 138.7946
50 24 26 34.6173
50 25 34 40.95363
50 26 241 253.1617
50 27 109 117.6003
50 28 89 99.21771
50 29 231 237.6677
50 30 287 290.8939
50 31 137 145.52
50 32 500 510.0961
50 33 279 278.6075
50 34 24 31.89363
50 35 315 322.6152
50 36 219 224.3373
50 37 117 125.0944
50 38 500 499.782
50 39 242 256.9544
50 40 48 55.25108
50 41 194 201.1448
50 42 281 289.009
50 43 153 165.7401
50 44 211 221.3593
50 45 500 508.5337
50 46 125 134.9078
50 47 230 243.3479
50 48 69 77.01498
50 49 141 145.8798
50 50 207 215.3076
50 51 55 62.99913
50 52 133 139.8817
50 53 107 113.7436
50 54 313 325.9316
50 55 173 184.8417
50 56 257 267.0392
50 57 84 95.49452
50 58 206 216.6693
50 59 88 97.23062
50 60 66 73.82639
50 61 54 61.89746
50 62 52 58.74333
50 63 30 37.47207
50 64 30 37.87669
50 65 299 298.7873
50 66 144 157.5119
50 67 247 255.3626
50 68 498 510.6036
50 69 499 515.6976
50 70 70 80.08753
50 71 105 113.6393
50 72 72 80.27578
50 73 137 145.309
50 74 276 282.5965
50 75 253 261.16
50 76 103 113.5556
50 77 123 126.6537
50 78 101 111.8997
50 79 95 103.1045
50 80 331 338.2374
50 81 291 292.8487
50 82 61 69.68314
50 83 289 291.9444
50 84 120 129.1697
50 85 500 524.4601
50 86 56 63.49621
50 87 298 322.4461
50 88 92 102.7077
50 89 169 178.7746
50 90 173 179.1116
50 91 211 222.5402
50 92 225 236.4631
50 93 121 134.9601
50 94 309 319.4448
50 95 81 90.19469
50 96 216 229.3093
50 97 131 143.3361
50 98 32 40.67692
50 99 176 191.7502
50 100 364 377.0865
100 1 155 322.1368
100 2 116 246.7589
100 3 22 57.11254
100 4 227 469.4688
100 5 283 569.4884
100 6 26 66.21305
100 7 19 51.52984
100 8 334 672.7719
100 9 254 518.8161
100 10 257 519.4977
100 11 199 400.1983
100 12 291 595.377
100 13 237 485.8169
100 14 34 81.20858
100 15 75 160.2653
100 16 200 408.281
100 17 346 691.9767
100 18 206 428.0356
100 19 188 395.6835
100 20 359 728.1344
100 21 217 441.6368
100 22 496 980.532
100 23 89 190.403
100 24 221 455.8182
100 25 147 303.7124
100 26 256 530.8375
100 27 183 380.7181
100 28 89 189.7132
100 29 69 150.0289
100 30 181 371.6581
100 31 237 482.3619
100 32 40 92.8468
100 33 215 434.2085
100 34 251 504.6102
100 35 148 299.6246
100 36 53 116.8401
100 37 153 318.8072
100 38 165 333.7388
100 39 183 370.1848
100 40 164 337.6583
100 41 188 381.096
100 42 34 80.10195
100 43 112 235.044
100 44 281 561.4036
100 45 125 259.8005
100 46 259 531.9449
100 47 10 33.29977
100 48 169 345.1304
100 49 101 210.1559
100 50 347 699.5333
100 51 271 551.6592
100 52 109 225.2644
100 53 94 195.4205
100 54 6 24.97129
100 55 119 251.0205
100 56 30 71.88454
100 57 231 481.7212
100 58 244 501.2053
100 59 240 490.3537
100 60 223 454.6853
100 61 174 354.9226
100 62 28 68.16946
100 63 92 194.4231
100 64 118 250.1475
100 65 147 298.9408
100 66 247 510.0258
100 67 298 601.4221
100 68 106 222.7571
100 69 246 504.5057
100 70 211 438.5086
100 71 80 171.2346
100 72 265 524.8688
100 73 191 392.2352
100 74 223 450.3844
100 75 500 991.0936
100 76 157 322.5608
100 77 295 574.1959
100 78 163 344.3506
100 79 151 312.8699
100 80 28 68.64121
100 81 76 162.2732
100 82 237 481.6819
100 83 161 327.3699
100 84 225 460.1549
100 85 193 398.0819
100 86 277 560.3843
100 87 192 393.1038
100 88 280 568.7059
100 89 347 691.8741
100 90 108 225.5195
100 91 137 279.6694
100 92 500 988.2174
100 93 261 539.7625
100 94 16 44.32957
100 95 265 526.9622
100 96 275 549.1419
100 97 273 551.5338
100 98 138 280.5021
100 99 500 995.2151
100 100 148 300.5518
