N sim mu_vmp psi_11_vmp psi_12_vmp psi_13_vmp psi_21_vmp psi_22_vmp psi_23_vmp zeta_1_vmp zeta_2_vmp
10 1 0.1725903 0.07936127 0.1962127 0.2640789 0.004716717 0.06803467 1.830158 0.6726208 0.6806881
10 2 0.09389301 1.32364 1.420708 0.5144898 0.008290828 0.05007259 1.856974 1.030462 0.6486733
10 3 0.05504088 0.01575184 0.02016379 0.5692571 1.670547 1.659574 1.981097 0.5393682 0.9164321
10 4 0.09284951 0.3921743 0.6510053 0.2419385 0.006536289 0.02149383 1.990577 0.8009747 0.6585144
10 5 0.1672496 0.07146457 1.692159 1.415723 0.007433015 1.399911 1.939739 0.8275563 1.031977
10 6 0.07179307 0.08820742 0.1512607 0.1763305 0.01716663 1.443853 1.975931 0.7048669 0.7602975
10 7 0.1098768 0.01992995 0.5990402 0.7032615 0.0178943 1.435059 1.929611 0.6569317 1.031521
10 8 0.08488664 0.05352525 0.07662411 0.0803535 0.003379897 0.04374505 1.880028 0.6971032 0.6812354
10 9 0.1564806 0.06063082 0.07967869 0.1317676 0.3066046 0.3073989 1.962769 0.6126339 0.8288187
10 10 0.2322377 0.02911463 0.04825975 0.1820484 1.902578 1.780991 1.820081 0.6254802 1.016198
10 11 0.1139374 0.1993371 0.2211083 0.7555164 1.939381 1.970114 1.88706 0.77291 1.06187
10 12 0.0678527 0.04149518 0.1101365 0.1419737 0.006969155 0.01862812 1.967398 0.5473722 0.6362297
10 13 0.04777597 0.03640572 1.29752 1.282099 0.009653589 1.41863 1.907597 0.7045036 1.061182
10 14 0.05550959 0.6298027 0.4972462 0.4475398 0.00184074 0.08595705 1.966691 0.7775191 0.7717147
10 15 0.2241394 0.03274498 0.9278329 1.043665 0.008509783 0.03125049 1.910345 0.7874443 0.7993746
10 16 0.3993638 0.03563479 0.1850868 0.4110353 0.3319627 0.3473033 1.905211 0.7732326 0.8634884
10 17 0.05579648 0.08131889 0.0497594 0.1644001 0.01105503 0.6187904 1.885551 0.5166803 0.695941
10 18 0.1848448 0.7501638 0.7157914 0.10728 0.403886 0.4239685 1.926705 0.9230749 0.8833885
10 19 0.05284266 0.08502878 0.3542043 0.3916307 0.008790783 1.525188 1.850212 0.6798038 0.7439703
10 20 0.0962237 0.01463979 1.431594 1.361164 0.01149494 1.435946 1.894578 0.8279947 1.025979
10 21 0.3645901 0.1382167 0.6008503 0.716301 0.01275088 0.04907183 1.906296 0.8640579 0.6675254
10 22 0.05622113 0.531053 0.8028438 0.8259921 1.983655 1.943317 1.999114 0.8840446 1.027332
10 23 0.06386026 0.1144235 0.241521 0.8962335 0.005276818 1.469503 1.91244 0.7424566 1.003783
10 24 0.1747684 0.2098964 1.485248 1.410973 0.02883141 1.887872 1.982351 0.8307184 0.8052078
10 25 0.2219946 0.1676426 0.208153 0.1807359 0.009651301 0.0395037 1.943285 0.7879057 0.6804613
10 26 0.03029356 0.1471992 0.3535677 0.458108 0.002284016 0.07677852 1.934089 0.5946918 0.6736226
10 27 0.2682714 0.1197942 0.3029171 0.392189 1.949654 1.77002 1.875102 0.8063714 1.03659
10 28 0.01170613 0.04875906 0.08138059 0.1565995 1.960759 1.909709 1.834491 0.5540565 0.9868953
10 29 0.2647834 0.1407511 0.1745234 0.1282991 0.01437658 1.158797 1.954926 0.8229894 0.7494113
10 30 0.2017824 0.08251143 0.1285531 0.06894389 0.007686076 0.04656065 1.961009 0.6719968 0.744269
10 31 0.02117285 0.01120925 0.7723032 0.9263479 0.02044376 0.323513 1.68191 0.6538309 0.7120182
10 32 0.1793905 0.05143389 0.8907075 1.083987 0.00750724 1.655814 1.952191 0.7710948 0.7596215
10 33 0.1257198 0.1518251 0.1484749 0.1878621 0.005333272 0.02708126 1.969526 0.6452861 0.654438
10 34 0.1692727 0.1236611 0.08678021 0.2636646 0.003504304 0.0378586 1.952433 0.7193096 0.6565701
10 35 0.09364258 0.01157075 0.06424714 0.06615512 0.01170336 1.474951 1.843147 0.7418408 0.7778895
10 36 0.1356187 0.159478 0.1805967 0.07855105 0.02931943 0.04288616 1.914748 0.6440893 0.6484404
10 37 0.09348971 0.1749549 0.2355542 0.2350548 0.007674546 1.418654 1.884909 0.65687 0.9936196
10 38 0.1569746 0.1515742 0.1591126 0.241564 0.0101466 0.01633401 1.977709 0.7756713 0.6404567
10 39 0.09020831 0.2655053 0.2748974 0.1705138 0.004839465 0.0140813 1.992743 0.679287 0.6585872
10 40 0.1188698 0.1175217 0.1386984 0.100653 0.008420289 0.06028666 1.922282 0.6814777 0.6454556
10 41 0.04278193 0.02286593 0.4001265 0.3721934 0.01704195 1.446393 1.907416 0.5805726 1.019854
10 42 0.3096687 0.2441324 0.3630871 0.366831 0.01026261 1.471129 1.957913 0.8303088 1.05416
10 43 0.124739 0.0177204 0.04296792 0.1963217 0.01210959 0.07536596 1.912756 0.6256149 0.6619754
10 44 0.09103353 0.1914032 0.3319725 0.1827778 0.003344505 0.3307897 0.3734131 0.6838622 0.6404211
10 45 0.1517433 0.01203217 0.6352111 0.6431702 0.007159305 1.444696 1.699365 0.8054853 0.9800005
10 46 0.03143182 0.01144765 0.07395855 0.1437805 0.004789699 0.02559571 1.966541 0.7115754 0.7734284
10 47 0.07921009 0.03274839 1.239346 0.9969849 0.1817913 0.1902152 1.987945 0.8181177 0.7826564
10 48 0.1375404 0.01059052 0.6336145 0.7706575 0.004395873 0.01555486 1.935809 0.6616928 0.6582119
10 49 0.06648483 0.01332826 0.05322826 0.08829837 0.03328933 0.03493683 1.985373 0.5146874 0.6318056
10 50 0.0465102 1.232383 1.242579 0.09001354 1.19512 1.202468 1.980969 0.8917731 0.8296368
10 51 0.02001778 0.09207729 0.5817111 0.508993 0.01305901 1.479004 1.877215 0.7289592 0.8100887
10 52 0.08711065 0.1035182 0.1729084 0.09571784 0.0114563 1.415849 1.881857 0.7586226 0.9349099
10 53 0.02482081 0.1770856 0.3715244 0.2967412 0.006035164 0.05927054 1.936547 0.5253448 0.6759335
10 54 0.1849337 0.05476646 0.0594125 0.04421015 0.004365506 1.428507 1.872255 0.6697768 1.028403
10 55 0.04479407 0.09391759 0.3600284 0.3024923 0.006126547 1.387535 1.872013 0.6462277 0.7376284
10 56 0.08918249 0.03906038 0.918093 0.9029326 0.01587039 1.368302 1.868099 0.711613 0.7649579
10 57 0.2604834 0.07012788 0.3767422 0.3701454 0.007279618 0.06361378 1.857325 0.7644032 0.6655854
10 58 0.02877398 0.0177189 0.3932068 0.393298 0.02255785 0.1261361 1.900817 0.7165488 0.6357983
10 59 0.2288676 0.02247157 0.03626677 0.07213529 0.01109373 0.01592978 1.989217 0.6888194 0.6329936
10 60 0.2415686 0.003351408 0.2588614 0.3868424 0.01690908 0.04630929 1.969197 0.7428358 0.7675843
10 61 0.08129519 0.01991351 0.8279735 0.8385924 0.009935308 1.447854 1.929766 0.7808454 0.9785472
10 62 0.2348388 0.1301824 0.666784 0.6071853 0.009895162 0.01633804 1.853962 0.7945452 0.6191514
10 63 0.3424703 0.03767964 0.6089749 0.6897549 1.988524 1.874452 1.979886 0.8304349 1.032684
10 64 0.0502286 0.007434783 0.3111966 0.2936856 0.006925739 0.06050255 1.860236 0.6372318 0.6514524
10 65 0.1209801 0.005921016 0.5564809 0.6559775 0.01657434 0.04889004 1.920917 0.6553604 0.6723787
10 66 0.1094657 0.109835 0.06681391 0.2824661 0.006642336 1.426477 1.861629 0.5966303 1.017539
10 67 0.171842 0.01425329 0.09339192 0.3456055 0.807221 0.8121494 1.972815 0.6570159 0.8727491
10 68 0.2153107 0.0633771 0.06585749 0.0988179 0.01126235 1.41387 1.948782 0.7389544 0.7418928
10 69 0.1063006 0.05007539 0.2634215 0.2064435 0.01649684 0.02638262 1.980645 0.5435739 0.7624263
10 70 0.2174731 0.03650176 0.06775076 0.2368181 0.005803427 1.429596 1.885441 0.7956107 0.7561017
10 71 0.1643962 0.03982105 0.05509884 0.08560385 0.008298137 0.03357995 1.970245 0.6212039 0.7620458
10 72 0.2528259 0.3305333 1.839611 1.73611 0.01393551 1.368579 1.888612 0.9715966 0.7498949
10 73 0.08540574 0.01645401 0.122779 0.1178597 0.004816 1.460441 1.842428 0.5759953 0.7788252
10 74 0.1519357 0.02492595 0.01865215 0.0792441 0.006666181 0.02869288 1.971819 0.8330018 0.7632881
10 75 0.03423432 0.0273939 0.2405732 0.502557 0.0250855 1.469053 1.93725 0.5803836 0.7778362
10 76 0.04587606 0.1502551 0.1256164 0.4836181 0.004713989 1.510213 1.907423 0.6000942 1.298378
10 77 0.3513981 0.5020729 0.496452 0.08364978 0.5861346 0.6038812 1.980962 0.9818626 0.8361884
10 78 0.1684401 0.0195862 0.1264675 0.2264019 0.00441333 0.03220683 1.973509 0.6535882 0.6481019
10 79 0.0311433 0.02079725 0.6733275 0.7416974 0.0018462 0.09431211 1.876291 0.6432566 0.6816347
10 80 0.1431463 0.1566243 0.157746 0.09914304 0.01124453 1.452377 1.953446 0.7324645 0.769342
10 81 0.09384543 0.2637046 0.2137481 1.092835 0.01362058 0.03790342 1.955645 0.6647121 0.6372199
10 82 0.09769992 0.06001173 0.04957122 0.1652856 0.05511801 0.06515585 1.936147 0.5708939 0.8480257
10 83 0.2609756 0.003213033 0.01142256 0.8481263 0.004530331 1.42819 2.002496 0.7576543 0.7674855
10 84 0.04002258 0.02832554 0.06322395 0.1758708 0.004284122 1.438473 1.983389 0.4808383 0.7470744
10 85 0.01921345 0.03046095 1.181971 1.194103 0.01843575 0.1796449 1.825749 0.829236 0.6949908
10 86 0.07358465 0.6955655 0.9377005 0.3716157 0.01227836 1.40547 1.907833 0.852995 0.7755104
10 87 0.2899899 0.2682094 0.6769376 0.7928505 0.003375643 0.8972739 1.923728 0.9422323 0.7195737
10 88 0.1565635 0.07847118 0.1117192 0.1128813 0.002644877 1.41886 1.993145 0.6902524 1.008353
10 89 0.05061781 0.01824867 0.1239665 0.1360438 0.008719263 0.02963416 1.963038 0.5859352 0.6403319
10 90 0.02341425 0.1115698 0.2461156 0.1906459 0.006452248 1.420582 1.966365 0.5911462 0.7603464
10 91 0.02614937 0.03573701 0.02281737 0.2139346 0.01052518 0.0764606 1.974268 0.5742831 0.7500361
10 92 0.183653 0.03516134 0.807698 0.7427495 0.02539823 0.03379198 1.985741 0.7462166 0.6689725
10 93 0.08830156 0.1387126 0.4263571 0.3415116 0.01206819 0.0458434 1.999855 0.7333294 0.7655586
10 94 0.04479675 0.01166127 0.01384921 0.9112013 0.02059863 0.7858145 1.794823 0.5470935 0.7277272
10 95 0.5680878 0.1587077 0.05507113 0.3304852 0.004682368 1.369701 1.816161 0.9246955 0.7417868
10 96 0.3177545 0.01402583 0.04629334 0.05016379 0.01277781 0.02287032 1.964322 0.7887445 0.897642
10 97 0.1990083 0.007347049 0.06242676 0.06502758 0.003427813 0.1004014 1.877891 0.6276587 0.6527533
10 98 0.1913343 0.6373735 1.009995 0.9496798 0.01566529 1.462624 1.955563 0.9037866 0.9868783
10 99 0.06211633 0.009452065 0.0623919 0.1578842 0.02543077 0.02359604 1.939932 0.5916116 0.6591589
10 100 0.05626829 0.04239054 0.3091357 0.3091891 0.002843699 0.02687657 1.997329 0.6105553 0.6457949
50 1 0.05255607 0.001581099 0.01906175 0.01413065 0.01693452 0.06029248 0.04376642 0.5037088 0.8046222
50 2 0.05846434 0.005421445 0.005950279 0.01685065 0.002204462 0.01235326 0.01336908 0.5260306 0.560522
50 3 0.05245891 0.006904187 0.06230937 0.04633423 0.001641416 0.004358399 1.993212 0.4704229 0.6259787
50 4 0.01854642 0.01456392 0.02220645 0.01722505 0.001297377 0.009154005 0.02449116 0.4581462 0.6075094
50 5 0.05272801 0.02519972 0.06992659 0.06622388 0.003135044 0.009984095 1.986751 0.5901358 0.6830031
50 6 0.02083735 0.03731405 0.03660179 0.02623652 0.001342001 0.006844235 0.01555456 0.4901655 0.5791341
50 7 0.02151628 0.004336686 0.05297901 0.02584878 0.00115257 0.003937174 1.923538 0.8109856 0.6640966
50 8 0.02905607 0.004156887 0.003035646 0.0276259 0.003769717 0.01284251 0.0187316 0.4448759 0.5712353
50 9 0.02093514 0.001962617 0.005536689 0.05153768 0.001359848 0.007112032 0.02010061 0.3670965 0.6078516
50 10 0.03941676 0.04930427 0.03569297 0.04926225 0.007062463 0.04956722 0.4486836 0.5553706 0.7427204
50 11 0.006822931 0.001887542 0.01161151 0.0994431 0.001155541 0.02839778 1.921874 0.3578525 0.6399875
50 12 0.008484946 0.00620573 0.02343515 0.0145306 0.004672712 0.01002951 1.998439 0.4068496 0.6460658
50 13 0.03022203 0.05570109 0.05895814 0.02215743 0.002084137 0.004960221 0.0051195 0.5799184 0.627328
50 14 0.009294512 0.007136563 0.02160557 0.004368198 0.002431374 0.005436696 0.01282099 0.4826417 0.5922862
50 15 0.02549075 0.01031886 0.05925289 0.01127518 0.0007354061 0.008328253 1.987991 0.7280289 0.642417
50 16 0.004888567 0.03003145 0.03145425 0.02937003 0.002941129 0.01175783 1.984213 0.4410599 0.6615921
50 17 0.02691567 0.04741802 0.07996096 0.03072038 0.001377079 0.002552863 0.005579322 0.5227063 0.6411487
50 18 0.01515122 0.04268336 0.05653415 0.02836164 0.001623376 0.002154432 0.01201063 0.539689 0.7496649
50 19 0.04490209 0.009777467 0.08014684 0.06552511 0.00146334 0.005976641 1.984131 0.5488855 0.6423769
50 20 0.006098253 0.03608825 0.03313881 0.01712743 0.001679373 0.005268782 0.009847008 0.4434565 0.758427
50 21 0.005833313 0.006762906 0.01942462 0.02654299 0.001632372 0.005847661 1.962419 0.4551479 0.6354276
50 22 0.002291858 0.007381364 0.02170431 0.0621233 0.002690165 0.02339541 1.933961 0.3801205 0.8843106
50 23 0.07280804 0.07590564 0.06633917 0.06800639 0.002025578 0.004958034 1.996995 0.6240286 0.6302908
50 24 0.01914232 0.01645217 0.01714214 0.05385223 0.001299096 0.004825875 0.007660665 0.4168915 0.5741079
50 25 0.02717864 0.004359339 0.01500852 0.02417866 0.001532814 0.004686437 0.008977762 0.4353391 0.5820171
50 26 0.002121958 0.007375094 0.02340562 0.02699837 0.001316174 0.007698565 0.008270928 0.4048997 0.5852434
50 27 0.07961351 0.04788086 0.08032091 0.0136617 0.0006501966 0.01233401 0.01331094 0.639359 0.6061359
50 28 0.01398524 0.01594134 0.01462121 0.04193987 0.001177698 0.00903882 2.001634 0.4477212 0.6383152
50 29 0.0300311 0.004450693 0.03913513 0.03761901 0.005458432 0.0104006 1.995069 0.5235132 0.647341
50 30 0.00723573 0.02932818 0.05890155 0.05226202 0.002608426 0.008269486 1.964877 0.4756543 0.8976304
50 31 0.006946988 0.02782068 0.04428315 0.05830255 0.00191791 0.01582412 0.02239579 0.5372084 0.5869076
50 32 0.01821342 0.01594491 0.04947157 0.05026041 0.001400421 0.003452442 0.009039395 0.4910561 0.5777816
50 33 0.009795528 0.001907555 0.01208525 0.0620205 0.002714395 0.002219065 0.01260432 0.3524384 0.5794853
50 34 0.06583051 0.01120498 0.2329836 0.2540832 0.001871847 0.00651649 1.979343 0.554212 0.6364053
50 35 0.003761701 0.003147183 0.1213941 0.1424895 0.004501835 0.009563385 1.992262 0.4805178 0.6491245
50 36 0.003643957 0.01216408 0.09450492 0.1195227 0.006091452 0.00772722 0.0100144 0.4430736 0.7664709
50 37 0.03909997 0.006183232 0.009729687 0.009602024 0.001665186 0.01324671 1.96162 0.5070442 0.6420676
50 38 0.009324485 0.02143906 1.096174 1.069376 0.00459664 0.0254344 0.02980287 0.7513814 0.5674415
50 39 0.007912353 0.02602519 0.04178456 0.01553579 0.001455293 0.0039793 1.992577 0.4507315 0.6370681
50 40 0.1323234 0.02875247 0.0995004 0.0736348 0.0006001654 0.01080943 0.01408075 0.6651906 0.5753101
50 41 0.03488175 0.003421113 0.1980202 0.193861 0.001380915 0.004201538 0.009731997 0.5053904 0.5735056
50 42 0.005479537 0.008042627 0.09657476 0.109764 0.003839958 0.01169831 0.01190749 0.4543107 0.5975241
50 43 0.03852529 0.002883949 0.07212708 0.07413092 0.001496512 0.01016887 1.998076 0.6128675 0.6382945
50 44 0.01292451 0.01523616 0.02619148 0.04015346 0.00273593 0.01034991 1.974042 0.4353647 0.6247643
50 45 0.04997211 0.01699297 0.01133197 0.01157615 0.001557918 0.004130834 0.009839462 0.5701397 0.592832
50 46 0.0350232 0.005914938 0.007611954 0.02632451 0.002778695 0.006894734 0.007716006 0.4567556 0.7420142
50 47 0.02991161 0.02914025 0.03683898 0.03434578 0.0012037 0.006282456 1.644538 0.4937645 0.6442287
50 48 0.005681773 0.01719167 0.05813857 0.09557286 0.00762927 0.01411776 1.947913 0.4167743 0.6369714
50 49 0.009250276 0.01466455 0.004620948 0.03480317 0.003322871 0.00866187 0.01478155 0.4855316 0.7856005
50 50 0.04851557 0.008589689 0.0208957 0.03487203 0.001124228 0.01455328 0.01940143 0.5136458 0.6384001
50 51 0.007707136 0.004108185 0.01581817 0.03033189 0.003089105 0.007435623 0.02028175 0.3809803 0.784376
50 52 0.02269742 0.0241051 0.0274916 0.0804469 0.003357292 0.03779367 0.03740276 0.4941978 0.6654334
50 53 0.005910509 0.004774572 0.05636649 0.06261665 0.0007416596 0.005236871 1.992813 0.3931343 0.9358183
50 54 0.01045996 0.006917812 0.03224302 0.08852226 0.003677139 0.003831179 0.007456824 0.4234597 0.571468
50 55 0.08198949 0.01074492 0.04460741 0.07733523 0.0008933342 0.002771459 0.01279151 0.5272172 0.5643266
50 56 0.002649127 0.0008788166 0.006232217 0.01006442 0.0004402291 0.009869853 0.01494599 0.3705309 0.6495907
50 57 0.05291071 0.006587843 0.5658732 0.5705465 0.002370773 0.006490819 0.01056077 0.615315 0.5900241
50 58 0.03346495 0.03734107 0.06104501 0.04144691 0.001185681 0.01048626 1.894603 0.5366429 0.6443635
50 59 0.01800665 0.02228484 0.02753141 0.06012353 0.002391189 0.004888618 1.96191 0.4623089 0.7808691
50 60 0.05267523 0.03070334 0.08643553 0.05612261 0.002868958 0.009457288 1.994662 0.5688332 0.6391909
50 61 0.03214367 0.006423331 0.02260556 0.03858234 0.002688653 0.06011472 0.06314104 0.4475687 0.6382848
50 62 0.04582433 0.03665688 0.03846199 0.01831449 0.002468423 0.0242819 0.04431122 0.5361891 0.6288112
50 63 0.03052257 0.07582572 0.2396446 0.2044676 0.003365897 0.01143263 1.998744 0.558405 0.6559382
50 64 0.01632554 0.005687473 0.006313808 0.03645715 0.001317723 0.004674845 0.00798055 0.4103993 0.5769238
50 65 0.08096733 0.008149809 0.0195471 0.04435436 0.001877946 0.01427181 0.02244719 0.5504772 0.563315
50 66 0.01525463 0.02564311 0.08030017 0.04110787 0.002085752 0.006811576 1.993849 0.5049805 0.6462731
50 67 0.005655883 0.03008799 0.02847621 0.01959033 0.003474632 0.02977704 0.03809932 0.4934607 0.6150891
50 68 0.0144206 0.02348155 0.07029519 0.05940935 0.0005567486 0.02208189 1.941108 0.4580483 0.6621609
50 69 0.02746693 0.006772283 0.01864484 0.03379157 0.0007296349 0.02158339 1.96327 0.4899161 0.6429979
50 70 0.06688057 0.00429234 0.2232722 0.2224333 0.02099714 0.03297903 0.04712006 0.5592184 0.7797698
50 71 0.05138342 0.02163375 0.02675033 0.02992429 0.009167911 0.0340949 0.0318518 0.5236799 0.8386558
50 72 0.08093552 0.004267643 0.05967521 0.08009085 0.003264284 0.01633026 0.01966746 0.5977815 0.7626258
50 73 0.05417421 0.01344108 0.02418691 0.05911579 0.002016461 0.01785466 0.03049857 0.5135463 0.5891967
50 74 0.05602474 0.0044492 0.01032979 0.01279963 0.002284953 0.007252551 0.006498174 0.5100522 0.5882697
50 75 0.01925093 0.05514382 0.0565866 0.01541209 0.001311552 0.003518504 0.01572211 0.5212309 0.5766331
50 76 0.01287938 0.005997601 0.0203865 0.0319291 0.001653581 0.01079706 0.01903629 0.3620827 0.6633623
50 77 0.009197329 0.01074274 0.02074196 0.03978347 0.0005316127 0.008352311 0.01821507 0.5038985 0.5686286
50 78 0.01484175 0.03636115 0.06005494 0.0284369 0.003839987 0.03547197 0.04726644 0.5175904 0.7181795
50 79 0.02077479 0.006030175 0.05181422 0.05379563 0.002862474 0.01573393 0.02160743 0.4271663 0.6482916
50 80 0.009880922 0.004760671 0.02480998 0.04221273 0.001088806 0.02429899 0.02793727 0.4215193 0.561693
50 81 0.003230784 0.01871915 0.03516492 0.01800061 0.003571415 0.01129193 1.9582 0.3980407 0.6817548
50 82 0.02321694 0.009550907 0.1632098 0.1943084 0.002408296 0.005136996 0.0193092 0.6299037 0.5868631
50 83 0.1103421 0.00416899 0.006549931 0.01230655 0.0007606002 0.008377713 1.989995 0.585334 0.6382627
50 84 0.01412931 0.04751488 0.02689669 0.02757686 0.002538475 0.01241961 1.956057 0.4950742 0.691339
50 85 0.00625406 0.003515188 0.02739189 0.04627261 0.000945735 0.009146052 0.01340086 0.3961629 0.5960627
50 86 0.002782625 0.02140413 0.03117806 0.02090837 0.002552784 0.005363088 1.889468 0.4554035 0.7522118
50 87 0.01122894 0.002436158 0.01245485 0.02142451 0.001499152 0.006265448 0.01418569 0.3721774 0.563841
50 88 0.1490909 0.005735653 0.01043448 0.007801088 0.003808667 0.01085268 1.99008 0.8054151 0.64315
50 89 0.03309729 0.01554351 0.01104548 0.0216651 0.002406553 0.01022726 1.83797 0.4615821 0.6401975
50 90 0.002531287 0.03319796 0.04504395 0.009834064 0.003112504 0.01037359 0.0140274 0.4515949 0.5670228
50 91 0.02290058 0.007530506 0.03311221 0.0329779 0.001870021 0.006088197 0.01186158 0.5132208 0.5665898
50 92 0.04649838 0.003300435 0.09020039 0.08862075 0.0015155 0.005783742 1.986606 0.5117686 0.637466
50 93 0.03839641 0.03517635 0.0921591 0.05921562 0.01002686 0.01809247 1.960116 0.5604941 0.6495351
50 94 0.008215597 0.01924207 0.04434045 0.05104789 0.001822606 0.006461841 1.982547 0.4438858 0.6405411
50 95 0.01656823 0.01485987 0.03075482 0.03001756 0.0005654328 0.009108457 1.970713 0.4213558 0.9268703
50 96 0.01382947 0.008820813 0.004658073 0.07942711 0.001385468 0.006437688 1.987138 0.4066705 0.6471812
50 97 0.004490116 0.01669058 0.01422619 0.03318211 0.002113813 0.005762797 1.992376 0.4300427 0.6796621
50 98 0.0209293 0.0370812 0.03584186 0.02056155 0.001690572 0.006551645 1.930615 0.4932066 0.6269037
50 99 0.03091726 0.003015143 0.01161098 0.02765306 0.0007764322 0.0226855 0.02581045 0.4705795 0.6001759
50 100 0.04048233 0.005435549 0.119868 0.09286996 0.001127131 0.04854092 0.05092657 0.5248246 0.6489578
100 1 0.003822674 0.004893126 0.00407392 0.01972045 0.001445493 0.004465005 0.004689815 0.4103928 0.57979
100 2 0.03248524 0.001885781 0.02801378 0.03469019 0.0002685837 0.00485102 0.007964302 0.5371286 0.6172099
100 3 0.04133138 0.01992741 0.01420277 0.05664706 0.0008477721 0.002691041 1.837577 0.495323 0.6402298
100 4 0.01053621 0.004147249 0.07093777 0.07366524 0.0004296401 0.002429022 0.00791742 0.5435385 0.5639072
100 5 0.02391762 0.004748194 0.02135354 0.04256224 0.001421103 0.003536608 0.00430188 0.4363626 0.5641525
100 6 0.006516862 0.002226858 0.00460791 0.005482622 0.0008472679 0.005638082 0.005430872 0.395427 0.569357
100 7 0.007169376 0.01047924 0.04432613 0.2224666 0.000561851 0.00429791 0.583474 0.3868286 0.8358312
100 8 0.002973842 0.00249786 0.006376297 0.003379837 0.0008274562 0.01211565 0.01567167 0.3521983 0.5946152
100 9 0.008703501 0.003381516 0.007306953 0.02083538 0.00144961 0.005731136 1.977263 0.4063963 0.6423383
100 10 0.01206197 0.01209206 0.02056477 0.0161023 0.001028467 0.004976804 1.970741 0.4175908 0.6930712
100 11 0.01105351 0.005935231 0.006419936 0.004100808 0.001126839 0.002440723 0.007527098 0.404774 0.5595585
100 12 0.02517422 0.001279108 0.003545805 0.02526696 0.0006173513 0.003463931 0.009088936 0.4328625 0.5704879
100 13 0.00385652 0.009632013 0.01621026 0.008593722 0.000401505 0.006303317 0.005444782 0.3782749 0.5638233
100 14 0.004659008 0.003424917 0.0570073 0.1170123 0.0003414388 0.006972577 0.009346622 0.4291551 0.5879211
100 15 0.003174457 0.003435619 0.004352139 0.01173569 0.002053609 0.03125879 0.03332699 0.4960672 0.7616221
100 16 0.01120247 0.02266678 0.01943213 0.01744051 0.0004186688 0.002707256 0.01112796 0.4392756 0.5591995
100 17 0.0206852 0.005951775 0.01177063 0.04132944 0.000941574 0.01109223 0.01319046 0.4862208 0.7293971
100 18 0.008960204 0.003395584 0.1732961 0.1783092 0.0004114765 0.01320391 0.0171451 0.4681741 0.5705549
100 19 0.002234569 0.005761689 0.008340745 0.007208149 0.001469655 0.003371346 1.987891 0.3772477 0.6410586
100 20 0.009243001 0.0100494 0.009000865 0.03960231 0.001758168 0.005826493 0.006484247 0.4108798 0.5857922
100 21 0.03205917 0.01018249 0.1880189 0.1832672 0.0003022717 0.0133023 0.01779649 0.5544807 0.5649903
100 22 0.06381138 0.003949328 0.0684604 0.05317325 0.0004992037 0.06073541 0.06656879 0.5391788 0.6355364
100 23 0.01433531 0.002656464 0.02745912 0.03326401 0.0006782164 0.03129158 0.03450234 0.4298923 0.6688483
100 24 0.005621728 0.00754975 0.03575022 0.02469806 0.0008746758 0.002977973 0.002509186 0.4082561 0.5608608
100 25 0.01314639 0.005217474 0.04030961 0.04241909 0.003288675 0.01445465 0.01925278 0.3996 0.5834031
100 26 0.01914323 0.003179232 0.01098434 0.01248151 0.001200662 0.0202324 0.0240047 0.4240226 0.5614906
100 27 0.01887949 0.009321063 0.008900191 0.01957839 0.001281115 0.008267308 0.01004039 0.4344951 0.5608903
100 28 0.009874498 0.03694795 0.04354366 0.04216529 0.0006228184 0.003274156 1.95839 0.5287271 0.6404762
100 29 0.02912977 0.01600246 0.02497106 0.01108597 0.001022089 0.002259367 1.893241 0.5109731 0.9081355
100 30 0.02055889 0.005486268 0.09194125 0.07924258 0.0008871911 0.001430174 0.007552058 0.5137026 0.6020141
100 31 0.005753874 0.004343096 0.005594401 0.009585262 0.0006266261 0.003455202 0.005794447 0.4297786 0.5689755
100 32 0.03142278 0.02914553 0.02640189 0.03754875 0.0007695007 0.006312987 0.0110498 0.4785517 0.5677127
100 33 0.02922722 0.001777973 0.005493236 0.008793376 0.001210928 0.002245625 1.989606 0.4622475 0.6306153
100 34 0.01252868 0.01147637 0.01860746 0.01222267 0.0008214137 0.01363688 0.01707825 0.5047675 0.7882561
100 35 0.004816764 0.003029512 0.08147282 0.08255897 0.0009307257 0.002471869 0.007591097 0.5035976 0.5802171
100 36 0.04053289 0.02238201 0.05062225 0.06290966 0.002678167 0.006538393 1.999039 0.5208566 0.6355698
100 37 0.03711207 0.004623761 0.003298639 0.02002638 0.0004295682 0.02069463 0.02386783 0.4755215 0.7587131
100 38 0.006282227 0.01319637 0.01073913 0.01998832 0.001304579 0.00374704 0.007978345 0.4497312 0.5943851
100 39 0.01171935 0.01032321 0.01221624 0.01273183 0.002318414 0.004069131 0.004358364 0.4186511 0.5787933
100 40 0.02031394 0.009456945 0.003216329 0.04545797 0.000833685 0.004059124 0.006529241 0.4473576 0.5661187
100 41 0.01090358 0.02004927 0.03066215 0.01128945 0.001080535 0.005416481 0.004425463 0.4911846 0.5821353
100 42 0.01940509 0.009702601 0.04889163 0.0614701 0.0004383687 0.002474823 0.002644145 0.4264474 0.7342323
100 43 0.02307867 0.001671344 0.02637088 0.02768524 0.0008525901 0.005081757 0.007605772 0.4446457 0.5805351
100 44 0.009072822 0.002179511 0.01525521 0.01530362 0.001137783 0.02112956 0.02339031 0.3961968 0.7399877
100 45 0.001480688 0.001323931 0.03361188 0.05988314 0.0003237778 0.004429965 0.00683758 0.515805 0.5797336
100 46 0.01089641 0.003358019 0.002966178 0.01281808 0.001645989 0.005091647 0.005148867 0.4601469 0.5713952
100 47 0.002944169 0.01797911 0.03424095 0.1251474 0.00198554 0.04045814 1.752486 0.4498172 0.7482672
100 48 0.009585422 0.01064402 0.01733582 0.01256178 0.0007971269 0.01447695 0.01687213 0.4721022 0.5989745
100 49 0.00677742 0.01065162 0.01619789 0.02715706 0.0006972612 0.03192791 0.03374147 0.4712963 0.6086759
100 50 0.01156833 0.007837954 0.01414608 0.0225766 0.0005082581 0.002449666 0.003867464 0.462313 0.5675719
100 51 0.003389202 0.005625004 0.004391985 0.023172 0.001941395 0.003685163 0.003457529 0.3767873 0.5732495
100 52 0.004351075 0.009922449 0.04337481 0.02559236 0.0006223963 0.01690391 0.02079191 0.5364202 0.5701378
100 53 0.02766405 0.02323942 0.02782044 0.009728651 0.0002955584 0.01038298 0.01374546 0.7834572 0.5738472
100 54 0.02058568 0.002693567 0.03202551 0.2872471 0.001111337 1.119981 1.712827 0.5692306 0.7892246
100 55 0.01237731 0.001994608 0.005513195 0.009025726 0.002215697 0.005332364 0.006737486 0.4860106 0.5681433
100 56 0.001092192 0.01131241 0.008337019 0.04236493 0.001163209 0.004578444 0.008843402 0.3565601 0.572717
100 57 0.004389669 0.003004376 0.001996121 0.004271606 0.0003846985 0.01319981 0.01505077 0.3345941 0.5611787
100 58 0.008344566 0.003854221 0.008416688 0.01110913 0.002063649 0.01087305 0.01891016 0.3913795 0.576322
100 59 0.01596881 0.004761754 0.007312823 0.008330898 0.0004867529 0.0038391 1.989378 0.4212358 0.6366727
100 60 0.01939629 0.02755193 0.04118524 0.04013623 0.0005962943 0.003952026 0.006159802 0.4842935 0.7484305
100 61 0.01220885 0.0006465849 0.004427627 0.0107203 0.0005360508 0.0035178 0.007669766 0.7378273 0.5673688
100 62 0.01573882 0.002465762 0.1807565 0.1897371 0.0013793 0.01569124 0.01844289 0.4874823 0.5730108
100 63 0.01602545 0.008873214 0.0118979 0.02562386 0.001423643 0.004288578 0.008347716 0.7946067 0.5870294
100 64 0.01393642 0.008824277 0.01173593 0.007541651 0.0007255293 0.003051159 0.006017563 0.7601023 0.5663916
100 65 0.001981767 0.004779866 0.00714163 0.009026779 0.001051337 0.004935404 0.005570652 0.4176168 0.5903626
100 66 0.02064789 0.01499047 0.02271492 0.0183258 0.001087322 0.003518637 0.006413556 0.4163424 0.5740673
100 67 0.009560296 0.02626957 0.06470003 0.05621423 0.0003820747 0.003512131 0.004993954 0.4891203 0.5641735
100 68 0.02552082 0.003286018 0.002798412 0.007814012 0.0009900058 0.01011786 0.01419703 0.4815772 0.5686804
100 69 0.034978 0.001469342 0.01557401 0.0176035 0.0006613555 0.003829927 0.008753245 0.4694153 0.5623926
100 70 0.004343818 0.002238867 0.004904837 0.01001219 0.001317371 0.00264772 1.992127 0.3864787 0.7463716
100 71 0.01061851 0.005197178 0.0136413 0.01387071 0.0006192146 0.03162324 0.03391806 0.3768619 0.6394088
100 72 0.00514474 0.00426007 0.08642133 0.09334688 0.000475019 0.005934954 0.007885047 0.5171902 0.5536192
100 73 0.002593947 0.001492515 0.01347916 0.02325159 0.0003808522 0.006551077 0.01099413 0.4117431 0.5853366
100 74 0.02065682 0.01325773 0.02026497 0.0168463 0.0002776825 0.003549217 0.005623152 0.4546763 0.5674919
100 75 0.003210247 0.003811712 0.05084697 0.04828573 0.001676981 0.02882948 0.03047567 0.4063471 0.8449947
100 76 0.003733515 0.005347967 0.008528282 0.005173624 0.0005237385 0.008383236 0.01304433 0.3349552 0.6326647
100 77 0.0130178 0.003495852 0.02176836 0.009622589 0.0003815187 0.003261437 0.006742213 0.400808 0.5622728
100 78 0.0007427802 0.004079656 0.03856631 0.06142533 0.0006143914 0.003043846 0.006112228 0.44325 0.5638108
100 79 0.03156534 0.006015763 0.01608214 0.01281226 0.0008214033 0.005308802 0.009731474 0.5225053 0.5618188
100 80 0.01401063 0.01258795 0.02056203 0.02417236 0.004094218 0.004572738 1.845907 0.3854481 0.635028
100 81 0.01567709 0.01951158 0.01884753 0.007640543 0.00344358 0.00630906 1.985499 0.4845043 0.6362066
100 82 0.02637012 0.0170677 0.03176577 0.02879509 0.0005006296 0.002981219 0.003721007 0.4824316 0.5668948
100 83 0.001295841 0.002480117 0.009206692 0.01726853 0.000362966 0.005191778 0.0145649 0.4223614 0.5724675
100 84 0.03347995 0.004992144 0.009542797 0.009155678 0.001416856 0.003900016 0.007934089 0.4750344 0.5629244
100 85 0.01758194 0.005431975 0.007358854 0.01890306 0.000388613 0.00375886 0.00580864 0.4228745 0.5912631
100 86 0.007117117 0.003650329 0.01424985 0.02151048 0.0009611654 0.003088659 1.974753 0.4161173 0.6305536
100 87 0.001385781 0.003752833 0.1331851 0.125047 0.001365508 0.003795643 0.006371984 0.541401 0.563839
100 88 0.0104035 0.005794627 0.05977478 0.06407588 0.0008635332 0.002943048 0.006669835 0.4244932 0.566723
100 89 0.02014396 0.0007945279 0.001938643 0.0307424 0.0017656 0.004513007 0.005362012 0.433339 0.553067
100 90 0.004098148 0.02989886 0.03034491 0.00684843 0.0008374728 0.003602351 0.005258869 0.8120108 0.5768465
100 91 0.003625006 0.02194724 0.02107108 0.02917584 0.0007242223 0.005668517 0.004718659 0.5259482 0.5595408
100 92 0.009599447 0.001248666 0.0100823 0.01110191 0.0009091669 0.00617209 1.961026 0.3730339 0.8553697
100 93 0.04293242 0.004308054 0.004642012 0.007790393 0.0007451149 0.002184221 0.004177281 0.4908179 0.566217
100 94 0.01792936 0.003641726 0.009268915 0.04958981 0.001218695 0.01908576 0.02142113 0.7454718 0.6008685
100 95 0.03815632 0.00218513 0.001753122 0.01212167 0.001051245 0.006782792 1.953773 0.4514075 0.6297813
100 96 0.08588858 0.007429108 0.01375527 0.01683621 0.0003355581 0.003034322 0.006210849 0.5997083 0.5628345
100 97 0.01317399 0.0009878052 0.01350528 0.02607145 0.0003936819 0.003216216 1.988409 0.3895091 0.6385043
100 98 0.00512017 0.00339954 0.02834236 0.04750654 0.0007280138 0.002120005 0.002788652 0.3906066 0.5965176
100 99 0.02532769 0.007941448 0.0749176 0.06985787 0.0003482282 0.01647658 0.02194262 0.5096528 0.5975478
100 100 0.01087154 0.003070088 0.004618263 0.005889316 0.001686067 0.003502013 1.994301 0.4783682 0.6339545
