Georgia Illinois Kentucky Oklahoma
10.27197 10.24541 10.22027 10.19653
10.17418 10.15321 10.1336 10.11534
10.09842 10.08281 10.06851 10.05551
10.04378 10.03331 10.0241 10.01612
10.00936 10.00381 9.999455 9.996278
9.994266 9.993406 9.993682 9.995082
9.99759 10.00119 10.00588 10.01163
10.01843 10.02627 10.03514 10.04502
10.05589 10.06774 10.08057 10.09434
10.10906 10.1247 10.14126 10.15871
10.17705 10.19625 10.21631 10.23721
10.25894 10.28148 10.30482 10.32895
10.35384 10.3795 10.40589 10.43302
10.46085 10.48939 10.51862 10.54851
10.57907 10.61027 10.6421 10.67454
10.70759 10.74122 10.77543 10.8102
10.84551 10.88135 10.91771 10.95457
10.99193 11.02975 11.06804 11.10678
11.14594 11.18553 11.22552 11.2659
11.30666 11.34778 11.38924 11.43105
11.47317 11.51559 11.55831 11.60131
11.64457 11.68808 11.73182 11.77579
11.81996 11.86432 11.90887 11.95358
11.99844 12.04344 12.08858 12.13386
12.17928 12.22485 12.27056 12.31641
12.36242 12.40857 12.45488 12.50134
12.54795 12.59472 12.64164 12.68873
12.73597 12.78337 12.83094 12.87867
12.92657 12.97463 13.02287 13.07127
13.11984 13.16859 13.21752 13.26661
13.31589 13.36535 13.41498 13.4648
13.5148 13.56499 13.61536 13.66592
13.71668 13.76762 13.81875 13.87008
13.9216 13.97332 14.02524 14.07736
14.12968 14.1822 14.23493 14.28786
14.341 14.39435 14.44791 14.50168
14.55566 14.60986 14.66428 14.71891
14.77376 14.82883 14.88412 14.93964
14.99538 15.05135 15.10755 15.16397
15.22063 15.27752 15.33464 15.392
15.44959 15.50743 15.5655 15.62381
15.68237 15.74117 15.80022 15.85951
15.91906 15.97885 16.03889 16.09919
16.15974 16.22055 16.28162 16.34294
16.40453 16.46637 16.52849 16.59086
16.6535 16.71641 16.77959 16.84304
16.90676 16.97074 17.03497 17.09945
17.16417 17.22911 17.29429 17.35968
17.42527 17.49108 17.55707 17.62326
17.68962 17.75616 17.82286 17.88972
17.95673 18.02389 18.09118 18.15861
18.22615 18.29381 18.36158 18.42944
18.4974 18.56545 18.63357 18.70176
18.77002 18.83833 18.9067 18.9751
19.04354 19.112 19.18049 19.24898
19.31749 19.38599 19.45448 19.52295
19.5914 19.65982 19.7282 19.79653
19.86481 19.93303 20.00119 20.06926
20.13726 20.20516 20.27297 20.34067
20.40826 20.47573 20.54308 20.61029
20.67736 20.74428 20.81105 20.87766
20.94409 21.01035 21.07642 21.1423
21.20798 21.27345 21.33871 21.40375
21.46856 21.53313 21.59747 21.66155
21.72537 21.78893 21.85221 21.91522
21.97794 22.04036 22.10248 22.1643
22.22579 22.28697 22.34781 22.40832
22.46847 22.52828 22.58773 22.64681
22.70551 22.76384 22.82177 22.87932
22.93649 22.99329 23.04971 23.10577
23.16147 23.21681 23.27181 23.32646
23.38077 23.43474 23.48838 23.5417
23.5947 23.64738 23.69976 23.75182
23.80359 23.85507 23.90625 23.95715
24.00777 24.05811 24.10818 24.15799
24.20754 24.25683 24.30587 24.35467
24.40323 24.45155 24.49965 24.54752
24.59516 24.6426 24.68982 24.73684
24.78366 24.83028 24.87672 24.92297
24.96904 25.01493 25.06065 25.10621
25.15161 25.19686 25.24195 25.2869
25.33172 25.37639 25.42094 25.46536
25.50966 25.55385 25.59792 25.6419
25.68577 25.72955 25.77323 25.81684
25.86036 25.90381 25.94719 25.9905
26.03376 26.07696 26.12011 26.16321
26.20628 26.24931 26.29231 26.33529
26.37824 26.42119 26.46412 26.50705
26.54998 26.59291 26.63586 26.67882
26.7218 26.7648 26.80784 26.85091
26.89402 26.93718 26.98039 27.02365
27.06698 27.11036 27.1538 27.1973
27.24084 27.28442 27.32803 27.37168
27.41534 27.45903 27.50274 27.54645
27.59017 27.63388 27.67759 27.72128
27.76496 27.80861 27.85224 27.89583
27.93938 27.98289 28.02635 28.06975
28.1131 28.15638 28.19958 28.24272
28.28577 28.32873 28.3716 28.41438
28.45705 28.49961 28.54207 28.5844
28.62661 28.66869 28.71063 28.75244
28.7941 28.83561 28.87697 28.91816
28.95919 29.00005 29.04073 29.08123
29.12154 29.16165 29.20157 29.24129
29.2808 29.32009 29.35917 29.39802
29.43664 29.47502 29.51317 29.55107
29.58872 29.62611 29.66324 29.7001
29.7367 29.77301 29.80904 29.84478
29.88023 29.91539 29.95023 29.98477
30.01899 30.0529 30.08647 30.11972
30.15263 30.1852 30.21743 30.2493
30.28081 30.31197 30.34275 30.37316
30.4032 30.43285 30.46211 30.49097
30.51944 30.54751 30.57516 30.6024
30.62922 30.65564 30.68164 30.70725
30.73245 30.75726 30.78168 30.80571
30.82935 30.85262 30.8755 30.89801
30.92015 30.94192 30.96333 30.98438
31.00507 31.02541 31.0454 31.06505
31.08435 31.10332 31.12195 31.14024
31.15822 31.17586 31.19319 31.2102
31.22689 31.24328 31.25936 31.27514
31.29062 31.3058 31.32069 31.33529
31.34961 31.36365 31.37741 31.3909
31.40411 31.41706 31.42975 31.44217
31.45434 31.46626 31.47793 31.48935
31.50054 31.51148 31.52219 31.53267
31.54292 31.55295 31.56276 31.57235
31.58172 31.59089 31.59986 31.60862
31.61718 31.62555 31.63372 31.64171
31.64951 31.65714 31.66458 31.67185
31.67896 31.68589 31.69267 31.69928
31.70574 31.71204 31.7182 31.72422
31.73009 31.73582 31.74142 31.74689
31.75223 31.75745 31.76255 31.76754
31.77241 31.77717 31.78182 31.78638
31.79083 31.7952 31.79946 31.80364
31.80771 31.81167 31.81552 31.81926
31.82289 31.82639 31.82976 31.833
31.83611 31.83908 31.8419 31.84457
31.8471 31.84946 31.85167 31.85371
31.85558 31.85728 31.8588 31.86014
31.86129 31.86225 31.86302 31.86359
31.86395 31.86411 31.86406 31.86379
31.86329 31.86258 31.86164 31.86046
31.85904 31.85739 31.85549 31.85333
31.85093 31.84826 31.84534 31.84214
31.83868 31.83494 31.83092 31.82661
31.82202 31.81713 31.81195 31.80647
31.80068 31.79458 31.78817 31.78144
31.77439 31.76701 31.7593 31.75126
31.74287 31.73415 31.72507 31.71565
31.70586 31.69572 31.68521 31.67433
31.66308 31.65146 31.63945 31.62705
31.61427 31.60109 31.58751 31.57352
31.55914 31.54433 31.52912 31.51348
31.49742 31.48093 31.46401 31.44665
31.42885 31.41061 31.39191 31.37276
31.35315 31.33308 31.31255 31.29154
31.27006 31.2481 31.22567 31.20276
31.17939 31.15555 31.13124 31.10648
31.08124 31.05555 31.0294 31.0028
30.97574 30.94823 30.92027 30.89187
30.86301 30.83372 30.80398 30.7738
30.74318 30.71213 30.68064 30.64872
30.61637 30.58359 30.55039 30.51676
30.48271 30.44824 30.41336 30.37805
30.34233 30.3062 30.26966 30.23271
30.19536 30.1576 30.11943 30.08087
30.04191 30.00255 29.9628 29.92265
29.88211 29.84119 29.79988 29.75818
29.7161 29.67364 29.63081 29.58759
29.544 29.50004 29.4557 29.411
29.36593 29.3205 29.2747 29.22854
29.18203 29.13515 29.08792 29.04034
28.99241 28.94412 28.89549 28.84652
28.7972 28.74754 28.69754 28.6472
28.59653 28.54553 28.49419 28.44253
28.39053 28.33821 28.28557 28.23261
28.17932 28.12572 28.07181 28.01758
27.96303 27.90818 27.85302 27.79756
27.74179 27.68572 27.62935 27.57268
27.51572 27.45847 27.40093 27.3431
27.285 27.22662 27.16796 27.10904
27.04985 26.9904 26.93069 26.87072
26.8105 26.75003 26.68932 26.62837
26.56717 26.50575 26.44409 26.3822
26.32009 26.25776 26.19521 26.13245
26.06948 26.0063 25.94292 25.87934
25.81556 25.75159 25.68743 25.62309
25.55856 25.49385 25.42897 25.36392
25.2987 25.23332 25.16777 25.10207
25.03621 24.97021 24.90405 24.83775
24.77131 24.70474 24.63803 24.5712
24.50423 24.43715 24.36994 24.30262
24.23519 24.16765 24.10001 24.03226
23.96441 23.89648 23.82845 23.76033
23.69213 23.62385 23.55549 23.48705
23.41855 23.34998 23.28135 23.21266
23.14392 23.07512 23.00627 22.93738
22.86844 22.79947 22.73046 22.66142
22.59235 22.52326 22.45415 22.38502
22.31587 22.24672 22.17756 22.10839
22.03923 21.97007 21.90092 21.83177
21.76264 21.69353 21.62444 21.55537
21.4863 21.41726 21.34822 21.27919
21.21017 21.14115 21.07214 21.00313
20.93411 20.8651 20.79608 20.72705
20.65802 20.58898 20.51992 20.45085
20.38177 20.31266 20.24354 20.17439
20.10523 20.03603 19.96681 19.89756
19.82828 19.75897 19.68962 19.62023
19.55081 19.48135 19.41184 19.34229
19.27269 19.20304 19.13335 19.0636
18.9938 18.92394 18.85402 18.78405
18.71401 18.64391 18.57374 18.50351
18.43321 18.36284 18.29239 18.22187
18.15127 18.08059 18.00984 17.939
17.86807 17.79706 17.72596 17.65478
17.58349 17.51212 17.44065 17.36908
17.29741 17.22564 17.15377 17.08179
17.00971 16.93751 16.86521 16.79279
16.72025 16.6476 16.57483 16.50194
16.42893 16.3558 16.28253 16.20914
16.13562 16.06197 15.98818 15.91426
15.84019 15.76599 15.69165 15.61717
15.54253 15.46776 15.39283 15.31775
15.24252 15.16717 15.09172 15.01621
14.94065 14.8651 14.78956 14.71407
14.63867 14.56338 14.48823 14.41324
14.33846 14.26391 14.18961 14.11561
14.04192 13.96858 13.89561 13.82305
13.75093 13.67927 13.60811 13.53747
13.46739 13.39789 13.329 13.26076
13.19319 13.12632 13.06018 12.9948
12.93021 12.86644 12.80352 12.74148
12.68035 12.62016 12.56093 12.50271
12.44551 12.38936 12.3343 12.28036
12.22756 12.17593 12.12551 12.07633
12.0284 11.98177 11.93646 11.8925
11.84993 11.80876 11.76903 11.73078
11.69402 11.65879 11.62513 11.59304
11.56258 11.53376 11.50663 11.48119
11.45749 11.43556 11.41542 11.39711
11.38065 11.36607 11.35341 11.34269
11.33394 11.32719 11.32248 11.31982
11.31926 11.32081 11.32452 11.3304
11.33849 11.34882 11.36142 11.37631
11.39353 11.4131 11.43507 11.45944
11.48626 11.51556 11.54736 11.58169
3.417313 3.391775 3.367432 3.344276
3.322297 3.301485 3.281831 3.263325
3.245958 3.22972 3.214602 3.200594
3.187688 3.175873 3.165139 3.155479
3.146881 3.139337 3.132837 3.127371
3.122931 3.119506 3.117087 3.115665
3.11523 3.115772 3.117283 3.119753
3.123172 3.12753 3.132819 3.139029
3.14615 3.154173 3.163088 3.172886
3.183558 3.195094 3.207484 3.220719
3.234789 3.249685 3.265398 3.281919
3.299236 3.317342 3.336226 3.35588
3.376293 3.397456 3.41936 3.441996
3.465353 3.489422 3.514194 3.539659
3.565809 3.592632 3.620121 3.648264
3.677054 3.70648 3.736533 3.767204
3.798483 3.83036 3.862826 3.895872
3.929487 3.963664 3.998391 4.03366
4.069462 4.105786 4.142623 4.179964
4.217799 4.256119 4.294914 4.334175
4.373892 4.414056 4.454658 4.495687
4.537135 4.578992 4.621248 4.663894
4.706921 4.750319 4.794078 4.838189
4.882643 4.927432 4.972556 5.018017
5.063815 5.109951 5.156428 5.203245
5.250406 5.29791 5.345758 5.393954
5.442496 5.491387 5.540628 5.59022
5.640165 5.690463 5.741116 5.792125
5.843492 5.895217 5.947302 5.999748
6.052557 6.105729 6.159266 6.213169
6.267439 6.322077 6.377086 6.432465
6.488217 6.544343 6.600843 6.657719
6.714972 6.772604 6.830615 6.889008
6.947782 7.00694 7.066483 7.126412
7.186727 7.247432 7.308526 7.37001
7.431887 7.494158 7.556823 7.619883
7.683341 7.747198 7.811453 7.87611
7.941169 8.006631 8.072498 8.13877
8.205449 8.272537 8.340034 8.407942
8.476262 8.544996 8.614144 8.683707
8.753688 8.824086 8.894904 8.966143
9.037804 9.109888 9.182397 9.255331
9.328692 9.402481 9.476699 9.551349
9.62643 9.701944 9.777893 9.854277
9.931098 10.00836 10.08606 10.16419
10.24278 10.3218 10.40127 10.48118
10.56154 10.64232 10.72353 10.80516
10.88718 10.96961 11.05241 11.1356
11.21915 11.30306 11.38731 11.47191
11.55683 11.64207 11.72763 11.81348
11.89963 11.98606 12.07277 12.15973
12.24695 12.33442 12.42212 12.51005
12.5982 12.68655 12.7751 12.86384
12.95276 13.04186 13.13111 13.22051
13.31006 13.39973 13.48953 13.57945
13.66947 13.75959 13.84979 13.94007
14.03041 14.12082 14.21127 14.30176
14.39228 14.48283 14.57338 14.66394
14.75448 14.84502 14.93552 15.02599
15.11642 15.20679 15.29709 15.38733
15.47748 15.56754 15.6575 15.74734
15.83707 15.92667 16.01613 16.10545
16.1946 16.28359 16.37241 16.46103
16.54947 16.6377 16.72571 16.81351
16.90107 16.98839 17.07546 17.16227
17.24881 17.33507 17.42104 17.50672
17.59209 17.67714 17.76187 17.84626
17.93031 18.014 18.09733 18.18029
18.26287 18.34506 18.42684 18.50823
18.58923 18.66984 18.75007 18.82991
18.90938 18.98847 19.0672 19.14557
19.22358 19.30123 19.37853 19.45549
19.5321 19.60838 19.68432 19.75993
19.83522 19.91019 19.98484 20.05918
20.13322 20.20694 20.28037 20.35351
20.42635 20.49891 20.57118 20.64318
20.7149 20.78635 20.85754 20.92847
20.99914 21.06955 21.13972 21.20965
21.27933 21.34878 21.418 21.48699
21.55576 21.62431 21.69265 21.76077
21.82869 21.89641 21.96393 22.03126
22.0984 22.16535 22.23213 22.29873
22.36515 22.43141 22.49751 22.56345
22.62923 22.69486 22.76035 22.82569
22.8909 22.95597 23.02092 23.08574
23.15044 23.21502 23.27949 23.34385
23.40811 23.47227 23.53633 23.60031
23.66419 23.728 23.79172 23.85538
23.91896 23.98248 24.04593 24.10933
24.17268 24.23598 24.29923 24.36245
24.42562 24.48877 24.55189 24.61499
24.67807 24.74113 24.80417 24.86718
24.93016 24.99311 25.05601 25.11886
25.18167 25.24442 25.3071 25.36973
25.43228 25.49476 25.55715 25.61947
25.68169 25.74382 25.80585 25.86777
25.92959 25.99129 26.05288 26.11434
26.17567 26.23688 26.29794 26.35886
26.41964 26.48026 26.54072 26.60103
26.66117 26.72113 26.78093 26.84054
26.89996 26.9592 27.01824 27.07708
27.13571 27.19414 27.25235 27.31034
27.36811 27.42565 27.48295 27.54002
27.59684 27.65342 27.70975 27.76581
27.82162 27.87715 27.93242 27.98741
28.04211 28.09653 28.15066 28.2045
28.25803 28.31126 28.36417 28.41678
28.46906 28.52102 28.57264 28.62394
28.67489 28.7255 28.77576 28.82567
28.87522 28.92441 28.97323 29.02167
29.06974 29.11743 29.16473 29.21164
29.25815 29.30425 29.34996 29.39525
29.44013 29.48458 29.52861 29.57221
29.61537 29.6581 29.70038 29.74221
29.78359 29.82452 29.86501 29.90505
29.94464 29.98379 30.0225 30.06077
30.0986 30.13599 30.17294 30.20946
30.24554 30.28119 30.31641 30.35119
30.38555 30.41947 30.45297 30.48604
30.51869 30.55092 30.58272 30.6141
30.64506 30.6756 30.70573 30.73544
30.76473 30.79361 30.82208 30.85013
30.87778 30.90501 30.93184 30.95826
30.98428 31.00989 31.03511 31.05991
31.08432 31.10833 31.13195 31.15516
31.17798 31.20041 31.22244 31.24408
31.26533 31.28619 31.30667 31.32676
31.34646 31.36578 31.38471 31.40326
31.42144 31.43923 31.45664 31.47368
31.49035 31.50663 31.52255 31.53809
31.55326 31.56807 31.5825 31.59657
31.61027 31.62361 31.63659 31.6492
31.66145 31.67334 31.68488 31.69605
31.70687 31.71734 31.72745 31.73721
31.74662 31.75568 31.7644 31.77276
31.78078 31.78845 31.79578 31.80277
31.80942 31.81572 31.82169 31.82732
31.83259 31.83752 31.8421 31.84632
31.85018 31.85368 31.85681 31.85958
31.86197 31.86398 31.86562 31.86688
31.86775 31.86823 31.86832 31.86801
31.86731 31.86621 31.8647 31.86278
31.86045 31.85771 31.85454 31.85096
31.84695 31.84252 31.83765 31.83235
31.82662 31.82044 31.81381 31.80675
31.79923 31.79125 31.78282 31.77393
31.76457 31.75475 31.74446 31.73369
31.72245 31.71073 31.69853 31.68583
31.67265 31.65898 31.64481 31.63014
31.61497 31.59929 31.5831 31.5664
31.54918 31.53145 31.51319 31.49441
31.47509 31.45525 31.43487 31.41395
31.39249 31.37049 31.34793 31.32483
31.30117 31.27695 31.25217 31.22682
31.20091 31.17442 31.14737 31.11973
31.09151 31.06271 31.03332 31.00334
30.97276 30.94159 30.90982 30.87744
30.84446 30.81086 30.77665 30.74183
30.70638 30.67031 30.63362 30.59629
30.55833 30.51974 30.48053 30.4407
30.40025 30.3592 30.31755 30.2753
30.23247 30.18905 30.14506 30.1005
30.05537 30.00968 29.96345 29.91666
29.86934 29.82148 29.7731 29.72419
29.67476 29.62483 29.57439 29.52346
29.47203 29.42012 29.36773 29.31486
29.26153 29.20773 29.15348 29.09878
29.04363 28.98805 28.93204 28.8756
28.81874 28.76147 28.70379 28.64571
28.58724 28.52837 28.46913 28.4095
28.3495 28.28914 28.22842 28.16735
28.10593 28.04417 27.98207 27.91965
27.8569 27.79384 27.73046 27.66678
27.6028 27.53853 27.47397 27.40914
27.34402 27.27864 27.213 27.1471
27.08095 27.01455 26.94792 26.88105
26.81396 26.74664 26.67912 26.61138
26.54344 26.47531 26.40699 26.33848
26.26979 26.20094 26.13191 26.06273
25.99339 25.9239 25.85428 25.78451
25.71462 25.6446 25.57447 25.50422
25.43387 25.36342 25.29288 25.22224
25.15152 25.0807 25.00979 24.93877
24.86766 24.79645 24.72513 24.6537
24.58216 24.5105 24.43874 24.36685
24.29484 24.22271 24.15046 24.07808
24.00556 23.93292 23.86014 23.78722
23.71416 23.64095 23.56761 23.49411
23.42046 23.34667 23.27271 23.1986
23.12433 23.04989 22.97529 22.90053
22.82559 22.75048 22.67519 22.59973
22.52409 22.44826 22.37225 22.29605
22.21967 22.14309 22.06631 21.98934
21.91216 21.83479 21.75721 21.67942
21.60142 21.52321 21.44479 21.36615
21.28729 21.2082 21.12889 21.04936
20.96959 20.88959 20.80936 20.72889
20.64818 20.56723 20.48603 20.40459
20.3229 20.24095 20.15875 20.07629
19.99358 19.9106 19.82736 19.74385
19.66007 19.57601 19.49169 19.40709
19.3222 19.23704 19.15159 19.06586
18.97983 18.89351 18.8069 18.72
18.63279 18.54528 18.45747 18.36935
18.28092 18.19218 18.10313 18.01377
17.92412 17.83417 17.74393 17.65341
17.56262 17.47155 17.38021 17.28862
17.19676 17.10466 17.01231 16.91973
16.82691 16.73386 16.64059 16.5471
16.45339 16.35949 16.26538 16.17107
16.07658 15.9819 15.88704 15.792
15.6968 15.60143 15.50591 15.41024
15.31442 15.21845 15.12235 15.02612
14.92977 14.8333 14.73671 14.64001
14.54321 14.44632 14.34933 14.25225
14.15509 14.05786 13.96056 13.86319
13.76576 13.66828 13.57075 13.47317
13.37556 13.27792 13.18024 13.08255
12.98484 12.88712 12.7894 12.69168
12.59396 12.49625 12.39856 12.30089
12.20325 12.10565 12.00808 11.91055
11.81308 11.71566 11.6183 11.52101
11.42378 11.32664 11.22957 11.1326
11.03571 10.93893 10.84225 10.74567
10.64922 10.55288 10.45667 10.36059
10.26464 10.16884 10.07319 9.977688
9.882346 9.787167 9.692157 9.597323
9.50267 9.408219 9.31399 9.220006
9.126289 9.03286 8.939742 8.846955
8.754523 8.662466 8.570807 8.479568
8.388769 8.298435 8.208585 8.119242
8.030428 7.942165 7.854474 7.767378
7.680897 7.595055 7.509873 7.425373
7.341576 7.258504 7.17618 7.094626
7.013862 6.933911 6.854795 6.776535
6.699154 6.622673 6.547115 6.4725
6.398851 6.32619 6.254539 6.183919
6.114352 6.045861 5.978466 5.91219
5.847055 5.783083 5.720294 5.658713
5.598359 5.539255 5.481423 5.424885
5.369662 5.315776 5.26325 5.212105
5.162363 5.114046 5.067175 5.021773
4.977861 4.935461 4.894595 4.855285
4.817553 4.781421 4.74691 4.714043
4.68284 4.653325 4.625518 4.599442
4.575119 4.55257 4.531818 4.512884
4.495789 4.480557 4.467208 4.455765
4.446249 4.438682 4.433087 4.429484
4.427897 4.428346 4.430853 4.435441
4.442132 4.450946 4.461906 4.475034
5.94476 5.912462 5.881584 5.852113
5.824034 5.797336 5.772005 5.748029
5.725393 5.704085 5.684093 5.665402
5.648001 5.631875 5.617013 5.6034
5.591024 5.579872 5.569931 5.561188
5.55363 5.547243 5.542015 5.537932
5.534983 5.533153 5.532429 5.532799
5.53425 5.536768 5.54034 5.544954
5.550596 5.557254 5.564914 5.573564
5.583189 5.593778 5.605318 5.617794
5.631195 5.645506 5.660716 5.676811
5.693778 5.711604 5.730276 5.749781
5.770106 5.791237 5.813163 5.835869
5.859344 5.883573 5.908544 5.934243
5.960658 5.987776 6.015584 6.044068
6.073216 6.103014 6.13345 6.16451
6.196181 6.228452 6.261307 6.294735
6.328722 6.363256 6.398322 6.433909
6.470004 6.506592 6.543662 6.581199
6.619192 6.657627 6.696491 6.735771
6.775454 6.815527 6.855976 6.89679
6.937954 6.979457 7.021284 7.063423
7.10586 7.148584 7.19158 7.234835
7.278338 7.322076 7.36605 7.410261
7.454709 7.499396 7.544322 7.589488
7.634896 7.680547 7.726441 7.77258
7.818964 7.865595 7.912474 7.959601
8.006977 8.054605 8.102483 8.150615
8.199 8.24764 8.296535 8.345687
8.395097 8.444765 8.494693 8.544882
8.595333 8.646046 8.697023 8.748264
8.799772 8.851546 8.903588 8.955898
9.008479 9.06133 9.114453 9.167849
9.221518 9.275463 9.329683 9.38418
9.438955 9.494009 9.549343 9.604957
9.660854 9.717033 9.773496 9.830244
9.887278 9.944599 10.00221 10.06011
10.11829 10.17677 10.23554 10.29461
10.35397 10.41362 10.47357 10.53381
10.59436 10.6552 10.71634 10.77779
10.83953 10.90158 10.96393 11.02659
11.08956 11.15283 11.21641 11.2803
11.3445 11.40901 11.47383 11.53896
11.60441 11.67018 11.73626 11.80266
11.86937 11.93641 12.00376 12.07144
12.13944 12.20776 12.27641 12.34538
12.41467 12.48428 12.5542 12.62442
12.69493 12.76574 12.83682 12.90818
12.9798 13.05168 13.12382 13.1962
13.26882 13.34167 13.41475 13.48805
13.56156 13.63527 13.70918 13.78328
13.85756 13.93203 14.00666 14.08145
14.1564 14.2315 14.30674 14.38211
14.45762 14.53324 14.60898 14.68482
14.76077 14.83681 14.91294 14.98914
15.06542 15.14176 15.21816 15.29462
15.37112 15.44765 15.52422 15.60081
15.67742 15.75404 15.83066 15.90728
15.98389 16.06048 16.13705 16.21358
16.29008 16.36653 16.44292 16.51926
16.59554 16.67174 16.74785 16.82389
16.89983 16.97566 17.05139 17.12701
17.2025 17.27787 17.35309 17.42818
17.50312 17.5779 17.65252 17.72696
17.80123 17.87532 17.94921 18.02291
18.0964 18.16968 18.24274 18.31558
18.38818 18.46054 18.53266 18.60452
18.67612 18.74746 18.81852 18.8893
18.95979 19.02998 19.09988 19.16947
19.23877 19.30777 19.37648 19.44489
19.51302 19.58086 19.64842 19.7157
19.78269 19.84941 19.91586 19.98204
20.04794 20.11358 20.17895 20.24406
20.30891 20.37351 20.43784 20.50193
20.56576 20.62935 20.69269 20.75579
20.81865 20.88126 20.94364 21.00579
21.06771 21.12939 21.19086 21.25209
21.31311 21.3739 21.43448 21.49484
21.55499 21.61493 21.67466 21.73419
21.79351 21.85264 21.91156 21.97029
22.02883 22.08717 22.14533 22.2033
22.26108 22.31869 22.37611 22.43336
22.49044 22.54734 22.60407 22.66063
22.71703 22.77327 22.82935 22.88527
22.94103 22.99665 23.05211 23.10742
23.16259 23.21761 23.27249 23.32724
23.38184 23.43632 23.49066 23.54487
23.59895 23.65292 23.70675 23.76047
23.81408 23.86756 23.92094 23.9742
24.02736 24.08041 24.13336 24.1862
24.23895 24.2916 24.34416 24.39663
24.44901 24.5013 24.5535 24.60561
24.65761 24.70952 24.76133 24.81302
24.86461 24.91609 24.96745 25.0187
25.06982 25.12082 25.17169 25.22243
25.27304 25.32351 25.37385 25.42404
25.47409 25.52399 25.57373 25.62333
25.67277 25.72204 25.77116 25.82011
25.86889 25.9175 25.96594 26.01419
26.06227 26.11016 26.15787 26.20539
26.25271 26.29984 26.34677 26.3935
26.44002 26.48634 26.53245 26.57834
26.62402 26.66948 26.71471 26.75972
26.80451 26.84906 26.89338 26.93746
26.9813 27.02489 27.06824 27.11134
27.15419 27.19679 27.23913 27.2812
27.32301 27.36456 27.40583 27.44684
27.48756 27.52801 27.56818 27.60806
27.64765 27.68695 27.72596 27.76467
27.80309 27.8412 27.879 27.9165
27.95368 27.99055 28.0271 28.06333
28.09924 28.13482 28.17008 28.205
28.23958 28.27383 28.30773 28.34129
28.37451 28.40737 28.43988 28.47203
28.50383 28.53528 28.56637 28.59711
28.6275 28.65755 28.68724 28.7166
28.74561 28.77427 28.8026 28.83059
28.85824 28.88556 28.91254 28.93919
28.96551 28.9915 29.01716 29.0425
29.06751 29.0922 29.11657 29.14061
29.16434 29.18776 29.21085 29.23363
29.25611 29.27827 29.30012 29.32166
29.3429 29.36383 29.38446 29.40479
29.42482 29.44455 29.46398 29.48312
29.50196 29.52052 29.53878 29.55675
29.57444 29.59184 29.60895 29.62579
29.64234 29.65861 29.67461 29.69032
29.70577 29.72093 29.73583 29.75046
29.76482 29.77891 29.79273 29.80629
29.81959 29.83263 29.84541 29.85792
29.87019 29.8822 29.89395 29.90545
29.91671 29.92771 29.93847 29.94898
29.95925 29.96927 29.97906 29.9886
29.99791 30.00698 30.01582 30.02442
30.03279 30.04093 30.04885 30.05653
30.06399 30.07123 30.07824 30.08504
30.09161 30.09797 30.10411 30.11003
30.11572 30.12118 30.12642 30.13141
30.13617 30.14068 30.14495 30.14896
30.15272 30.15622 30.15946 30.16243
30.16513 30.16756 30.16971 30.17158
30.17316 30.17446 30.17546 30.17617
30.17657 30.17667 30.17647 30.17595
30.17511 30.17396 30.17249 30.17069
30.16855 30.16609 30.16328 30.16014
30.15665 30.1528 30.14861 30.14406
30.13915 30.13387 30.12823 30.12221
30.11582 30.10905 30.1019 30.09436
30.08643 30.0781 30.06938 30.06025
30.05072 30.04078 30.03042 30.01965
30.00846 29.99684 29.98479 29.97232
29.9594 29.94605 29.93225 29.918
29.90331 29.88816 29.87255 29.85648
29.83994 29.82293 29.80545 29.78749
29.76905 29.75012 29.73071 29.7108
29.6904 29.6695 29.64809 29.62617
29.60375 29.58081 29.55735 29.53336
29.50885 29.48381 29.45824 29.43213
29.40547 29.37828 29.35053 29.32223
29.29337 29.26396 29.23399 29.20348
29.17243 29.14084 29.10871 29.07605
29.04287 29.00916 28.97493 28.94019
28.90494 28.86919 28.83293 28.79618
28.75893 28.72119 28.68297 28.64426
28.60508 28.56542 28.5253 28.48471
28.44366 28.40215 28.36019 28.31779
28.27494 28.23164 28.18792 28.14376
28.09917 28.05416 28.00873 27.96288
27.91662 27.86996 27.82289 27.77543
27.72756 27.67931 27.63067 27.58165
27.53225 27.48248 27.43233 27.38182
27.33095 27.27972 27.22814 27.1762
27.12392 27.0713 27.01834 26.96505
26.91143 26.85749 26.80322 26.74864
26.69375 26.63854 26.58303 26.52723
26.47112 26.41473 26.35804 26.30107
26.24383 26.1863 26.12851 26.07045
26.01212 25.95354 25.8947 25.83561
25.77627 25.71669 25.65688 25.59682
25.53654 25.47603 25.4153 25.35435
25.29319 25.23182 25.17024 25.10846
25.04649 24.98432 24.92196 24.85941
24.79668 24.73377 24.67067 24.6074
24.54394 24.48029 24.41647 24.35247
24.28829 24.22393 24.1594 24.09468
24.02979 23.96473 23.89949 23.83408
23.76849 23.70273 23.6368 23.5707
23.50443 23.43799 23.37138 23.3046
23.23765 23.17054 23.10326 23.03582
22.96821 22.90043 22.8325 22.7644
22.69614 22.62771 22.55913 22.49039
22.42149 22.35243 22.28321 22.21383
22.1443 22.07462 22.00478 21.93478
21.86463 21.79433 21.72388 21.65327
21.58252 21.51161 21.44056 21.36936
21.29801 21.22651 21.15487 21.08308
21.01114 20.93907 20.86684 20.79448
20.72197 20.64933 20.57654 20.50361
20.43054 20.35734 20.28399 20.21051
20.13689 20.06314 19.98925 19.91523
19.84108 19.76679 19.69237 19.61781
19.54313 19.46832 19.39338 19.31831
19.24311 19.16778 19.09233 19.01675
18.94105 18.86522 18.78927 18.7132
18.637 18.56069 18.48425 18.40769
18.33102 18.25422 18.17731 18.10029
18.02315 17.9459 17.86854 17.79107
17.71349 17.63579 17.558 17.48009
17.40209 17.32397 17.24576 17.16744
17.08903 17.01051 16.9319 16.85319
16.77438 16.69548 16.61648 16.53739
16.45822 16.37895 16.29959 16.22014
16.14061 16.06099 15.98128 15.90149
15.82162 15.74167 15.66164 15.58153
15.50134 15.42107 15.34073 15.26032
15.17983 15.09926 15.01863 14.93793
14.85715 14.77631 14.69541 14.61443
14.53339 14.45229 14.37113 14.28991
14.20862 14.12728 14.04588 13.96442
13.8829 13.80134 13.71971 13.63804
13.55632 13.47454 13.39272 13.31085
13.22893 13.14697 13.06496 12.98291
12.90081 12.81868 12.73651 12.65429
12.57204 12.48976 12.40743 12.32508
12.24269 12.16026 12.07781 11.99533
11.91282 11.83028 11.74771 11.66512
11.58251 11.49987 11.41721 11.33453
11.25183 11.16914 11.08648 11.00388
10.92135 10.83894 10.75667 10.67456
10.59263 10.51092 10.42945 10.34825
10.26734 10.18675 10.1065 10.02662
9.947148 9.868094 9.789491 9.711363
9.633738 9.556641 9.480099 9.404138
9.328784 9.254063 9.180001 9.106625
9.033961 8.962034 8.890872 8.820499
8.750944 8.68223 8.614386 8.547437
8.481408 8.416327 8.35222 8.289112
8.22703 8.166 8.106048 8.047201
7.989484 7.932924 7.877547 7.823379
7.770446 7.718775 7.668391 7.619322
7.571592 7.525228 7.480257 7.436704
7.394596 7.353959 7.314818 7.277201
7.241134 7.206642 7.173752 7.14249
7.112882 7.084954 7.058733 7.034244
7.011514 6.99057 6.971436 6.95414
6.938707 6.925164 6.913538 6.903853
6.896136 6.890414 6.886712 6.885058
6.885476 6.887993 6.892636 6.89943
6.908402 6.919578 6.932984 6.948646
6.966591 6.986844 7.009432 7.034381
10.3753 10.41423 10.45297 10.49154
10.52993 10.56816 10.60622 10.64412
10.68186 10.71946 10.7569 10.79421
10.83137 10.86841 10.90531 10.94209
10.97874 11.01529 11.05172 11.08804
11.12426 11.16038 11.19641 11.23234
11.2682 11.30397 11.33966 11.37529
11.41084 11.44633 11.48177 11.51715
11.55248 11.58776 11.623 11.65821
11.69338 11.72853 11.76365 11.79876
11.83384 11.86892 11.904 11.93907
11.97414 12.00922 12.04432 12.07943
12.11456 12.14972 12.1849 12.22012
12.25538 12.29068 12.32603 12.36142
12.39688 12.43239 12.46797 12.50362
12.53935 12.57515 12.61103 12.647
12.68306 12.71922 12.75548 12.79184
12.82831 12.86489 12.90159 12.93842
12.97537 13.01245 13.04967 13.08702
13.12452 13.16217 13.19997 13.23793
13.27605 13.31434 13.3528 13.39143
13.43024 13.46924 13.50842 13.5478
13.58738 13.62715 13.66713 13.70733
13.74773 13.78836 13.8292 13.87027
13.91155 13.95305 13.99478 14.03672
14.07889 14.12127 14.16388 14.20671
14.24976 14.29303 14.33653 14.38025
14.42419 14.46835 14.51274 14.55735
14.60218 14.64724 14.69253 14.73804
14.78377 14.82973 14.87591 14.92232
14.96896 15.01582 15.06291 15.11023
15.15777 15.20554 15.25354 15.30177
15.35022 15.3989 15.44781 15.49695
15.54632 15.59592 15.64575 15.69581
15.7461 15.79662 15.84737 15.89836
15.94957 16.00102 16.05269 16.1046
16.15674 16.20912 16.26173 16.31457
16.36764 16.42095 16.47449 16.52827
16.58228 16.63653 16.69101 16.74573
16.80068 16.85587 16.91129 16.96695
17.02285 17.07898 17.13536 17.19197
17.24881 17.3059 17.36322 17.42078
17.47859 17.53663 17.59491 17.65342
17.71218 17.77118 17.83042 17.8899
17.94962 18.00959 18.06979 18.13024
18.19093 18.25186 18.31303 18.37444
18.4361 18.49799 18.5601 18.62242
18.68496 18.7477 18.81063 18.87375
18.93705 19.00051 19.06415 19.12793
19.19187 19.25595 19.32016 19.3845
19.44896 19.51353 19.5782 19.64297
19.70782 19.77276 19.83777 19.90284
19.96798 20.03316 20.09839 20.16365
20.22894 20.29426 20.35958 20.42491
20.49024 20.55556 20.62086 20.68614
20.75138 20.81658 20.88174 20.94684
21.01188 21.07685 21.14174 21.20655
21.27126 21.33588 21.40038 21.46478
21.52904 21.59318 21.65718 21.72104
21.78474 21.84828 21.91165 21.97485
22.03786 22.10068 22.16331 22.22573
22.28793 22.34992 22.41168 22.4732
22.53447 22.5955 22.65627 22.71677
22.777 22.83694 22.8966 22.95596
23.01502 23.07376 23.13219 23.19029
23.24806 23.30548 23.36256 23.41928
23.47563 23.53161 23.58722 23.64243
23.69726 23.75168 23.80569 23.85928
23.91245 23.96519 24.01749 24.06936
24.1208 24.17184 24.22247 24.2727
24.32256 24.37203 24.42115 24.4699
24.51831 24.56639 24.61413 24.66156
24.70868 24.7555 24.80203 24.84828
24.89426 24.93998 24.98545 25.03067
25.07566 25.12043 25.16498 25.20933
25.25348 25.29745 25.34124 25.38487
25.42834 25.47166 25.51484 25.55789
25.60083 25.64365 25.68637 25.729
25.77155 25.81403 25.85645 25.89881
25.94113 25.98341 26.02567 26.06791
26.11015 26.15239 26.19464 26.23692
26.27923 26.32158 26.36398 26.40644
26.44897 26.49157 26.53427 26.57707
26.61997 26.66299 26.70614 26.74942
26.79284 26.83643 26.88017 26.92409
26.96819 27.01249 27.05699 27.1017
27.14663 27.19179 27.23719 27.28284
27.32874 27.37492 27.42137 27.46812
27.51515 27.5625 27.61016 27.65814
27.70646 27.75512 27.80414 27.85351
27.90326 27.9534 28.00392 28.05484
28.10618 28.15792 28.21007 28.26262
28.31554 28.36885 28.42251 28.47654
28.53091 28.58561 28.64065 28.696
28.75166 28.80763 28.86388 28.92041
28.97721 29.03427 29.09159 29.14915
29.20694 29.26495 29.32318 29.38161
29.44024 29.49905 29.55804 29.6172
29.67651 29.73597 29.79557 29.8553
29.91515 29.9751 30.03516 30.09531
30.15554 30.21584 30.27621 30.33663
30.39709 30.45758 30.5181 30.57864
30.63918 30.69972 30.76024 30.82075
30.88122 30.94165 31.00202 31.06234
31.12259 31.18276 31.24283 31.30281
31.36269 31.42244 31.48207 31.54156
31.60091 31.6601 31.71913 31.77798
31.83665 31.89513 31.9534 32.01147
32.06931 32.12692 32.18429 32.24141
32.29827 32.35486 32.41117 32.4672
32.52293 32.57835 32.63346 32.68824
32.74268 32.79679 32.85053 32.90392
32.95693 33.00956 33.0618 33.11363
33.16506 33.21606 33.26664 33.31678
33.36647 33.41573 33.46454 33.5129
33.56083 33.60831 33.65534 33.70193
33.74807 33.79376 33.83901 33.8838
33.92815 33.97205 34.0155 34.0585
34.10104 34.14314 34.18478 34.22596
34.2667 34.30698 34.3468 34.38617
34.42508 34.46354 34.50154 34.53907
34.57615 34.61278 34.64894 34.68464
34.71987 34.75465 34.78896 34.82282
34.8562 34.88912 34.92158 34.95357
34.9851 35.01616 35.04675 35.07687
35.10653 35.13571 35.16443 35.19267
35.22044 35.24774 35.27457 35.30093
35.32681 35.35222 35.37715 35.40161
35.42559 35.44909 35.47212 35.49467
35.51674 35.53833 35.55944 35.58007
35.60022 35.61989 35.63907 35.65777
35.67599 35.69373 35.71098 35.72774
35.74402 35.75981 35.77512 35.78993
35.80426 35.8181 35.83145 35.84431
35.85667 35.86855 35.87993 35.89083
35.90122 35.91113 35.92054 35.92945
35.93787 35.94579 35.95321 35.96014
35.96658 35.97252 35.97797 35.98293
35.9874 35.99138 35.99487 35.99787
36.0004 36.00243 36.00399 36.00506
36.00565 36.00577 36.0054 36.00456
36.00325 36.00145 35.99919 35.99645
35.99324 35.98957 35.98542 35.9808
35.97572 35.97018 35.96417 35.9577
35.95076 35.94337 35.93551 35.9272
35.91843 35.90921 35.89953 35.88939
35.87881 35.86777 35.85628 35.84435
35.83196 35.81913 35.80586 35.79214
35.77798 35.76337 35.74833 35.73284
35.71692 35.70056 35.68377 35.66654
35.64887 35.63078 35.61225 35.59329
35.5739 35.55409 35.53385 35.51318
35.49209 35.47058 35.44864 35.42628
35.40351 35.38031 35.3567 35.33267
35.30823 35.28337 35.2581 35.23242
35.20633 35.17983 35.15292 35.12561
35.09789 35.06977 35.04124 35.01231
34.98298 34.95325 34.92312 34.89259
34.86167 34.83035 34.79864 34.76654
34.73404 34.70115 34.66788 34.63422
34.60017 34.56573 34.53091 34.49571
34.46012 34.42415 34.38781 34.35108
34.31398 34.2765 34.23865 34.20042
34.16182 34.12285 34.0835 34.04379
34.00371 33.96326 33.92245 33.88127
33.83973 33.79783 33.75557 33.71294
33.66996 33.62662 33.58293 33.53887
33.49447 33.44971 33.4046 33.35914
33.31333 33.26717 33.22067 33.17382
33.12662 33.07908 33.0312 32.98298
32.93442 32.88552 32.83628 32.78671
32.7368 32.68655 32.63598 32.58507
32.53383 32.48226 32.43036 32.37814
32.32559 32.27272 32.21952 32.166
32.11216 32.058 32.00352 31.94872
31.89361 31.83818 31.78243 31.72638
31.67001 31.61333 31.55634 31.49905
31.44144 31.38353 31.32532 31.2668
31.20798 31.14886 31.08944 31.02972
30.9697 30.90939 30.84878 30.78787
30.72668 30.66519 30.60341 30.54134
30.47898 30.41634 30.35341 30.29019
30.22669 30.16291 30.09884 30.03449
29.96985 29.90493 29.83972 29.77423
29.70845 29.64239 29.57605 29.50942
29.44251 29.37532 29.30784 29.24008
29.17204 29.10371 29.0351 28.9662
28.89702 28.82756 28.75782 28.68779
28.61748 28.54689 28.47602 28.40486
28.33342 28.2617 28.1897 28.11741
28.04485 27.972 27.89887 27.82545
27.75176 27.67778 27.60352 27.52899
27.45417 27.37906 27.30368 27.22802
27.15207 27.07585 26.99934 26.92255
26.84548 26.76814 26.69051 26.6126
26.53441 26.45594 26.37719 26.29816
26.21885 26.13926 26.05939 25.97924
25.89881 25.8181 25.73712 25.65585
25.5743 25.49248 25.41037 25.32799
25.24533 25.16239 25.07917 24.99567
24.91189 24.82784 24.7435 24.65889
24.574 24.48883 24.40338 24.31766
24.23166 24.14538 24.05882 23.97198
23.88487 23.79748 23.70981 23.62187
23.53365 23.44515 23.35638 23.26735
23.17806 23.08854 22.99878 22.90881
22.81862 22.72824 22.63766 22.54691
22.45599 22.36491 22.27368 22.18231
22.09082 21.99921 21.90749 21.81567
21.72377 21.63179 21.53975 21.44765
21.35551 21.26333 21.17112 21.07891
20.98668 20.89447 20.80227 20.7101
20.61796 20.52588 20.43385 20.34188
20.25 20.15821 20.06651 19.97493
19.88346 19.79212 19.70093 19.60988
19.519 19.42828 19.33775 19.24741
19.15727 19.06735 18.97764 18.88817
18.79895 18.70997 18.62126 18.53283
18.44468 18.35682 18.26927 18.18203
18.09512 18.00855 17.92232 17.83645
17.75095 17.66582 17.58108 17.49674
17.4128 17.32929 17.2462 17.16355
17.08135 16.99961 16.91834 16.83755
16.75726 16.67746 16.59817 16.5194
16.44117 16.36348 16.28634 16.20976
16.13376 16.05834 15.98351 15.90929
15.83568 15.76269 15.69034 15.61864
15.54759 15.47719 15.40744 15.33835
15.26991 15.20211 15.13496 15.06846
15.0026 14.93739 14.87281 14.80887
14.74557 14.68291 14.62088 14.55948
14.49871 14.43857 14.37907 14.32018
14.26193 14.20429 14.14728 14.09089
14.03512 13.97996 13.92542 13.8715
13.81818 13.76548 13.71339 13.6619
13.61103 13.56075 13.51108 13.46201
13.41354 13.36567 13.3184 13.27172
13.22564 13.18015 13.13525 13.09094
13.04721 13.00408 12.96152 12.91955
12.87817 12.83736 12.79713 12.75747
12.7184 12.67989 12.64196 12.6046
12.56781 12.53158 12.49593 12.46083
12.4263 12.39233 12.35892 12.32607
12.29377 12.26203 12.23085 12.20021
12.17013 12.14059 12.1116 12.08316
12.05526 12.02791 12.00109 11.97482
11.94908 11.92388 11.89922 11.87509
11.85149 11.82842 11.80588 11.78386
11.76237 11.74141 11.72097 11.70105
11.68164 11.66276 11.64439 11.62654
