mu psi_1 psi_2
3.802591 3.793636 3.785404
3.77789 3.77109 3.764998
3.759611 3.754924 3.750933
3.747631 3.745016 3.743082
3.741825 3.741241 3.741323
3.742069 3.743473 3.745531
3.748239 3.75159 3.755582
3.760209 3.765467 3.771352
3.777857 3.78498 3.792715
3.801058 3.810005 3.819549
3.829688 3.840416 3.851729
3.863622 3.876091 3.889131
3.902737 3.916905 3.93163
3.946907 3.962733 3.979102
3.99601 4.013452 4.031423
4.04992 4.068937 4.088469
4.108513 4.129064 4.150116
4.171666 4.193708 4.216239
4.239253 4.262747 4.286714
4.311152 4.336054 4.361418
4.387237 4.413507 4.440225
4.467384 4.494981 4.523011
4.551469 4.580352 4.609653
4.639369 4.669494 4.700026
4.730958 4.762286 4.794005
4.826112 4.858601 4.891468
4.924707 4.958316 4.992288
5.02662 5.061306 5.096343
5.131725 5.167448 5.203508
5.239899 5.276618 5.313659
5.351017 5.38869 5.426671
5.464957 5.503547 5.542443
5.581643 5.621149 5.66096
5.701076 5.741498 5.782225
5.823259 5.864598 5.906244
5.948196 5.990455 6.033021
6.075893 6.119073 6.16256
6.206354 6.250456 6.294865
6.339583 6.384608 6.429942
6.475584 6.521535 6.567795
6.614363 6.66124 6.708427
6.755923 6.803729 6.851844
6.900269 6.949005 6.99805
7.047406 7.097072 7.14705
7.197338 7.247937 7.298847
7.350069 7.401602 7.453447
7.505603 7.558072 7.610853
7.663947 7.717352 7.771071
7.825102 7.879447 7.934104
7.989075 8.04436 8.099958
8.15587 8.212096 8.268636
8.325491 8.38266 8.440144
8.497942 8.556056 8.614485
8.673229 8.732288 8.791664
8.851355 8.911362 8.971685
9.032324 9.09328 9.154553
9.216143 9.278049 9.340273
9.402814 9.465672 9.528848
9.592342 9.656154 9.720284
9.784732 9.849499 9.914584
9.979988 10.04571 10.11175
10.17812 10.24479 10.31178
10.37908 10.44667 10.51455
10.58273 10.65118 10.71991
10.78892 10.85818 10.92771
10.99748 11.06751 11.13777
11.20827 11.279 11.34996
11.42113 11.49251 11.5641
11.63589 11.70788 11.78006
11.85241 11.92495 11.99766
12.07053 12.14356 12.21675
12.29009 12.36357 12.43718
12.51093 12.5848 12.65879
12.7329 12.80711 12.88142
12.95583 13.03034 13.10492
13.17959 13.25433 13.32913
13.404 13.47892 13.5539
13.62891 13.70397 13.77906
13.85417 13.92931 14.00446
14.07962 14.15478 14.22994
14.3051 14.38024 14.45536
14.53045 14.60551 14.68054
14.75553 14.83046 14.90534
14.98016 15.05492 15.1296
15.2042 15.27873 15.35316
15.4275 15.50173 15.57586
15.64988 15.72378 15.79756
15.87121 15.94472 16.01809
16.09131 16.16438 16.23729
16.31004 16.38261 16.45501
16.52723 16.59926 16.6711
16.74274 16.81417 16.8854
16.95643 17.02725 17.09788
17.16832 17.23855 17.3086
17.37845 17.44811 17.51759
17.58688 17.65598 17.72491
17.79365 17.86221 17.9306
17.99881 18.06684 18.13471
18.20241 18.26993 18.3373
18.40449 18.47153 18.5384
18.60511 18.67167 18.73807
18.80431 18.87041 18.93635
19.00215 19.0678 19.1333
19.19866 19.26388 19.32896
19.3939 19.45871 19.52338
19.58792 19.65233 19.71661
19.78076 19.84479 19.90869
19.97248 20.03614 20.09968
20.16311 20.22642 20.28962
20.35271 20.41569 20.47857
20.54133 20.60399 20.66656
20.72902 20.79138 20.85364
20.91581 20.97789 21.03988
21.10177 21.16358 21.2253
21.28694 21.3485 21.40997
21.47137 21.53269 21.59393
21.6551 21.7162 21.77723
21.83819 21.89908 21.95991
22.02068 22.08138 22.14203
22.20262 22.26315 22.32363
22.38405 22.44443 22.50476
22.56504 22.62528 22.68547
22.74561 22.8057 22.86574
22.92573 22.98565 23.04551
23.10531 23.16504 23.22471
23.28429 23.34381 23.40324
23.46259 23.52186 23.58104
23.64013 23.69913 23.75804
23.81684 23.87555 23.93415
23.99264 24.05103 24.1093
24.16746 24.22549 24.28341
24.34121 24.39888 24.45642
24.51382 24.5711 24.62823
24.68523 24.74208 24.79878
24.85534 24.91174 24.96799
25.02409 25.08002 25.13579
25.1914 25.24683 25.3021
25.35719 25.4121 25.46683
25.52139 25.57575 25.62993
25.68392 25.73771 25.79131
25.8447 25.8979 25.95089
26.00367 26.05624 26.1086
26.16074 26.21266 26.26436
26.31584 26.36708 26.4181
26.46889 26.51943 26.56974
26.61981 26.66964 26.71921
26.76854 26.81761 26.86643
26.91499 26.96329 27.01132
27.05909 27.10659 27.15381
27.20076 27.24743 27.29382
27.33993 27.38575 27.43128
27.47652 27.52146 27.56611
27.61046 27.6545 27.69824
27.74167 27.7848 27.82761
27.87012 27.9123 27.95418
27.99573 28.03696 28.07787
28.11846 28.15872 28.19865
28.23825 28.27752 28.31645
28.35505 28.39331 28.43123
28.4688 28.50603 28.54291
28.57944 28.61563 28.65146
28.68693 28.72205 28.75681
28.7912 28.82524 28.85891
28.89221 28.92514 28.9577
28.98989 29.0217 29.05313
29.08419 29.11486 29.14515
29.17505 29.20457 29.23369
29.26243 29.29077 29.31871
29.34626 29.37341 29.40015
29.42649 29.45243 29.47795
29.50307 29.52778 29.55207
29.57594 29.5994 29.62243
29.64504 29.66723 29.689
29.71033 29.73123 29.7517
29.77174 29.79134 29.8105
29.82922 29.8475 29.86533
29.88272 29.89965 29.91614
29.93217 29.94775 29.96287
29.97753 29.99173 30.00547
30.01875 30.03155 30.04389
30.05575 30.06714 30.07806
30.0885 30.09846 30.10794
30.11693 30.12544 30.13347
30.14101 30.14807 30.15464
30.16073 30.16633 30.17144
30.17606 30.1802 30.18385
30.18701 30.18968 30.19186
30.19355 30.19475 30.19545
30.19567 30.19539 30.19463
30.19336 30.19161 30.18936
30.18661 30.18337 30.17964
30.17541 30.17068 30.16545
30.15973 30.15351 30.14679
30.13957 30.13186 30.12364
30.11492 30.1057 30.09598
30.08576 30.07504 30.06381
30.05208 30.03985 30.02711
30.01387 30.00012 29.98587
29.97111 29.95584 29.94007
29.92379 29.907 29.8897
29.8719 29.85358 29.83476
29.81542 29.79557 29.77522
29.75435 29.73297 29.71107
29.68866 29.66574 29.64231
29.61835 29.59389 29.56891
29.54341 29.5174 29.49087
29.46382 29.43625 29.40816
29.37956 29.35044 29.32079
29.29063 29.25994 29.22874
29.19701 29.16476 29.13199
29.09869 29.06487 29.03052
28.99566 28.96026 28.92434
28.8879 28.85093 28.81344
28.77543 28.73692 28.69789
28.65837 28.61835 28.57783
28.53682 28.49532 28.45335
28.41089 28.36797 28.32457
28.28071 28.23638 28.1916
28.14637 28.10069 28.05456
28.00799 27.96099 27.91355
27.86569 27.8174 27.7687
27.71958 27.67005 27.62011
27.56976 27.51902 27.46789
27.41636 27.36445 27.31216
27.25949 27.20644 27.15303
27.09925 27.04511 26.99061
26.93576 26.88056 26.82502
26.76914 26.71292 26.65636
26.59949 26.54228 26.48476
26.42692 26.36877 26.31032
26.25156 26.1925 26.13315
26.07351 26.01358 25.95337
25.89288 25.83212 25.77109
25.70979 25.64824 25.58642
25.52436 25.46204 25.39948
25.33668 25.27364 25.21038
25.14688 25.08316 25.01922
24.95507 24.8907 24.82613
24.76136 24.69638 24.63121
24.56586 24.50031 24.43458
24.36868 24.3026 24.23636
24.16994 24.10337 24.03664
23.96976 23.90272 23.83554
23.7682 23.70072 23.63308
23.56528 23.49733 23.42922
23.36095 23.29252 23.22393
23.15517 23.08625 23.01717
22.94792 22.87851 22.80892
22.73917 22.66924 22.59914
22.52887 22.45842 22.3878
22.317 22.24602 22.17486
22.10352 22.032 21.96029
21.8884 21.81633 21.74406
21.67161 21.59897 21.52614
21.45311 21.37989 21.30648
21.23287 21.15907 21.08506
21.01086 20.93645 20.86185
20.78704 20.71202 20.6368
20.56138 20.48574 20.4099
20.33384 20.25757 20.18109
20.1044 20.02749 19.95036
19.87302 19.79545 19.71767
19.63966 19.56143 19.48298
19.4043 19.32539 19.24626
19.1669 19.0873 19.00748
18.92742 18.84713 18.7666
18.68584 18.60484 18.5236
18.44212 18.3604 18.27843
18.19622 18.11377 18.03107
17.94812 17.86493 17.78148
17.69778 17.61383 17.52963
17.44517 17.36045 17.27548
17.19025 17.10476 17.01901
16.93301 16.84677 16.76029
16.67358 16.58665 16.4995
16.41214 16.32458 16.23682
16.14888 16.06075 15.97244
15.88397 15.79533 15.70654
15.6176 15.52852 15.4393
15.34996 15.26049 15.17091
15.08122 14.99143 14.90155
14.81157 14.72152 14.63139
14.5412 14.45094 14.36063
14.27028 14.17988 14.08945
13.999 13.90852 13.81803
13.72754 13.63704 13.54655
13.45608 13.36563 13.2752
13.18481 13.09446 13.00416
12.91392 12.82373 12.73362
12.64357 12.55362 12.46374
12.37397 12.2843 12.19473
12.10528 12.01596 11.92676
11.8377 11.74878 11.66002
11.5714 11.48296 11.39468
11.30658 11.21866 11.13093
11.0434 10.95608 10.86896
10.78206 10.69539 10.60895
10.52274 10.43678 10.35107
10.26562 10.18044 10.09552
10.01089 9.926537 9.842478
9.758719 9.675265 9.592124
9.509302 9.426806 9.344642
9.262818 9.181341 9.100217
9.019457 8.939072 8.859073
8.779472 8.700279 8.621506
8.543163 8.465263 8.387816
8.310832 8.234324 8.158303
8.082779 8.007764 7.933269
7.859305 7.785883 7.713015
7.64071 7.568982 7.49784
7.427296 7.357361 7.288046
7.219363 7.151321 7.083934
7.017211 6.951164 6.885804
6.821142 6.757189 6.693957
6.631456 6.569698 6.508694
6.448455 6.388991 6.330315
6.272438 6.21537 6.159122
6.103706 6.049134 5.995415
5.942561 5.890584 5.839494
5.789303 5.740022 5.691662
5.644233 5.597748 5.552217
5.507651 5.464063 5.421461
5.379859 5.339267 5.299696
5.261157 5.223661 5.18722
5.151845 5.117547 5.084337
5.052225 5.021224 4.991345
4.962598 4.934994 4.908546
4.883263 4.859157 4.83624
4.814522 4.794015 4.774729
4.756676 4.739867 4.724313
4.710025 4.697014 4.685292
4.67487 4.665758 4.657969
4.651512 4.646399 4.642642
4.640251 1.267255 1.266966
1.266713 1.266495 1.26631
1.266159 1.26604 1.265954
1.265898 1.265873 1.265878
1.265912 1.265974 1.266065
1.266182 1.266325 1.266494
1.266689 1.266907 1.267149
1.267414 1.267701 1.268009
1.268339 1.268688 1.269057
1.269445 1.26985 1.270273
1.270713 1.271168 1.271639
1.272124 1.272623 1.273136
1.273661 1.274197 1.274745
1.275303 1.275871 1.276448
1.277033 1.277626 1.278225
1.278831 1.279442 1.280059
1.280679 1.281303 1.28193
1.282558 1.283189 1.283819
1.28445 1.28508 1.285709
1.286335 1.286959 1.28758
1.288196 1.288807 1.289413
1.290012 1.290605 1.29119
1.291766 1.292334 1.292891
1.293439 1.293975 1.2945
1.295012 1.29551 1.295995
1.296466 1.296921 1.29736
1.297782 1.298187 1.298574
1.298943 1.299292 1.29962
1.299928 1.300215 1.300479
1.30072 1.300938 1.301131
1.3013 1.301442 1.301559
1.301648 1.30171 1.301744
1.301752 1.301732 1.301686
1.301614 1.301516 1.301392
1.301243 1.301069 1.30087
1.300647 1.300399 1.300128
1.299833 1.299515 1.299174
1.298811 1.298425 1.298017
1.297587 1.297136 1.296664
1.296171 1.295657 1.295123
1.294569 1.293996 1.293403
1.292791 1.29216 1.29151
1.290843 1.290158 1.289455
1.288734 1.287997 1.287243
1.286473 1.285686 1.284884
1.284067 1.283234 1.282386
1.281523 1.280647 1.279756
1.278851 1.277933 1.277002
1.276058 1.275102 1.274133
1.273153 1.27216 1.271157
1.270142 1.269117 1.268081
1.267035 1.265979 1.264914
1.263839 1.262756 1.261663
1.260563 1.259454 1.258338
1.257214 1.256082 1.254944
1.2538 1.252649 1.251492
1.250329 1.249161 1.247988
1.246811 1.245628 1.244442
1.243251 1.242057 1.240859
1.239659 1.238456 1.23725
1.236043 1.234833 1.233622
1.23241 1.231196 1.229982
1.228767 1.227549 1.22633
1.225109 1.223884 1.222657
1.221426 1.220191 1.218953
1.217709 1.216461 1.215208
1.213949 1.212684 1.211413
1.210135 1.208851 1.207559
1.206259 1.204952 1.203636
1.202311 1.200977 1.199634
1.19828 1.196917 1.195543
1.194159 1.192763 1.191356
1.189936 1.188505 1.18706
1.185603 1.184133 1.182648
1.18115 1.179637 1.17811
1.176568 1.17501 1.173436
1.171846 1.170239 1.168616
1.166976 1.165318 1.163641
1.161947 1.160234 1.158502
1.156751 1.15498 1.153189
1.151378 1.149545 1.147692
1.145817 1.143921 1.142002
1.140061 1.138096 1.136109
1.134098 1.132063 1.130004
1.12792 1.125811 1.123677
1.121517 1.119331 1.117119
1.11488 1.112613 1.11032
1.107998 1.105648 1.10327
1.100863 1.098426 1.09596
1.093464 1.090938 1.088381
1.085793 1.083174 1.080523
1.07784 1.075124 1.072376
1.069596 1.066785 1.063944
1.061074 1.058175 1.055249
1.052297 1.049319 1.046317
1.043291 1.040242 1.037172
1.034081 1.03097 1.02784
1.024692 1.021527 1.018345
1.015149 1.011938 1.008714
1.005477 1.002228 0.9989695
0.9957008 0.9924233 0.989138
0.9858458 0.9825477 0.9792444
0.975937 0.9726264 0.9693136
0.9659993 0.9626847 0.9593705
0.9560578 0.9527474 0.9494404
0.9461375 0.9428397 0.9395481
0.9362634 0.9329866 0.9297187
0.9264606 0.9232131 0.9199773
0.9167541 0.9135443 0.9103489
0.9071689 0.9040051 0.9008585
0.89773 0.8946206 0.8915312
0.8884626 0.8854159 0.8823919
0.8793916 0.8764159 0.8734658
0.8705421 0.8676458 0.8647778
0.861939 0.8591304 0.856353
0.8536075 0.850895 0.8482164
0.8455725 0.8429644 0.840393
0.8378592 0.8353638 0.8329079
0.8304924 0.8281182 0.8257862
0.8234973 0.8212525 0.8190527
0.8168989 0.8147919 0.8127327
0.8107222 0.8087614 0.8068511
0.8049915 0.8031819 0.8014212
0.7997085 0.798043 0.7964237
0.7948496 0.7933198 0.7918333
0.7903894 0.7889869 0.7876251
0.7863028 0.7850193 0.7837736
0.7825648 0.7813919 0.7802539
0.7791501 0.7780793 0.7770408
0.7760335 0.7750566 0.7741091
0.77319 0.7722985 0.7714335
0.7705943 0.7697798 0.7689891
0.7682213 0.7674754 0.7667506
0.7660458 0.7653602 0.7646928
0.7640427 0.7634089 0.7627906
0.7621867 0.7615965 0.7610188
0.7604529 0.7598977 0.7593523
0.7588159 0.7582874 0.7577659
0.7572506 0.7567404 0.7562345
0.7557319 0.7552316 0.7547328
0.7542345 0.7537358 0.7532358
0.7527335 0.7522279 0.7517182
0.7512035 0.7506827 0.750155
0.7496194 0.749075 0.7485209
0.7479561 0.7473797 0.7467907
0.7461883 0.7455715 0.7449394
0.744291 0.7436255 0.7429418
0.742239 0.7415163 0.7407726
0.7400071 0.7392188 0.7384068
0.7375702 0.736708 0.7358192
0.734903 0.7339585 0.7329846
0.7319805 0.7309452 0.7298779
0.7287776 0.7276447 0.72648
0.7252843 0.7240583 0.7228028
0.7215187 0.7202067 0.7188676
0.7175022 0.7161112 0.7146956
0.713256 0.7117932 0.7103081
0.7088014 0.7072739 0.7057264
0.7041597 0.7025746 0.7009719
0.6993523 0.6977166 0.6960657
0.6944003 0.6927212 0.6910292
0.6893251 0.6876097 0.6858837
0.684148 0.6824033 0.6806505
0.6788902 0.6771234 0.6753508
0.6735731 0.6717912 0.6700059
0.6682179 0.6664281 0.6646372
0.662846 0.6610553 0.6592659
0.6574786 0.6556941 0.6539133
0.652137 0.6503659 0.6486008
0.6468425 0.6450918 0.6433495
0.6416164 0.6398932 0.6381808
0.6364799 0.6347914 0.633116
0.6314545 0.6298077 0.6281763
0.6265613 0.6249633 0.6233831
0.6218216 0.6202795 0.6187577
0.6172568 0.6157777 0.6143212
0.6128881 0.6114791 0.6100951
0.6087368 0.6074051 0.6061006
0.6048243 0.6035768 0.6023591
0.6011717 0.6000157 0.5988917
0.5978005 0.5967429 0.5957197
0.5947318 0.5937798 0.5928646
0.591987 0.5911474 0.5903458
0.5895821 0.588856 0.5881675
0.5875164 0.5869025 0.5863256
0.5857857 0.5852826 0.584816
0.5843859 0.5839921 0.5836345
0.5833128 0.583027 0.5827769
0.5825623 0.5823831 0.5822391
0.5821302 0.5820562 0.582017
0.5820124 0.5820422 0.5821063
0.5822046 0.5823369 0.582503
0.5827028 0.5829362 0.5832029
0.5835028 0.5838359 0.5842018
0.5846005 0.5850318 0.5854956
0.5859916 0.5865199 0.5870801
0.5876721 0.5882959 0.5889511
0.5896378 0.5903557 0.5911046
0.5918845 0.5926951 0.5935363
0.594408 0.59531 0.5962422
0.5972043 0.5981963 0.599218
0.6002692 0.6013498 0.6024596
0.6035984 0.6047662 0.6059628
0.607188 0.6084416 0.6097235
0.6110336 0.6123717 0.6137376
0.6151312 0.6165523 0.6180009
0.6194766 0.6209794 0.6225091
0.6240656 0.6256487 0.6272583
0.6288942 0.6305562 0.6322442
0.6339581 0.6356976 0.6374627
0.6392531 0.6410688 0.6429095
0.6447752 0.6466656 0.6485807
0.6505202 0.652484 0.6544716
0.6564823 0.6585156 0.6605707
0.6626471 0.6647439 0.6668607
0.6689967 0.6711513 0.6733237
0.6755135 0.6777198 0.6799421
0.6821797 0.6844319 0.6866981
0.6889776 0.6912697 0.6935739
0.6958894 0.6982157 0.7005519
0.7028976 0.7052519 0.7076144
0.7099842 0.7123608 0.7147435
0.7171317 0.7195246 0.7219217
0.7243222 0.7267256 0.7291311
0.7315381 0.733946 0.736354
0.7387616 0.7411681 0.7435727
0.745975 0.7483742 0.7507696
0.7531606 0.7555465 0.7579268
0.7603006 0.7626674 0.7650266
0.7673774 0.7697192 0.7720513
0.7743731 0.776684 0.7789832
0.7812701 0.7835441 0.7858046
0.7880507 0.790282 0.7924976
0.7946971 0.7968797 0.7990447
0.8011916 0.8033196 0.8054281
0.8075165 0.809584 0.8116301
0.813654 0.8156551 0.8176328
0.8195864 0.8215153 0.8234187
0.8252961 0.8271467 0.82897
0.8307652 0.8325317 0.8342689
0.835976 0.8376525 0.8392977
0.8409109 0.8424915 0.8440388
0.8455521 0.8470308 0.8484746
0.8498843 0.8512607 0.8526049
0.8539178 0.8552004 0.8564536
0.8576785 0.8588759 0.8600469
0.8611924 0.8623134 0.8634108
0.8644856 0.8655387 0.8665712
0.867584 0.8685781 0.8695543
0.8705138 0.8714574 0.8723861
0.8733009 0.8742028 0.8750927
0.8759715 0.8768403 0.8777
0.8785515 0.8793959 0.880234
0.881067 0.8818956 0.882721
0.883544 0.8843656 0.8851868
0.8860085 0.8868318 0.8876575
0.8884867 0.8893202 0.8901592
0.8910044 0.891857 0.8927178
0.8935879 0.8944681 0.8953595
0.8962631 0.8971796 0.8981103
0.899056 0.9000176 0.9009962
0.9019926 0.903008 0.9040432
0.9050991 0.9061769 0.9072773
0.9084015 0.9095503 0.9107248
0.9119258 0.9131543 0.9144114
0.915698 0.917015 0.9183634
0.9197441 0.9211582 0.9226066
0.9240903 0.9256102 0.9271673
0.9287625 0.9303969 0.9320714
0.9337869 0.9355444 0.9373449
0.9391893 0.9410786 0.9430139
0.9449959 0.9470257 0.9491044
0.9512327 0.9534117 0.9556424
0.9579244 0.9602566 0.9626374
0.9650657 0.96754 0.970059
0.9726213 0.9752256 0.9778705
0.9805546 0.9832767 0.9860354
0.9888292 0.9916569 0.9945172
0.9974085 1.00033 1.003279
1.006256 1.009258 1.012285
1.015335 1.018407 1.021499
1.024609 1.027738 1.030883
1.034042 1.037215 1.040401
1.043597 1.046803 1.050017
1.053237 1.056464 1.059694
1.062927 1.066161 1.069395
1.072628 1.075859 1.079085
1.082306 1.08552 1.088727
1.091923 1.095109 1.098283
1.101443 1.104589 1.107718
1.110829 1.113922 1.116995
1.120045 1.123073 1.126077
1.129055 1.132005 1.134928
1.137821 1.140682 1.143511
1.146307 1.149067 1.151791
1.154476 1.157123 1.159729
1.162293 1.164814 1.167291
1.169721 1.172104 1.174438
1.176722 1.178955 1.181135
1.183261 1.185332 1.187346
1.189301 1.191198 1.193033
1.194806 1.196515 1.19816
1.199738 1.201249 1.202691
1.204062 1.205366 1.206603
1.207777 1.208888 1.209941
1.210935 1.211875 1.212762
1.213598 1.214386 1.215127
1.215824 1.216479 1.217095
1.217673 1.218215 1.218725
1.219204 1.219654 1.220077
1.220476 1.220854 1.221211
1.221551 1.221875 1.222186
1.222486 1.222777 1.223061
1.223341 1.223619 1.223896
1.224176 1.22446 1.224751
1.22505 1.225361 1.225684
1.226023 1.22638 1.226757
1.227155 1.227578 1.228026
1.228504 1.229012 1.229554
1.230131 1.230745 1.231398
1.232094 1.232833 1.233619
1.234453 1.235338 1.236276
1.237268 1.238318 1.239428
1.240599 1.241834 1.243135
1.244504 1.245943 1.247456
1.249043 1.250707 1.252451
1.254276 1.256185 1.25818
1.260262 1.262435 1.264701
1.267061 1.269518 1.272075
1.274732 1.277493 1.28036
1.283335 1.28642 1.289617
1.292929 1.296357 1.299905
1.303574 1.307366 1.311283
1.315328 1.319504 1.417701
1.415296 1.412908 1.410538
1.408184 1.405845 1.403521
1.401212 1.398915 1.39663
1.394356 1.392092 1.389838
1.387592 1.385354 1.383123
1.380898 1.378678 1.376461
1.374248 1.372038 1.369829
1.36762 1.365412 1.363202
1.36099 1.358775 1.356557
1.354334 1.352105 1.34987
1.347628 1.345377 1.343118
1.340848 1.338568 1.336276
1.333972 1.331654 1.329322
1.326974 1.324611 1.322231
1.319833 1.317416 1.314979
1.312522 1.310044 1.307544
1.30502 1.302473 1.299901
1.297303 1.294678 1.292026
1.289346 1.286636 1.283896
1.281126 1.278323 1.275488
1.272619 1.269715 1.266776
1.263801 1.260789 1.257739
1.25465 1.251521 1.248352
1.245141 1.241887 1.238591
1.23525 1.231864 1.228432
1.224954 1.221428 1.217853
1.214229 1.210554 1.206829
1.203051 1.19922 1.195336
1.191397 1.187402 1.183351
1.179242 1.175076 1.17085
1.166564 1.162218 1.15781
1.15334 1.148808 1.144214
1.139559 1.13484 1.13006
1.125216 1.120311 1.115342
1.11031 1.105216 1.100058
1.094837 1.089553 1.084205
1.078793 1.073318 1.067779
1.062175 1.056508 1.050776
1.04498 1.039119 1.033194
1.027204 1.021149 1.015029
1.008844 1.002594 0.9962779
0.9898966 0.9834497 0.976937
0.9703585 0.9637139 0.9570031
0.9502261 0.9433828 0.9364729
0.9294964 0.9224531 0.9153429
0.9081657 0.9009214 0.8936099
0.8862309 0.8787845 0.8712704
0.8636886 0.8560389 0.8483212
0.8405353 0.8326812 0.8247588
0.8167678 0.8087082 0.8005799
0.7923827 0.7841165 0.7757812
0.7673766 0.7589026 0.7503592
0.7417462 0.7330634 0.7243107
0.7154881 0.7065953 0.6976323
0.6885989 0.6794951 0.6703206
0.6610754 0.6517594 0.6423723
0.6329142 0.6233848 0.613784
0.6041118 0.594368 0.5845524
0.574665 0.5647056 0.5546741
0.5445703 0.5343943 0.5241457
0.5138245 0.5034306 0.492964
0.4824254 0.4718172 0.4611413
0.4503999 0.4395951 0.4287289
0.4178037 0.4068214 0.3957841
0.384694 0.3735533 0.3623639
0.3511281 0.3398479 0.3285255
0.317163 0.3057625 0.2943261
0.2828559 0.2713541 0.2598228
0.248264 0.2366799 0.2250727
0.2134444 0.2017972 0.1901331
0.1784543 0.1667629 0.155061
0.1433508 0.1316343 0.1199137
0.1081911 0.09646863 0.08474835
0.0730324 0.06132292 0.049622
0.03793178 0.02625436 0.01459186
0.002946407 -0.008679891 -0.02028491
-0.03186655 -0.04342267 -0.05495117
-0.06644992 -0.07791682 -0.08934974
-0.1007466 -0.1121052 -0.1234235
-0.1346993 -0.1459306 -0.1571152
-0.1682511 -0.179336 -0.1903679
-0.2013446 -0.2122641 -0.2231242
-0.2339228 -0.2446577 -0.255327
-0.2659284 -0.2764599 -0.2869192
-0.2973044 -0.3076133 -0.3178437
-0.3279936 -0.3380608 -0.3480432
-0.3579388 -0.3677453 -0.3774607
-0.3870828 -0.3966096 -0.4060389
-0.4153686 -0.4245966 -0.4337207
-0.4427389 -0.4516491 -0.460449
-0.4691367 -0.4777099 -0.4861666
-0.4945051 -0.5027264 -0.5108321
-0.5188238 -0.5267033 -0.5344722
-0.5421322 -0.549685 -0.5571322
-0.5644756 -0.5717167 -0.5788573
-0.585899 -0.5928435 -0.5996925
-0.6064476 -0.6131106 -0.619683
-0.6261666 -0.6325631 -0.638874
-0.6451012 -0.6512462 -0.6573107
-0.6632965 -0.6692051 -0.6750382
-0.6807976 -0.6864849 -0.6921017
-0.6976498 -0.7031308 -0.7085464
-0.7138982 -0.719188 -0.7244173
-0.729588 -0.7347016 -0.7397598
-0.7447643 -0.7497167 -0.7546188
-0.7594722 -0.7642786 -0.7690397
-0.7737571 -0.7784324 -0.7830675
-0.7876639 -0.7922233 -0.7967474
-0.8012379 -0.8056964 -0.8101246
-0.8145242 -0.8188969 -0.8232443
-0.8275681 -0.8318699 -0.8361515
-0.8404146 -0.8446607 -0.8488916
-0.8531089 -0.8573143 -0.8615095
-0.8656962 -0.869876 -0.8740506
-0.8782216 -0.8823908 -0.8865599
-0.8907304 -0.8949041 -0.8990826
-0.9032676 -0.9074608 -0.9116639
-0.9158785 -0.9201063 -0.9243489
-0.9286081 -0.9328856 -0.9371829
-0.9415017 -0.9458439 -0.9502109
-0.9546045 -0.9590263 -0.9634781
-0.9679615 -0.972477 -0.9770236
-0.9816003 -0.9862058 -0.990839
-0.9954988 -1.000184 -1.004894
-1.009626 -1.014381 -1.019157
-1.023952 -1.028766 -1.033598
-1.038445 -1.043308 -1.048185
-1.053075 -1.057977 -1.062889
-1.067811 -1.072742 -1.077679
-1.082623 -1.087571 -1.092523
-1.097478 -1.102435 -1.107392
-1.112348 -1.117302 -1.122253
-1.1272 -1.132142 -1.137077
-1.142005 -1.146924 -1.151833
-1.156731 -1.161617 -1.16649
-1.171348 -1.176191 -1.181017
-1.185825 -1.190615 -1.195384
-1.200132 -1.204857 -1.209559
-1.214236 -1.218888 -1.223513
-1.228109 -1.232676 -1.237213
-1.241719 -1.246191 -1.25063
-1.255034 -1.259402 -1.263733
-1.268026 -1.272279 -1.276491
-1.280662 -1.28479 -1.288874
-1.292912 -1.296904 -1.300849
-1.304746 -1.308592 -1.312388
-1.316132 -1.319822 -1.323458
-1.327039 -1.330564 -1.33403
-1.337438 -1.340786 -1.344073
-1.347297 -1.350458 -1.353555
-1.356586 -1.35955 -1.362446
-1.365273 -1.36803 -1.370717
-1.373335 -1.375885 -1.378367
-1.380782 -1.383131 -1.385414
-1.387633 -1.389787 -1.391879
-1.393908 -1.395875 -1.397781
-1.399626 -1.401413 -1.40314
-1.404809 -1.406421 -1.407977
-1.409476 -1.41092 -1.41231
-1.413646 -1.41493 -1.416161
-1.417341 -1.41847 -1.419549
-1.420578 -1.42156 -1.422493
-1.42338 -1.42422 -1.425014
-1.425764 -1.42647 -1.427132
-1.427752 -1.42833 -1.428867
-1.429363 -1.42982 -1.430238
-1.430618 -1.43096 -1.431265
-1.431535 -1.431769 -1.431969
-1.432135 -1.432268 -1.432369
-1.432439 -1.432477 -1.432485
-1.432464 -1.432415 -1.432338
-1.432233 -1.432102 -1.431946
-1.431764 -1.431559 -1.43133
-1.431078 -1.430804 -1.430509
-1.430194 -1.429859 -1.429505
-1.429132 -1.428743 -1.428336
-1.427913 -1.427475 -1.427022
-1.426556 -1.426076 -1.425584
-1.425081 -1.424566 -1.424042
-1.423507 -1.422965 -1.422414
-1.421856 -1.421292 -1.420722
-1.420147 -1.419567 -1.418984
-1.418396 -1.417802 -1.417201
-1.416593 -1.415976 -1.41535
-1.414713 -1.414065 -1.413405
-1.412731 -1.412044 -1.411341
-1.410623 -1.409887 -1.409134
-1.408361 -1.407569 -1.406757
-1.405922 -1.405066 -1.404185
-1.403281 -1.402351 -1.401395
-1.400411 -1.3994 -1.398359
-1.397289 -1.396187 -1.395054
-1.393888 -1.392688 -1.391454
-1.390184 -1.388877 -1.387534
-1.386151 -1.38473 -1.383268
-1.381765 -1.38022 -1.378631
-1.376999 -1.375322 -1.373599
-1.37183 -1.370013 -1.368147
-1.366231 -1.364265 -1.362248
-1.360178 -1.358055 -1.355878
-1.353645 -1.351357 -1.349011
-1.346608 -1.344145 -1.341623
-1.33904 -1.336396 -1.333688
-1.330918 -1.328082 -1.325182
-1.322215 -1.31918 -1.316078
-1.312906 -1.309665 -1.306352
-1.302967 -1.29951 -1.295979
-1.292373 -1.288691 -1.284933
-1.281097 -1.277183 -1.273189
-1.269115 -1.26496 -1.260722
-1.256402 -1.251997 -1.247508
-1.242932 -1.23827 -1.23352
-1.228683 -1.223761 -1.218756
-1.21367 -1.208505 -1.203262
-1.197943 -1.192551 -1.187087
-1.181553 -1.175951 -1.170283
-1.164551 -1.158757 -1.152902
-1.146988 -1.141018 -1.134993
-1.128915 -1.122787 -1.116609
-1.110384 -1.104113 -1.097799
-1.091444 -1.085049 -1.078616
-1.072147 -1.065645 -1.05911
-1.052545 -1.045951 -1.039332
-1.032687 -1.02602 -1.019333
-1.012626 -1.005903 -0.9991639
-0.9924121 -0.9856489 -0.9788763
-0.9720962 -0.9653104 -0.9585209
-0.9517295 -0.9449381 -0.9381487
-0.931363 -0.924583 -0.9178106
-0.9110477 -0.9042962 -0.8975579
-0.8908347 -0.8841285 -0.8774413
-0.8707749 -0.8641312 -0.857512
-0.8509194 -0.8443551 -0.837821
-0.8313191 -0.8248512 -0.8184193
-0.8120251 -0.8056707 -0.7993579
-0.7930885 -0.7868645 -0.7806877
-0.7745602 -0.7684836 -0.76246
-0.7564912 -0.7505791 -0.7447255
-0.7389325 -0.7332019 -0.7275355
-0.7219352 -0.716403 -0.7109408
-0.7055503 -0.7002336 -0.6949925
-0.6898288 -0.6847446 -0.6797416
-0.6748208 -0.6699802 -0.6652171
-0.660529 -0.6559131 -0.6513669
-0.6468876 -0.6424727 -0.6381196
-0.6338256 -0.629588 -0.6254042
-0.6212717 -0.6171876 -0.6131496
-0.6091548 -0.6052006 -0.6012845
-0.5974037 -0.5935557 -0.5897379
-0.5859475 -0.5821819 -0.5784385
-0.5747148 -0.5710079 -0.5673154
-0.5636345 -0.5599627 -0.5562972
-0.5526356 -0.548975 -0.545313
-0.5416468 -0.5379738 -0.5342914
-0.530597 -0.5268879 -0.5231615
-0.5194151 -0.5156462 -0.511852
-0.50803 -0.5041775 -0.5002918
-0.4963704 -0.4924106 -0.4884098
-0.4843653 -0.4802745 -0.4761348
-0.4719435 -0.467698 -0.4633957
-0.4590339 -0.4546099 -0.4501213
-0.4455652 -0.4409392 -0.4362405
-0.4314665 -0.4266146 -0.4216821
-0.4166665 -0.411565 -0.4063751
-0.4010941 -0.3957193 -0.3902482
-0.3846781 -0.3790063 -0.3732303
-0.3673474 -0.361355 -0.3552504
-0.3490309 -0.3426941 -0.3362371
-0.3296575 -0.3229525 -0.3161195
-0.3091559 -0.302059 -0.2948263
-0.287455 -0.2799426 -0.2722864
-0.2644838 -0.2565321 -0.2484287
-0.2401711 -0.2317595 -0.223197
-0.2144865 -0.2056312 -0.1966341
-0.1874983 -0.1782269 -0.1688229
-0.1592894 -0.1496296 -0.1398463
-0.1299429 -0.1199222 -0.1097874
-0.09954162 -0.08918783 -0.07872915
-0.06816866 -0.05750941 -0.04675449
-0.03590697 -0.02496992 -0.01394642
-0.002839545 0.008347641 0.01961206
0.03095064 0.0423603 0.05383798
0.06538059 0.07698507 0.08864834
0.1003673 0.112139 0.1239602
0.1358279 0.147739 0.1596905
0.1716792 0.1837022 0.1957563
0.2078384 0.2199456 0.2320746
0.2442225 0.2563861 0.2685624
0.2807484 0.2929409 0.3051368
0.3173332 0.3295268 0.3417148
0.3538939 0.3660611 0.3782133
0.3903475 0.4024605 0.4145494
0.426611 0.4386423 0.4506401
0.4626015 0.4745233 0.4864024
0.4982359 0.5100206 0.5217534
0.5334313 0.5450512 0.55661
0.5681047 0.5795322 0.5908893
0.6021731 0.6133804 0.6245083
0.6355535 0.6465131 0.6573839
0.668163 0.6788471 0.6894333
0.6999185 0.7102996 0.7205734
0.7307371 0.7407874 0.7507213
0.7605357 0.7702282 0.7797991
0.7892496 0.7985809 0.8077942
0.8168908 0.8258718 0.8347384
0.8434919 0.8521334 0.8606643
0.8690856 0.8773985 0.8856044
0.8937044 0.9016996 0.9095914
0.917381 0.9250694 0.932658
0.9401479 0.9475404 0.9548367
0.9620379 0.9691453 0.9761601
0.9830835 0.9899167 0.9966609
1.003317 1.009887 1.016372
1.022772 1.029089 1.035325
1.04148 1.047556 1.053553
1.059474 1.065319 1.07109
1.076787 1.082412 1.087967
1.093451 1.098867 1.104216
1.109499 1.114717 1.119872
1.124964 1.129995 1.134965
1.139877 1.144732 1.14953
1.154273 1.158962 1.163598
1.168183 1.172717 1.177202
1.181639 1.18603 1.190375
1.194676 1.198933 1.203149
1.207324 1.21146 1.215557
1.219618 1.223642 1.227632
1.231588 1.235513 1.239406
1.243269 1.247104 1.250911
1.254693 1.258449 1.262181
1.265891 1.26958 1.273248
1.276898 1.28053 1.284145
1.287745 1.291331 1.294904
-1.365749 -1.26986 -1.17619
-1.084714 -0.9954062 -0.9082409
-0.8231928 -0.7402365 -0.6593467
-0.5804978 -0.5036645 -0.4288214
-0.3559431 -0.285004 -0.2159789
-0.1488422 -0.08356855 -0.02013256
0.04149122 0.1013282 0.1594038
0.2157435 0.2703726 0.3233166
0.3746009 0.424251 0.4722922
0.51875 0.5636497 0.6070169
0.6488769 0.6892552 0.7281771
0.7656681 0.8017536 0.8364591
0.8698099 0.9018315 0.9325493
0.9619887 0.9901752 1.017134
1.042891 1.067471 1.0909
1.113203 1.134405 1.154533
1.173611 1.191664 1.208719
1.224801 1.239934 1.254146
1.26746 1.279902 1.291498
1.302274 1.312254 1.321464
1.329929 1.337676 1.344728
1.351113 1.356854 1.361978
1.36651 1.370475 1.3739
1.376808 1.379226 1.381179
1.382693 1.383792 1.384503
1.384851 1.384861 1.384558
1.383968 1.383117 1.38203
1.380732 1.379249 1.377605
1.375828 1.373941 1.371971
1.369942 1.367881 1.365812
1.363762 1.361754 1.359816
1.357966 1.356205 1.354527
1.35293 1.351409 1.349959
1.348576 1.347257 1.345997
1.344792 1.343638 1.342531
1.341466 1.340439 1.339447
1.338484 1.337548 1.336633
1.335735 1.334851 1.333976
1.333106 1.332237 1.331365
1.330485 1.329593 1.328686
1.327758 1.326807 1.325827
1.324815 1.323766 1.322676
1.321541 1.320357 1.31912
1.317825 1.316468 1.315046
1.313554 1.311988 1.310343
1.308616 1.306802 1.304897
1.302898 1.300799 1.298597
1.296288 1.293867 1.29133
1.288673 1.285892 1.282982
1.279941 1.276762 1.273443
1.269979 1.266365 1.262599
1.258675 1.254589 1.250338
1.245916 1.241321 1.236547
1.231591 1.226448 1.221114
1.215585 1.209858 1.203927
1.197788 1.191438 1.184872
1.178086 1.171077 1.163838
1.156368 1.14866 1.140712
1.132519 1.124077 1.115382
1.106429 1.097215 1.087735
1.077985 1.067961 1.057658
1.047074 1.036207 1.025063
1.013647 1.001964 0.9900179
0.9778146 0.9653587 0.9526552
0.9397089 0.9265249 0.9131079
0.899463 0.8855951 0.8715091
0.8572099 0.8427025 0.8279917
0.8130825 0.7979799 0.7826886
0.7672138 0.7515602 0.7357329
0.7197366 0.7035765 0.6872573
0.670784 0.6541616 0.6373949
0.6204889 0.6034486 0.5862787
0.5689843 0.5515703 0.5340415
0.516403 0.4986597 0.4808164
0.4628781 0.4448498 0.4267363
0.4085425 0.3902735 0.3719341
0.3535292 0.3350638 0.3165427
0.297971 0.2793535 0.2606952
0.242001 0.2232758 0.2045245
0.1857521 0.1669634 0.1481635
0.1293572 0.1105495 0.09174519
0.07294933 0.05416679 0.0354025
0.01666139 -0.002051627 -0.02073162
-0.03937366 -0.05797283 -0.07652421
-0.09502287 -0.1134639 -0.1318423
-0.1501533 -0.1683918 -0.186553
-0.204632 -0.2226237 -0.2405233
-0.2583259 -0.2760266 -0.2936203
-0.3111023 -0.3284675 -0.3457111
-0.362828 -0.3798135 -0.3966626
-0.4133703 -0.4299317 -0.4463419
-0.462596 -0.4786897 -0.494622
-0.5103929 -0.5260025 -0.5414507
-0.5567377 -0.5718634 -0.5868278
-0.6016311 -0.6162731 -0.630754
-0.6450738 -0.6592324 -0.67323
-0.6870665 -0.700742 -0.7142565
-0.72761 -0.7408025 -0.7538342
-0.7667049 -0.7794148 -0.7919639
-0.8043521 -0.8165795 -0.8286462
-0.8405521 -0.8522974 -0.8638819
-0.8753058 -0.8865691 -0.8976718
-0.9086139 -0.9193955 -0.9300165
-0.940477 -0.9507771 -0.9609167
-0.970896 -0.9807148 -0.9903733
-0.9998714 -1.009209 -1.018387
-1.027404 -1.036261 -1.044958
-1.053495 -1.061871 -1.070088
-1.078144 -1.08604 -1.093777
-1.101353 -1.108769 -1.116025
-1.123122 -1.130058 -1.136835
-1.143451 -1.149908 -1.156205
-1.162343 -1.16832 -1.174138
-1.179796 -1.185295 -1.190633
-1.195813 -1.200832 -1.205692
-1.210393 -1.214934 -1.219316
-1.223538 -1.2276 -1.231504
-1.235247 -1.238832 -1.242257
-1.245523 -1.24863 -1.251577
-1.254366 -1.256995 -1.259465
-1.261775 -1.263927 -1.265919
-1.267753 -1.269427 -1.270942
-1.272296 -1.273487 -1.274515
-1.275376 -1.276071 -1.276597
-1.276953 -1.277138 -1.27715
-1.276987 -1.276648 -1.276131
-1.275435 -1.274559 -1.273501
-1.27226 -1.270833 -1.26922
-1.267418 -1.265428 -1.263246
-1.260872 -1.258303 -1.255539
-1.252579 -1.249419 -1.24606
-1.242499 -1.238735 -1.234766
-1.230592 -1.22621 -1.221619
-1.216817 -1.211804 -1.206577
-1.201135 -1.195476 -1.1896
-1.183504 -1.177187 -1.170647
-1.163883 -1.156894 -1.149678
-1.142234 -1.134559 -1.126653
-1.118514 -1.11014 -1.101531
-1.092684 -1.083597 -1.074271
-1.064702 -1.05489 -1.044833
-1.034529 -1.023978 -1.013177
-1.002125 -0.9908202 -0.9792617
-0.9674476 -0.9553766 -0.9430471
-0.9304576 -0.9176066 -0.9044927
-0.8911142 -0.8774698 -0.8635578
-0.8493769 -0.8349256 -0.8202022
-0.8052054 -0.7899335 -0.7743852
-0.7585589 -0.7424532 -0.7260665
-0.7093972 -0.6924441 -0.6752054
-0.6576798 -0.6398657 -0.6217616
-0.6033661 -0.5846775 -0.5656954
-0.5464254 -0.5268762 -0.5070567
-0.4869757 -0.4666419 -0.4460641
-0.4252512 -0.4042118 -0.3829548
-0.361489 -0.3398231 -0.3179659
-0.2959263 -0.273713 -0.2513347
-0.2288003 -0.2061185 -0.1832982
-0.1603481 -0.1372771 -0.1140938
-0.09080704 -0.06742567 -0.04395844
-0.02041414 0.003198446 0.02687054
0.05059336 0.07435811 0.09815601
0.1219783 0.1458161 0.1696608
0.1935035 0.2173354 0.2411477
0.2649317 0.2886786 0.3123796
0.3360259 0.3596087 0.3831192
0.4065487 0.4298884 0.4531294
0.4762631 0.4992806 0.5221731
0.5449319 0.5675481 0.590013
0.6123178 0.6344537 0.6564119
0.6781837 0.6997603 0.7211328
0.7422925 0.7632306 0.7839383
0.8044069 0.8246275 0.8445914
0.8642898 0.8837138 0.9028548
0.9217039 0.9402524 0.9584914
0.9764122 0.994006 1.011264
1.028177 1.044737 1.060935
1.076762 1.09221 1.107268
1.12193 1.136185 1.150026
1.163443 1.176427 1.188971
1.201064 1.212699 1.223866
1.234556 1.244762 1.254473
1.263687 1.272407 1.280641
1.288395 1.295674 1.302487
1.308838 1.314734 1.320183
1.325189 1.32976 1.333902
1.337622 1.340925 1.343818
1.346308 1.348401 1.350103
1.351421 1.352361 1.35293
1.353133 1.352978 1.352471
1.351617 1.350424 1.348899
1.347046 1.344873 1.342387
1.339593 1.336497 1.333108
1.329429 1.325469 1.321234
1.316729 1.311962 1.306938
1.301665 1.296148 1.290394
1.284409 1.2782 1.271773
1.265135 1.258291 1.251249
1.244014 1.236594 1.228994
1.221221 1.213281 1.205181
1.196927 1.188525 1.179982
1.171305 1.162499 1.153572
1.144528 1.135376 1.126121
1.11677 1.107328 1.097803
1.088201 1.078529 1.068792
1.058997 1.04915 1.039258
1.029328 1.019365 1.009377
0.9993683 0.9893468 0.9793186
0.9692901 0.9592676 0.9492575
0.9392663 0.9293003 0.9193659
0.9094696 0.8996177 0.8898166
0.8800728 0.8703926 0.8607824
0.8512483 0.8417929 0.8324159
0.8231173 0.813897 0.8047549
0.7956909 0.7867049 0.7777967
0.7689663 0.7602135 0.7515382
0.7429404 0.7344199 0.7259767
0.7176105 0.7093213 0.701109
0.6929735 0.6849147 0.6769324
0.6690266 0.6611971 0.6534439
0.6457668 0.6381657 0.6306406
0.6231912 0.6158176 0.6085195
0.6012969 0.5941497 0.5870778
0.580081 0.5731593 0.5663125
0.5595406 0.5528433 0.5462207
0.5396727 0.533199 0.5267996
0.5204744 0.5142232 0.5080461
0.5019428 0.4959132 0.4899573
0.484075 0.478266 0.4725304
0.466868 0.4612787 0.4557624
0.450319 0.4449484 0.4396504
0.434425 0.4292721 0.4241915
0.4191832 0.414247 0.4093828
0.4045905 0.39987 0.3952212
0.3906441 0.3861384 0.3817041
0.377341 0.3730491 0.3688283
0.3646784 0.3605993 0.356591
0.3526532 0.348786 0.3449892
0.3412627 0.3376064 0.3340201
0.3305038 0.3270574 0.3236807
0.3203737 0.3171362 0.3139682
0.3108694 0.3078399 0.3048795
0.3019881 0.2991643 0.2964028
0.2936975 0.2910422 0.2884308
0.2858571 0.2833152 0.2807987
0.2783015 0.2758177 0.2733409
0.2708651 0.2683842 0.2658919
0.2633823 0.2608491 0.2582862
0.2556875 0.2530468 0.2503581
0.2476151 0.2448118 0.2419421
0.2389997 0.2359786 0.2328726
0.2296757 0.2263815 0.2229842
0.2194774 0.2158551 0.2121111
0.2082393 0.2042336 0.2000879
0.195796 0.1913517 0.186749
0.1819817 0.1770437 0.1719288
0.166631 0.161144 0.1554618
0.1495782 0.1434872 0.1371824
0.1306579 0.1239075 0.1169251
0.1097045 0.1022396 0.09452424
0.08655233 0.07831773 0.06981431
0.06103592 0.05197644 0.04262974
0.03298969 0.02305014 0.01280498
0.002248069 -0.008626728 -0.01982554
-0.0313545 -0.04321973 -0.05542738
-0.06798357 -0.08089443 -0.0941661
-0.1078047 -0.1218164 -0.1362073
-0.1509835 -0.1661512 -0.1817164
-0.1976854 -0.2140643 -0.2308592
-0.2480761 -0.2657214 -0.283801
-0.3023212 -0.321288 -0.3407076
-0.3605861 -0.3809296 -0.4017444
-0.4230364 -0.4448113 -0.4670618
-0.4897681 -0.5129097 -0.5364664
-0.5604176 -0.584743 -0.6094223
-0.6344351 -0.6597609 -0.6853795
-0.7112704 -0.7374132 -0.7637875
-0.7903731 -0.8171495 -0.8440963
-0.8711931 -0.8984196 -0.9257553
-0.95318 -0.9806732 -1.008214
-1.035784 -1.06336 -1.090923
-1.118454 -1.14593 -1.173332
-1.20064 -1.227832 -1.25489
-1.281792 -1.308517 -1.335047
-1.361359 -1.387434 -1.413252
-1.438792 -1.464033 -1.488956
-1.51354 -1.537764 -1.561608
-1.585052 -1.608076 -1.630658
-1.652779 -1.674419 -1.695556
-1.71617 -1.736242 -1.755751
-1.774676 -1.792996 -1.810693
-1.827744 -1.844131 -1.859832
-1.874827 -1.889095 -1.902617
-1.915372 -1.927339 -1.938499
-1.94883 -1.958313 -1.966927
-1.974651 -1.981466 -1.98735
-1.992284 -1.996247 -1.999219
-2.001179 -2.002107 -2.001983
-2.000786 -1.998495 -1.995092
-1.990554 -1.984862 -1.977995
-1.969933 -1.960656 -1.950143
-1.938374 -1.925328 -1.910985
-1.895325 -1.878327 -1.859981
-1.840325 -1.819413 -1.797298
-1.774033 -1.74967 -1.724264
-1.697867 -1.670532 -1.642313
-1.613262 -1.583433 -1.552879
-1.521653 -1.489808 -1.457397
-1.424474 -1.391091 -1.357302
-1.32316 -1.288717 -1.254028
-1.219144 -1.184121 -1.149009
-1.113863 -1.078736 -1.04368
-1.00875 -0.9739973 -0.9394761
-0.9052392 -0.8713397 -0.8378309
-0.8047657 -0.7721975 -0.7401792
-0.708764 -0.6780051 -0.6479555
-0.6186684 -0.590197 -0.5625943
-0.5359135 -0.5102077 -0.4855301
-0.4619338 -0.4394718 -0.4181974
-0.3981637 -0.3794238 -0.3620308
-0.3460378 -0.331498 -0.3184646
-0.3069906 -0.2971292 -0.2889334
-0.2824565 -0.2777516 -0.2748718
-0.2738702 -0.2747999 -0.2777141
-0.282666 -0.2897085 -0.298895
-0.3102784 -0.323912 -0.3398488
-0.3581421 -0.3788448 -0.4020102
-0.4276914 -0.4559415 -0.4868136
-0.5203609 -0.5566364 -0.5956935
-0.637585 -0.6823643 -0.7300843
-0.7807983 -0.8345594 -0.8914207
-0.9514353 -1.014656 -1.081137
-1.150931 -1.22409 -1.300668
-1.380718 -1.428676 -1.412322
-1.395974 -1.379633 -1.363296
-1.346965 -1.330638 -1.314315
-1.297996 -1.28168 -1.265368
-1.249058 -1.23275 -1.216443
-1.200138 -1.183834 -1.167531
-1.151227 -1.134924 -1.118619
-1.102313 -1.086006 -1.069697
-1.053385 -1.037071 -1.020753
-1.004432 -0.9881063 -0.9717765
-0.9554419 -0.939102 -0.9227565
-0.9064049 -0.8900468 -0.8736817
-0.8573094 -0.8409294 -0.8245412
-0.8081444 -0.7917387 -0.7753237
-0.7588989 -0.7424638 -0.7260182
-0.7095616 -0.6930936 -0.6766137
-0.6601216 -0.6436168 -0.627099
-0.6105677 -0.5940225 -0.5774631
-0.5608889 -0.5442996 -0.5276948
-0.5110741 -0.494437 -0.4777832
-0.4611121 -0.4444236 -0.427717
-0.410992 -0.3942483 -0.3774853
-0.3607027 -0.3439 -0.3270769
-0.3102329 -0.2933677 -0.2764808
-0.2595718 -0.2426403 -0.2256859
-0.2087081 -0.1917066 -0.174681
-0.1576308 -0.1405557 -0.1234552
-0.1063289 -0.08917639 -0.07199729
-0.05479116 -0.03755761 -0.02029623
-0.00300659 0.01431171 0.03165907
0.04903592 0.06644265 0.08387969
0.1013474 0.1188457 0.1363724
0.153925 0.1715009 0.1890977
0.2067128 0.2243436 0.2419877
0.2596425 0.2773055 0.2949742
0.312646 0.3303184 0.3479888
0.3656549 0.3833139 0.4009635
0.418601 0.436224 0.4538298
0.4714161 0.4889802 0.5065197
0.5240319 0.5415144 0.5589647
0.5763802 0.5937584 0.6110967
0.6283927 0.6456438 0.6628475
0.6800012 0.6971024 0.7141487
0.7311374 0.748066 0.7649321
0.7817331 0.7984664 0.8151295
0.83172 0.8482352 0.8646727
0.8810299 0.8973043 0.9134933
0.9295945 0.9456053 0.9615232
0.9773456 0.9930701 1.008694
1.024215 1.03963 1.054938
1.070134 1.085218 1.100186
1.115035 1.129764 1.14437
1.15885 1.173202 1.187422
1.20151 1.215461 1.229274
1.242947 1.256475 1.269858
1.283092 1.296175 1.309105
1.321878 1.334493 1.346947
1.359237 1.37136 1.383315
1.395099 1.406709 1.418142
1.429397 1.44047 1.45136
1.462062 1.472576 1.482899
1.493027 1.502959 1.512694
1.522234 1.531579 1.540732
1.549694 1.558466 1.567051
1.575449 1.583662 1.591692
1.59954 1.607207 1.614696
1.622008 1.629144 1.636106
1.642895 1.649513 1.655961
1.662241 1.668355 1.674303
1.680088 1.685711 1.691174
1.696478 1.701624 1.706614
1.71145 1.716133 1.720665
1.725047 1.72928 1.733367
1.737309 1.741107 1.744763
1.748278 1.751654 1.754893
1.757995 1.760963 1.763798
1.766502 1.769075 1.77152
1.773838 1.776031 1.7781
1.780046 1.781872 1.783579
1.785167 1.78664 1.787997
1.789242 1.790375 1.791398
1.792312 1.793119 1.79382
1.794418 1.794913 1.795307
1.795601 1.795798 1.795898
1.795903 1.795815 1.795636
1.795365 1.795007 1.79456
1.794029 1.793412 1.792714
1.791934 1.791074 1.790137
1.789122 1.788033 1.78687
1.785636 1.78433 1.782956
1.781515 1.780007 1.778435
1.776801 1.775105 1.773349
1.771531 1.76965 1.767704
1.765691 1.76361 1.761458
1.759233 1.756934 1.754559
1.752107 1.749574 1.74696
1.744262 1.741479 1.738608
1.735649 1.732599 1.729456
1.726218 1.722885 1.719453
1.715921 1.712287 1.708549
1.704705 1.700755 1.696695
1.692523 1.688239 1.68384
1.679325 1.67469 1.669936
1.665059 1.660059 1.654932
1.649678 1.644294 1.638779
1.633131 1.627347 1.621427
1.615368 1.609168 1.602826
1.596339 1.589707 1.582926
1.575996 1.568914 1.561678
1.554287 1.546739 1.539032
1.531164 1.523133 1.514938
1.506576 1.498046 1.489346
1.480474 1.471429 1.462207
1.452809 1.443231 1.433471
1.423529 1.413402 1.403089
1.392586 1.381894 1.371009
1.35993 1.348656 1.337184
1.325512 1.313638 1.301562
1.28928 1.276791 1.264094
1.251186 1.238066 1.224731
1.21118 1.197411 1.183422
1.169212 1.154778 1.140119
1.125235 1.110131 1.094812
1.079283 1.063548 1.047613
1.031482 1.015159 0.9986509
0.9819611 0.9650947 0.9480567
0.9308519 0.9134851 0.895961
0.8782847 0.8604608 0.8424943
0.8243899 0.8061525 0.7877869
0.769298 0.7506906 0.7319695
0.7131395 0.6942056 0.6751724
0.656045 0.636828 0.6175263
0.5981448 0.5786883 0.5591616
0.5395695 0.5199169 0.5002087
0.4804496 0.4606445 0.4407982
0.4209156 0.4010015 0.3810607
0.361098 0.3411183 0.3211264
0.3011272 0.2811255 0.2611261
0.2411338 0.2211536 0.2011901
0.1812483 0.161333 0.141449
0.1216011 0.1017942 0.08203317
0.06232276 0.04266783 0.02307322
0.003543753 -0.01591573 -0.0353004
-0.05460542 -0.07382596 -0.09295718
-0.1119943 -0.1309324 -0.1497666
-0.1684923 -0.1871044 -0.2055983
-0.223969 -0.2422117 -0.2603216
-0.2782939 -0.2961237 -0.3138061
-0.3313365 -0.3487098 -0.3659214
-0.3829663 -0.3998397 -0.4165368
-0.4330528 -0.4493828 -0.4655219
-0.4814655 -0.4972085 -0.5127463
-0.5280743 -0.5431913 -0.5580974
-0.5727927 -0.5872775 -0.6015519
-0.6156161 -0.6294702 -0.6431145
-0.6565489 -0.6697739 -0.6827894
-0.6955956 -0.7081928 -0.7205811
-0.7327607 -0.7447316 -0.7564942
-0.7680485 -0.7793947 -0.790533
-0.8014635 -0.8121865 -0.822702
-0.8330103 -0.8431114 -0.8530057
-0.8626931 -0.872174 -0.8814484
-0.8905166 -0.8993786 -0.9080348
-0.9164851 -0.9247298 -0.9327691
-0.9406031 -0.948232 -0.9556559
-0.962875 -0.9698895 -0.9766996
-0.9833054 -0.989707 -0.9959047
-1.001899 -1.007689 -1.013276
-1.018659 -1.023839 -1.028817
-1.033591 -1.038163 -1.042533
-1.0467 -1.050665 -1.054428
-1.057989 -1.061348 -1.064506
-1.067463 -1.070219 -1.072773
-1.075127 -1.07728 -1.079232
-1.080985 -1.082537 -1.083889
-1.085041 -1.085993 -1.086746
-1.0873 -1.087655 -1.08781
-1.087767 -1.087525 -1.087084
-1.086445 -1.085608 -1.084573
-1.08334 -1.081909 -1.080281
-1.078455 -1.076432 -1.074212
-1.071796 -1.069182 -1.066372
-1.063366 -1.060165 -1.056772
-1.053193 -1.049431 -1.045492
-1.041378 -1.037095 -1.032647
-1.028037 -1.023271 -1.018353
-1.013286 -1.008076 -1.002726
-0.9972415 -0.9916257 -0.9858832
-0.9800184 -0.9740356 -0.9679391
-0.9617331 -0.955422 -0.9490101
-0.9425016 -0.9359009 -0.9292122
-0.9224398 -0.9155881 -0.9086613
-0.9016637 -0.8945997 -0.8874734
-0.8802893 -0.8730515 -0.8657644
-0.8584324 -0.8510596 -0.8436504
-0.836209 -0.8287399 -0.8212472
-0.8137352 -0.8062083 -0.7986708
-0.7911269 -0.7835809 -0.7760371
-0.7684999 -0.7609735 -0.7534622
-0.7459703 -0.7385021 -0.731062
-0.7236541 -0.7162828 -0.7089523
-0.7016671 -0.6944313 -0.6872493
-0.6801253 -0.6730637 -0.6660688
-0.6591448 -0.652296 -0.6455268
-0.6388414 -0.6322441 -0.6257392
-0.6193311 -0.6130239 -0.6068221
-0.6007298 -0.5947514 -0.5888913
-0.5831536 -0.5775426 -0.5720628
-0.5667183 -0.5615135 -0.5564526
-0.5515399 -0.5467798 -0.5421766
-0.5377345 -0.5334578 -0.5293508
-0.5254178 -0.5216632 -0.5180911
-0.514706 -0.5115116 -0.5085074
-0.5056895 -0.5030538 -0.5005965
-0.4983137 -0.4962014 -0.4942557
-0.4924726 -0.4908483 -0.4893788
-0.4880601 -0.4868884 -0.4858596
-0.48497 -0.4842154 -0.4835921
-0.4830961 -0.4827234 -0.4824701
-0.4823324 -0.4823061 -0.4823875
-0.4825726 -0.4828575 -0.4832382
-0.4837107 -0.4842713 -0.4849159
-0.4856406 -0.4864414 -0.4873146
-0.488256 -0.4892618 -0.4903281
-0.4914509 -0.4926262 -0.4938503
-0.495119 -0.4964286 -0.497775
-0.4991544 -0.5005627 -0.5019962
-0.5034507 -0.5049225 -0.5064076
-0.507902 -0.5094018 -0.5109032
-0.512402 -0.5138945 -0.5153767
-0.5168447 -0.5182945 -0.5197222
-0.5211238 -0.5224955 -0.5238333
-0.5251333 -0.5263915 -0.5276041
-0.528767 -0.5298764 -0.5309283
-0.5319188 -0.5328439 -0.5336998
-0.5344825 -0.535188 -0.5358125
-0.536352 -0.5368025 -0.5371602
-0.5374211 -0.5375813 -0.5376369
-0.5375838 -0.5374183 -0.5371363
-0.5367339 -0.5362072 -0.5355523
-0.5347652 -0.533842 -0.5327788
-0.5315717 -0.5302166 -0.5287097
-0.5270471 -0.5252247 -0.5232408
-0.5210995 -0.5188064 -0.516367
-0.513787 -0.5110718 -0.508227
-0.5052581 -0.5021707 -0.4989704
-0.4956627 -0.4922531 -0.4887471
-0.4851504 -0.4814685 -0.4777069
-0.4738712 -0.4699669 -0.4659996
-0.4619747 -0.457898 -0.4537748
-0.4496109 -0.4454116 -0.4411825
-0.4369293 -0.4326574 -0.4283725
-0.4240799 -0.4197854 -0.4154944
-0.4112125 -0.4069452 -0.4026981
-0.3984767 -0.3942866 -0.3901334
-0.3860225 -0.3819595 -0.37795
-0.3739995 -0.3701136 -0.3662978
-0.3625576 -0.3588987 -0.3553265
-0.3518466 -0.3484646 -0.3451859
-0.3420162 -0.338961 -0.3360258
-0.3332163 -0.3305378 -0.3279961
-0.3255965 -0.3233448 -0.3212463
-0.3193068 -0.3175317 -0.3159265
-0.3144968 -0.3132483 -0.3121863
-0.3113165 -0.3106444 -0.3101755
-0.3099155 -0.3098698 -0.310044
-0.3104436 -0.3110743 -0.3119414
-0.3130507 -0.3144076 -0.3160177
-0.3178865 -0.3200196 -0.3224225
-0.3251008 -0.32806 -0.3313057
-0.3348434 -0.3386787 -0.3428171
-0.3472641 -0.3520253 -0.3571063
-0.3625127 -0.3682498 -0.374323
-0.3807306 -0.3874638 -0.3945138
-0.4018716 -0.4095282 -0.4174749
-0.4257025 -0.4342023 -0.4429652
-0.4519824 -0.4612448 -0.4707437
-0.48047 -0.4904149 -0.5005693
-0.5109244 -0.5214712 -0.5322009
-0.5431044 -0.5541729 -0.5653974
-0.5767689 -0.5882787 -0.5999177
-0.6116769 -0.6235476 -0.6355207
-0.6475873 -0.6597385 -0.6719654
-0.684259 -0.6966104 -0.7090107
-0.7214509 -0.7339221 -0.7464154
-0.7589219 -0.7714326 -0.7839386
-0.7964309 -0.8089007 -0.821339
-0.8337369 -0.8460855 -0.8583757
-0.8705988 -0.8827457 -0.8948075
-0.9067754 -0.9186403 -0.9303934
-0.9420257 -0.9535283 -0.9648922
-0.9761086 -0.9871685 -0.998063
-1.008783 -1.01932 -1.029664
-1.039808 -1.049741 -1.059456
-1.068942 -1.078192 -1.087196
-1.095945 -1.10443 -1.112643
-1.120574 -1.128215 -1.135557
-1.14259 -1.149306 -1.155696
-1.161751 -1.167462 -1.172819
-1.177815 -1.182441 -1.186686
-1.190543 -1.194002 -1.197055
-1.199692 -1.201905 -1.203685
-1.205022 -1.205908 -1.206335
-1.206295 -1.205797 -1.204853
-1.203477 -1.201679 -1.199473
-1.196871 -1.193885 -1.190528
-1.186812 -1.182749 -1.178352
-1.173634 -1.168606 -1.16328
-1.157671 -1.151788 -1.145646
-1.139257 -1.132632 -1.125784
-1.118726 -1.11147 -1.104028
-1.096413 -1.088636 -1.080712
-1.072651 -1.064466 -1.05617
-1.047775 -1.039293 -1.030737
-1.022119 -1.013452 -1.004747
-0.9960173 -0.9872754 -0.9785335
-0.9698038 -0.9610989 -0.9524311
-0.9438128 -0.9352563 -0.926774
-0.9183783 -0.9100816 -0.9018962
-0.8938346 -0.8859091 -0.878132
-0.8705159 -0.8630729 -0.8558156
-0.8487562 -0.8419072 -0.8352809
-0.8288898 -0.8227461 -0.8168623
-0.8112508 -0.8059239 -0.8008939
-0.7961734 -0.7917746 -0.7877099
-0.7839917 -0.7806324 -0.7776444
-0.77504 -0.7728315 -0.7710315
-0.7696523 -0.7687061 -0.7682055
-0.7681628 -0.7685904 -0.7695005
-0.7709057 -0.7728184 -0.7752507
-0.7782152 -0.7817243 -0.7857902
-0.7904255 -0.7956424 -0.8014533
-0.8078706 -0.8149067 -0.8225739
-0.8308847 -0.8398514
