mu psi_1 psi_2 psi_3 psi_4
3.761204 3.752396 3.744274 3.736836 3.730076
3.723992 3.718579 3.713833 3.709751 3.706328
3.703562 3.701447 3.699981 3.699159 3.698978
3.699433 3.700521 3.702238 3.704581 3.707544
3.711125 3.71532 3.720124 3.725534 3.731546
3.738157 3.745361 3.753157 3.761539 3.770504
3.780047 3.790166 3.800857 3.812114 3.823936
3.836317 3.849254 3.862743 3.87678 3.891361
3.906483 3.922142 3.938334 3.955054 3.9723
3.990067 4.008352 4.02715 4.046458 4.066272
4.086587 4.107401 4.12871 4.150509 4.172795
4.195563 4.218811 4.242533 4.266727 4.291389
4.316514 4.342099 4.368139 4.394632 4.421573
4.448959 4.476785 4.505047 4.533743 4.562867
4.592417 4.622388 4.652776 4.683578 4.71479
4.746408 4.778428 4.810846 4.843658 4.876861
4.910451 4.944424 4.978775 5.013502 5.0486
5.084065 5.119895 5.156084 5.192628 5.229525
5.266771 5.30436 5.34229 5.380558 5.419162
5.458103 5.49738 5.536994 5.576943 5.617228
5.657849 5.698805 5.740096 5.781722 5.823682
5.865978 5.908607 5.951571 5.994869 6.038501
6.082466 6.126764 6.171396 6.216361 6.261658
6.307288 6.35325 6.399545 6.446171 6.493129
6.540419 6.58804 6.635993 6.684276 6.73289
6.781835 6.83111 6.880716 6.930651 6.980916
7.031511 7.082435 7.133688 7.18527 7.237181
7.289421 7.341989 7.394886 7.44811 7.501662
7.555542 7.609749 7.664283 7.719145 7.774333
7.829848 7.885689 7.941856 7.99835 8.055169
8.112314 8.169784 8.22758 8.285701 8.344146
8.402916 8.462011 8.52143 8.581172 8.641239
8.701629 8.762343 8.82338 8.88474 8.946423
9.008429 9.070757 9.133407 9.196379 9.259673
9.323289 9.387227 9.451485 9.516065 9.580965
9.646187 9.711728 9.77759 9.843772 9.910274
9.977095 10.04424 10.1117 10.17948 10.24757
10.31598 10.38469 10.45369 10.52299 10.59258
10.66245 10.73259 10.803 10.87368 10.94461
11.01579 11.08722 11.15888 11.23078 11.30291
11.37526 11.44782 11.5206 11.59358 11.66675
11.74012 11.81367 11.88741 11.96132 12.03539
12.10963 12.18403 12.25857 12.33327 12.40809
12.48306 12.55815 12.63336 12.70868 12.78412
12.85966 12.9353 13.01102 13.08684 13.16273
13.2387 13.31473 13.39083 13.46698 13.54318
13.61943 13.69572 13.77204 13.84838 13.92475
14.00113 14.07752 14.15391 14.2303 14.30668
14.38304 14.45939 14.53571 14.61199 14.68824
14.76444 14.84059 14.91669 14.99272 15.06869
15.14458 15.2204 15.29612 15.37176 15.4473
15.52273 15.59806 15.67327 15.74836 15.82332
15.89815 15.97284 16.04738 16.12177 16.19601
16.27009 16.34399 16.41773 16.49128 16.56465
16.63782 16.7108 16.78357 16.85613 16.92848
17.00061 17.07253 17.14424 17.21575 17.28704
17.35814 17.42903 17.49972 17.57021 17.64051
17.71061 17.78052 17.85024 17.91977 17.98912
18.05828 18.12726 18.19606 18.26468 18.33313
18.4014 18.4695 18.53743 18.6052 18.67279
18.74023 18.8075 18.87461 18.94157 19.00837
19.07501 19.14151 19.20785 19.27405 19.3401
19.40601 19.47177 19.5374 19.60289 19.66824
19.73347 19.79855 19.86351 19.92835 19.99305
20.05764 20.1221 20.18644 20.25067 20.31478
20.37878 20.44266 20.50644 20.57011 20.63368
20.69714 20.7605 20.82376 20.88693 20.95
21.01297 21.07586 21.13866 21.20137 21.26399
21.32654 21.389 21.45138 21.51369 21.57592
21.63808 21.70016 21.76218 21.82413 21.88602
21.94785 22.00961 22.07132 22.13297 22.19456
22.2561 22.31759 22.37904 22.44043 22.50179
22.56309 22.62436 22.68559 22.74679 22.80795
22.86907 22.93016 22.99121 23.05221 23.11317
23.17408 23.23493 23.29573 23.35647 23.41714
23.47775 23.53829 23.59876 23.65915 23.71947
23.7797 23.83984 23.8999 23.95987 24.01974
24.07952 24.13919 24.19876 24.25822 24.31758
24.37681 24.43594 24.49494 24.55382 24.61257
24.67119 24.72968 24.78804 24.84625 24.90433
24.96225 25.02003 25.07766 25.13513 25.19245
25.2496 25.30659 25.36341 25.42006 25.47654
25.53284 25.58895 25.64489 25.70064 25.7562
25.81156 25.86673 25.9217 25.97647 26.03103
26.08538 26.13952 26.19345 26.24716 26.30064
26.3539 26.40694 26.45974 26.5123 26.56463
26.61672 26.66857 26.72016 26.77151 26.82261
26.87344 26.92402 26.97434 27.02438 27.07416
27.12367 27.1729 27.22185 27.27052 27.31891
27.36701 27.41481 27.46232 27.50953 27.55645
27.60305 27.64935 27.69534 27.74102 27.78638
27.83141 27.87613 27.92052 27.96459 28.00833
28.05174 28.09482 28.13756 28.17998 28.22205
28.26379 28.30519 28.34624 28.38696 28.42732
28.46735 28.50702 28.54634 28.58531 28.62393
28.66219 28.7001 28.73764 28.77483 28.81165
28.84811 28.8842 28.91992 28.95528 28.99026
29.02487 29.05911 29.09297 29.12645 29.15955
29.19227 29.22461 29.25656 29.28812 29.3193
29.35008 29.38048 29.41047 29.44008 29.46928
29.49809 29.52649 29.5545 29.58209 29.60929
29.63607 29.66244 29.68841 29.71396 29.73909
29.76381 29.78811 29.81199 29.83544 29.85848
29.88108 29.90327 29.92502 29.94634 29.96723
29.98768 30.0077 30.02728 30.04642 30.06512
30.08338 30.10119 30.11855 30.13547 30.15194
30.16795 30.18351 30.19862 30.21327 30.22746
30.24119 30.25446 30.26726 30.2796 30.29147
30.30288 30.31381 30.32426 30.33425 30.34375
30.35278 30.36133 30.3694 30.37699 30.3841
30.39073 30.39687 30.40254 30.40772 30.41241
30.41663 30.42035 30.4236 30.42636 30.42863
30.43041 30.43171 30.43253 30.43285 30.43269
30.43203 30.43089 30.42926 30.42714 30.42453
30.42142 30.41783 30.41374 30.40916 30.40409
30.39852 30.39246 30.38591 30.37886 30.37131
30.36327 30.35474 30.3457 30.33617 30.32614
30.31561 30.30458 30.29306 30.28103 30.2685
30.25547 30.24195 30.22791 30.21338 30.19835
30.18281 30.16676 30.15022 30.13316 30.11561
30.09754 30.07897 30.0599 30.04032 30.02023
29.99963 29.97852 29.9569 29.93478 29.91214
29.889 29.86534 29.84117 29.81649 29.79129
29.76559 29.73937 29.71263 29.68539 29.65762
29.62934 29.60055 29.57124 29.54141 29.51107
29.4802 29.44882 29.41692 29.3845 29.35156
29.3181 29.28412 29.24962 29.2146 29.17905
29.14299 29.10639 29.06928 29.03165 28.99351
28.95486 28.91571 28.87605 28.8359 28.79526
28.75412 28.71251 28.67041 28.62783 28.58478
28.54127 28.49729 28.45284 28.40795 28.3626
28.3168 28.27055 28.22387 28.17675 28.12919
28.08121 28.0328 27.98398 27.93473 27.88508
27.83501 27.78454 27.73367 27.6824 27.63075
27.5787 27.52627 27.47345 27.42027 27.36671
27.31278 27.25848 27.20383 27.14882 27.09345
27.03774 26.98169 26.92529 26.86856 26.81149
26.7541 26.69638 26.63835 26.57999 26.52133
26.46235 26.40307 26.3435 26.28362 26.22345
26.163 26.10226 26.04124 25.97994 25.91837
25.85654 25.79444 25.73207 25.66946 25.60659
25.54347 25.48011 25.41651 25.35267 25.2886
25.2243 25.15978 25.09504 25.03008 24.96491
24.89953 24.83395 24.76817 24.70219 24.63602
24.56966 24.50312 24.4364 24.3695 24.30243
24.23519 24.16779 24.10023 24.0325 23.96462
23.89657 23.82835 23.75997 23.69142 23.62271
23.55382 23.48477 23.41555 23.34615 23.27658
23.20683 23.13691 23.06682 22.99655 22.92609
22.85546 22.78465 22.71366 22.64248 22.57112
22.49957 22.42784 22.35592 22.28382 22.21152
22.13904 22.06636 21.99349 21.92043 21.84717
21.77372 21.70007 21.62622 21.55217 21.47793
21.40348 21.32883 21.25398 21.17892 21.10366
21.0282 20.95252 20.87664 20.80054 20.72424
20.64773 20.571 20.49406 20.4169 20.33953
20.26194 20.18413 20.10611 20.02786 19.94939
19.8707 19.79179 19.71265 19.63329 19.5537
19.47388 19.39384 19.31356 19.23305 19.15231
19.07134 18.99014 18.9087 18.82702 18.7451
18.66295 18.58056 18.49793 18.41505 18.33194
18.24858 18.16497 18.08112 17.99702 17.91268
17.82808 17.74324 17.65814 17.57279 17.48719
17.40134 17.31522 17.22886 17.14224 17.05537
16.96826 16.88092 16.79335 16.70556 16.61755
16.52934 16.44092 16.35231 16.26352 16.17454
16.08539 15.99606 15.90658 15.81694 15.72715
15.63723 15.54716 15.45697 15.36665 15.27622
15.18568 15.09503 15.00429 14.91347 14.82255
14.73156 14.64051 14.54938 14.45821 14.36698
14.2757 14.1844 14.09306 14.00169 13.91031
13.81892 13.72752 13.63613 13.54475 13.45338
13.36203 13.27071 13.17943 13.08819 12.997
12.90586 12.81478 12.72377 12.63284 12.54199
12.45122 12.36055 12.26998 12.17952 12.08917
11.99894 11.90884 11.81888 11.72905 11.63937
11.54985 11.46048 11.37128 11.28225 11.19341
11.10475 11.01628 10.92801 10.83995 10.7521
10.66447 10.57706 10.48989 10.40296 10.31627
10.22983 10.14365 10.05774 9.972097 9.886734
9.801655 9.716867 9.632378 9.548193 9.464319
9.380762 9.29753 9.214628 9.132064 9.04985
8.967997 8.886518 8.805425 8.724731 8.644447
8.564587 8.485162 8.406184 8.327667 8.249622
8.172061 8.094998 8.018444 7.942411 7.866913
7.79196 7.717566 7.643743 7.570503 7.497859
7.425822 7.354405 7.283621 7.213481 7.143999
7.075186 7.007054 6.939616 6.872885 6.806872
6.74159 6.677051 6.613268 6.550252 6.488017
6.426574 6.365936 6.306115 6.247123 6.188973
6.131677 6.075247 6.019695 5.965035 5.911278
5.858437 5.806523 5.755549 5.705528 5.656472
5.608393 5.561303 5.515215 5.470141 5.426094
5.383085 5.341127 5.300232 5.260413 5.221681
5.18405 5.147532 5.112138 5.077882 5.044775
5.012829 4.982058 4.952473 4.924087 4.896912
4.87096 4.846244 4.822776 4.800568 4.779632
4.759982 4.741628 4.724585 4.708863 4.694475
4.681433 4.66975 4.659439 4.65051 4.642978
4.636853 4.632149 4.628877 4.62705 4.626681
-1.351817 -1.348656 -1.345605 -1.342662 -1.339826
-1.337095 -1.334467 -1.331941 -1.329516 -1.32719
-1.324961 -1.322827 -1.320788 -1.318841 -1.316985
-1.315218 -1.31354 -1.311947 -1.31044 -1.309015
-1.307672 -1.306409 -1.305225 -1.304117 -1.303085
-1.302126 -1.30124 -1.300424 -1.299677 -1.298998
-1.298384 -1.297835 -1.297349 -1.296923 -1.296558
-1.29625 -1.295999 -1.295803 -1.29566 -1.295569
-1.295528 -1.295536 -1.29559 -1.295691 -1.295835
-1.296022 -1.296249 -1.296516 -1.29682 -1.29716
-1.297535 -1.297943 -1.298382 -1.298851 -1.299349
-1.299873 -1.300422 -1.300995 -1.301589 -1.302204
-1.302838 -1.303489 -1.304156 -1.304837 -1.305531
-1.306235 -1.306949 -1.307671 -1.3084 -1.309132
-1.309869 -1.310606 -1.311344 -1.31208 -1.312813
-1.313542 -1.314264 -1.314978 -1.315683 -1.316377
-1.317058 -1.317726 -1.318377 -1.319012 -1.319627
-1.320223 -1.320796 -1.321346 -1.321871 -1.322369
-1.322839 -1.323279 -1.323688 -1.324065 -1.324408
-1.32472 -1.325 -1.325249 -1.325466 -1.325652
-1.325808 -1.325933 -1.326029 -1.326095 -1.326131
-1.326139 -1.326118 -1.326068 -1.325991 -1.325886
-1.325753 -1.325594 -1.325407 -1.325195 -1.324956
-1.324691 -1.324401 -1.324085 -1.323745 -1.32338
-1.322991 -1.322578 -1.322142 -1.321682 -1.321199
-1.320694 -1.320166 -1.319616 -1.319045 -1.318452
-1.317838 -1.317204 -1.316549 -1.315873 -1.315179
-1.314464 -1.313731 -1.312978 -1.312207 -1.311418
-1.310611 -1.309787 -1.308945 -1.308087 -1.307211
-1.30632 -1.305412 -1.304489 -1.30355 -1.302597
-1.301628 -1.300646 -1.299649 -1.298638 -1.297614
-1.296577 -1.295527 -1.294465 -1.29339 -1.292304
-1.291206 -1.290097 -1.288977 -1.287846 -1.286705
-1.285554 -1.284393 -1.283224 -1.282045 -1.280857
-1.279661 -1.278457 -1.277246 -1.276027 -1.2748
-1.273567 -1.272328 -1.271082 -1.269831 -1.268574
-1.267312 -1.266045 -1.264773 -1.263497 -1.262217
-1.260933 -1.259643 -1.258349 -1.25705 -1.255744
-1.254434 -1.253117 -1.251793 -1.250463 -1.249126
-1.247782 -1.246431 -1.245072 -1.243705 -1.24233
-1.240946 -1.239554 -1.238152 -1.236742 -1.235321
-1.233891 -1.232451 -1.231001 -1.22954 -1.228068
-1.226585 -1.22509 -1.223584 -1.222066 -1.220536
-1.218993 -1.217438 -1.215869 -1.214287 -1.212692
-1.211083 -1.20946 -1.207823 -1.206171 -1.204504
-1.202822 -1.201124 -1.199411 -1.197682 -1.195937
-1.194175 -1.192397 -1.190602 -1.188789 -1.186959
-1.185111 -1.183245 -1.181361 -1.179458 -1.177536
-1.175595 -1.173635 -1.171655 -1.169655 -1.167635
-1.165595 -1.163533 -1.161451 -1.159348 -1.157223
-1.155076 -1.152907 -1.150716 -1.148503 -1.146266
-1.144006 -1.141723 -1.139417 -1.137086 -1.134731
-1.132352 -1.129948 -1.127519 -1.125065 -1.122586
-1.12008 -1.117549 -1.114991 -1.112407 -1.109796
-1.107157 -1.104492 -1.101798 -1.099077 -1.096328
-1.093551 -1.090748 -1.087918 -1.085063 -1.082183
-1.079279 -1.076351 -1.073401 -1.07043 -1.067437
-1.064423 -1.06139 -1.058337 -1.055266 -1.052177
-1.049072 -1.04595 -1.042812 -1.03966 -1.036493
-1.033313 -1.03012 -1.026915 -1.023698 -1.020471
-1.017234 -1.013988 -1.010733 -1.00747 -1.0042
-1.000923 -0.9976411 -0.9943537 -0.9910619 -0.9877665
-0.9844682 -0.9811675 -0.9778653 -0.9745623 -0.9712591
-0.9679564 -0.964655 -0.9613556 -0.9580588 -0.9547653
-0.9514759 -0.9481913 -0.9449121 -0.9416391 -0.938373
-0.9351144 -0.9318641 -0.9286228 -0.9253912 -0.9221699
-0.9189597 -0.9157613 -0.9125754 -0.9094027 -0.9062438
-0.9030996 -0.8999706 -0.8968576 -0.8937614 -0.8906825
-0.8876218 -0.8845798 -0.8815574 -0.8785551 -0.8755738
-0.8726141 -0.8696767 -0.8667624 -0.8638717 -0.8610055
-0.8581644 -0.8553491 -0.8525604 -0.8497989 -0.8470653
-0.8443603 -0.8416847 -0.8390392 -0.8364244 -0.833841
-0.8312898 -0.8287714 -0.8262866 -0.823836 -0.8214204
-0.8190399 -0.8166938 -0.8143814 -0.812102 -0.8098549
-0.8076393 -0.8054546 -0.8033 -0.8011748 -0.7990782
-0.7970096 -0.7949682 -0.7929533 -0.7909643 -0.7890002
-0.7870606 -0.7851445 -0.7832513 -0.7813804 -0.7795309
-0.7777021 -0.7758934 -0.7741039 -0.772333 -0.77058
-0.7688442 -0.7671247 -0.7654209 -0.7637322 -0.7620576
-0.7603966 -0.7587484 -0.7571124 -0.7554876 -0.7538736
-0.7522694 -0.7506745 -0.7490881 -0.7475094 -0.7459378
-0.7443725 -0.7428128 -0.741258 -0.7397073 -0.7381601
-0.7366157 -0.7350732 -0.733532 -0.7319914 -0.7304506
-0.7289089 -0.7273656 -0.72582 -0.7242714 -0.722719
-0.7211621 -0.7196 -0.718032 -0.7164573 -0.7148753
-0.7132852 -0.7116863 -0.7100778 -0.7084591 -0.7068294
-0.7051881 -0.7035343 -0.7018674 -0.7001866 -0.6984913
-0.6967806 -0.695054 -0.6933106 -0.6915497 -0.6897707
-0.6879728 -0.6861553 -0.6843174 -0.6824584 -0.6805777
-0.6786745 -0.676748 -0.6747977 -0.6728226 -0.6708222
-0.6687956 -0.6667422 -0.6646613 -0.6625521 -0.6604139
-0.6582462 -0.6560493 -0.6538241 -0.6515717 -0.6492928
-0.6469884 -0.6446594 -0.6423068 -0.6399313 -0.6375341
-0.6351158 -0.6326776 -0.6302202 -0.6277446 -0.6252517
-0.6227424 -0.6202176 -0.6176783 -0.6151253 -0.6125596
-0.6099821 -0.6073936 -0.6047951 -0.6021875 -0.5995718
-0.5969488 -0.5943194 -0.5916845 -0.5890451 -0.5864021
-0.5837564 -0.5811089 -0.5784605 -0.5758121 -0.5731646
-0.570519 -0.5678761 -0.5652369 -0.5626023 -0.5599732
-0.5573504 -0.554735 -0.5521278 -0.5495297 -0.5469417
-0.5443647 -0.5417995 -0.539247 -0.5367083 -0.5341842
-0.5316756 -0.5291834 -0.5267086 -0.524252 -0.5218146
-0.5193973 -0.5170009 -0.5146264 -0.5122748 -0.5099468
-0.5076435 -0.5053657 -0.5031144 -0.5008905 -0.4986948
-0.4965283 -0.4943919 -0.4922866 -0.4902131 -0.4881725
-0.4861657 -0.4841934 -0.4822568 -0.4803566 -0.4784939
-0.4766694 -0.4748842 -0.4731391 -0.471435 -0.4697728
-0.4681536 -0.4665781 -0.4650473 -0.463562 -0.4621233
-0.460732 -0.4593891 -0.4580954 -0.4568518 -0.4556593
-0.4545188 -0.4534308 -0.4523952 -0.4514117 -0.4504799
-0.4495998 -0.4487709 -0.447993 -0.4472658 -0.4465892
-0.4459627 -0.4453861 -0.4448591 -0.4443816 -0.4439531
-0.4435735 -0.4432424 -0.4429596 -0.4427249 -0.4425379
-0.4423983 -0.442306 -0.4422606 -0.4422618 -0.4423094
-0.4424032 -0.4425428 -0.442728 -0.4429584 -0.4432339
-0.4435542 -0.4439189 -0.4443279 -0.4447808 -0.4452774
-0.4458174 -0.4464005 -0.4470264 -0.447695 -0.4484059
-0.4491588 -0.4499534 -0.4507896 -0.451667 -0.4525854
-0.4535444 -0.4545439 -0.4555835 -0.4566629 -0.457782
-0.4589404 -0.4601379 -0.4613741 -0.4626488 -0.4639618
-0.4653128 -0.4667014 -0.4681275 -0.4695908 -0.4710909
-0.4726276 -0.4742007 -0.4758098 -0.4774547 -0.4791352
-0.4808509 -0.4826016 -0.484387 -0.4862068 -0.4880608
-0.4899487 -0.4918703 -0.4938252 -0.4958131 -0.4978339
-0.4998872 -0.5019728 -0.5040903 -0.5062396 -0.5084204
-0.5106323 -0.5128751 -0.5151486 -0.5174524 -0.5197864
-0.5221501 -0.5245434 -0.526966 -0.5294176 -0.5318979
-0.5344067 -0.5369436 -0.5395082 -0.5420996 -0.5447171
-0.5473599 -0.5500272 -0.5527184 -0.5554326 -0.5581691
-0.560927 -0.5637058 -0.5665045 -0.5693224 -0.5721588
-0.575013 -0.577884 -0.5807713 -0.5836739 -0.5865913
-0.5895225 -0.5924668 -0.5954236 -0.5983919 -0.6013711
-0.6043604 -0.607359 -0.6103662 -0.6133811 -0.6164032
-0.6194315 -0.6224653 -0.6255039 -0.6285464 -0.6315923
-0.6346406 -0.6376906 -0.6407415 -0.6437927 -0.6468432
-0.6498925 -0.6529396 -0.6559839 -0.6590246 -0.6620608
-0.665092 -0.6681172 -0.6711358 -0.674147 -0.6771499
-0.6801439 -0.6831283 -0.6861021 -0.6890647 -0.6920153
-0.6949531 -0.6978775 -0.7007875 -0.7036825 -0.7065617
-0.7094244 -0.7122697 -0.7150969 -0.7179053 -0.7206941
-0.7234625 -0.7262098 -0.7289351 -0.7316378 -0.7343171
-0.7369722 -0.7396024 -0.7422069 -0.7447849 -0.7473357
-0.7498585 -0.7523525 -0.7548171 -0.7572513 -0.7596546
-0.762026 -0.7643649 -0.7666704 -0.7689419 -0.7711786
-0.7733796 -0.7755443 -0.7776718 -0.7797615 -0.7818125
-0.7838241 -0.7857955 -0.7877264 -0.7896177 -0.7914707
-0.7932864 -0.7950662 -0.7968112 -0.7985226 -0.8002015
-0.8018493 -0.8034672 -0.8050562 -0.8066176 -0.8081526
-0.8096625 -0.8111483 -0.8126113 -0.8140528 -0.8154738
-0.8168756 -0.8182595 -0.8196265 -0.8209779 -0.822315
-0.8236388 -0.8249506 -0.8262516 -0.827543 -0.8288259
-0.8301017 -0.8313715 -0.8326364 -0.8338977 -0.8351566
-0.8364143 -0.837672 -0.8389309 -0.8401921 -0.8414569
-0.8427265 -0.8440021 -0.8452849 -0.846576 -0.8478767
-0.8491882 -0.8505116 -0.8518483 -0.8531993 -0.8545658
-0.8559491 -0.8573504 -0.8587709 -0.8602117 -0.8616741
-0.8631593 -0.8646684 -0.8662027 -0.8677633 -0.8693515
-0.8709685 -0.8726154 -0.8742935 -0.8760039 -0.8777479
-0.8795266 -0.8813413 -0.8831932 -0.8850834 -0.8870131
-0.8889836 -0.890996 -0.8930516 -0.8951516 -0.897297
-0.8994893 -0.9017294 -0.9040187 -0.9063584 -0.9087495
-0.9111935 -0.9136913 -0.9162443 -0.9188536 -0.9215205
-0.9242461 -0.9270316 -0.9298783 -0.9327873 -0.9357598
-0.9387971 -0.9419002 -0.9450705 -0.9483074 -0.9516091
-0.9549737 -0.9583993 -0.9618839 -0.9654256 -0.9690224
-0.9726725 -0.976374 -0.9801248 -0.9839231 -0.9877669
-0.9916544 -0.9955835 -0.9995523 -1.003559 -1.007602
-1.011678 -1.015787 -1.019926 -1.024092 -1.028286
-1.032503 -1.036743 -1.041003 -1.045282 -1.049578
-1.053888 -1.058211 -1.062545 -1.066888 -1.071238
-1.075592 -1.07995 -1.084309 -1.088668 -1.093024
-1.097375 -1.101719 -1.106056 -1.110382 -1.114695
-1.118994 -1.123278 -1.127543 -1.131788 -1.136011
-1.140211 -1.144384 -1.14853 -1.152646 -1.156731
-1.160782 -1.164798 -1.168776 -1.172715 -1.176613
-1.180468 -1.184278 -1.18804 -1.191754 -1.195417
-1.199027 -1.202583 -1.206082 -1.209522 -1.212902
-1.216219 -1.219472 -1.222659 -1.225778 -1.228826
-1.231803 -1.234705 -1.237532 -1.24028 -1.242949
-1.245537 -1.24804 -1.250459 -1.252789 -1.255031
-1.257181 -1.259237 -1.261199 -1.263063 -1.264829
-1.266493 -1.268055 -1.269511 -1.270862 -1.272109
-1.273257 -1.274307 -1.275265 -1.276134 -1.276917
-1.277618 -1.27824 -1.278787 -1.279262 -1.27967
-1.280013 -1.280295 -1.28052 -1.280691 -1.280811
-1.280886 -1.280917 -1.280908 -1.280864 -1.280787
-1.280681 -1.28055 -1.280397 -1.280226 -1.28004
-1.279843 -1.279639 -1.279431 -1.279222 -1.279016
-1.278817 -1.278628 -1.278453 -1.278295 -1.278158
-1.278046 -1.277961 -1.277908 -1.277891 -1.277911
-1.277974 -1.278083 -1.278241 -1.278452 -1.27872
-1.279047 -1.279438 -1.279896 -1.280425 -1.281028
-1.281708 -1.28247 -1.283317 -1.284252 -1.28528
-1.286402 -1.287624 -1.288949 -1.290379 -1.29192
-1.293573 -1.295344 -1.297235 -1.29925 -1.301392
-1.303666 -1.306074 -1.30862 -1.311309 -1.314142
-1.317124 -1.320259 -1.323549 -1.326999 -1.330613
-1.334392 -1.338342 -1.342466 -1.346767 -1.351249
-1.355915 -1.360769 -1.365815 -1.371056 -1.376495
-1.382136 -1.387984 -1.39404 -1.400309 -1.406795
1.593004 1.582613 1.572356 1.56223 1.552233
1.542362 1.532615 1.522991 1.513487 1.5041
1.49483 1.485673 1.476628 1.467692 1.458864
1.450141 1.44152 1.433 1.42458 1.416255
1.408025 1.399887 1.39184 1.38388 1.376006
1.368216 1.360507 1.352878 1.345325 1.337848
1.330444 1.323111 1.315846 1.308648 1.301514
1.294442 1.287431 1.280477 1.273579 1.266735
1.259942 1.253199 1.246503 1.239852 1.233243
1.226676 1.220147 1.213655 1.207197 1.200771
1.194375 1.188007 1.181665 1.175346 1.169049
1.162771 1.15651 1.150265 1.144032 1.13781
1.131597 1.12539 1.119187 1.112987 1.106786
1.100583 1.094377 1.088163 1.081941 1.075709
1.069463 1.063203 1.056925 1.050628 1.04431
1.037968 1.0316 1.025205 1.018779 1.012322
1.00583 0.9993012 0.9927342 0.9861264 0.9794757
0.97278 0.9660372 0.959245 0.9524013 0.9455041
0.9385511 0.9315402 0.9244692 0.9173366 0.9101427
0.902888 0.8955732 0.888199 0.8807661 0.8732749
0.8657263 0.8581208 0.8504592 0.8427419 0.8349697
0.8271433 0.8192632 0.8113302 0.8033448 0.7953077
0.7872196 0.7790811 0.7708928 0.7626554 0.7543695
0.7460358 0.7376549 0.7292275 0.7207542 0.7122357
0.7036726 0.6950655 0.6864151 0.6777221 0.668987
0.6602105 0.6513934 0.6425361 0.6336394 0.624704
0.6157303 0.6067192 0.5976712 0.5885871 0.5794673
0.5703126 0.5611237 0.5519011 0.5426455 0.5333576
0.524038 0.5146873 0.5053063 0.4958955 0.4864555
0.4769871 0.4674909 0.4579675 0.4484175 0.4388417
0.4292406 0.4196149 0.4099653 0.4002923 0.3905967
0.3808791 0.3711401 0.3613804 0.3516006 0.3418013
0.3319833 0.3221471 0.3122934 0.3024228 0.292536
0.2826337 0.2727164 0.2627849 0.2528397 0.2428815
0.232911 0.2229288 0.2129356 0.2029319 0.1929185
0.1828959 0.1728649 0.162826 0.15278 0.1427274
0.132669 0.1226053 0.112537 0.1024647 0.09238943
0.08231228 0.07223445 0.06215712 0.05208149 0.04200873
0.03194003 0.02187657 0.01181954 0.001770125 -0.008270498
-0.01830114 -0.02832062 -0.03832775 -0.04832135 -0.05830024
-0.06826322 -0.07820912 -0.08813675 -0.09804492 -0.1079325
-0.1177982 -0.1276409 -0.1374594 -0.1472526 -0.1570192
-0.166758 -0.1764679 -0.1861477 -0.1957963 -0.2054123
-0.2149947 -0.2245422 -0.2340537 -0.243528 -0.2529639
-0.2623602 -0.2717157 -0.2810293 -0.2902997 -0.2995258
-0.3087064 -0.3178404 -0.3269264 -0.3359634 -0.3449502
-0.3538855 -0.3627682 -0.3715971 -0.3803711 -0.3890889
-0.3977493 -0.4063512 -0.4148934 -0.4233747 -0.4317939
-0.4401498 -0.4484413 -0.4566672 -0.4648262 -0.4729173
-0.4809391 -0.4888906 -0.4967705 -0.5045777 -0.5123109
-0.5199691 -0.5275509 -0.5350553 -0.542481 -0.5498268
-0.5570917 -0.5642743 -0.5713735 -0.5783881 -0.585317
-0.5921589 -0.5989127 -0.6055772 -0.6121511 -0.6186334
-0.6250228 -0.6313182 -0.6375183 -0.643622 -0.649628
-0.6555353 -0.6613426 -0.6670488 -0.6726526 -0.6781532
-0.6835516 -0.6888494 -0.6940481 -0.6991492 -0.7041542
-0.7090648 -0.7138825 -0.7186087 -0.7232451 -0.7277932
-0.7322545 -0.7366306 -0.740923 -0.7451333 -0.749263
-0.7533136 -0.7572866 -0.7611838 -0.7650064 -0.7687562
-0.7724347 -0.7760433 -0.7795837 -0.7830574 -0.7864659
-0.7898108 -0.7930936 -0.7963158 -0.799479 -0.8025848
-0.8056346 -0.8086301 -0.8115727 -0.8144641 -0.8173057
-0.820099 -0.8228458 -0.8255474 -0.8282054 -0.8308214
-0.8333969 -0.8359334 -0.8384325 -0.8408958 -0.8433247
-0.8457209 -0.8480858 -0.850421 -0.8527281 -0.8550086
-0.8572639 -0.8594958 -0.8617057 -0.8638951 -0.8660657
-0.8682188 -0.8703562 -0.8724793 -0.8745897 -0.8766889
-0.8787784 -0.8808598 -0.8829347 -0.8850046 -0.887071
-0.8891354 -0.8911995 -0.8932647 -0.8953327 -0.8974048
-0.8994828 -0.901568 -0.9036622 -0.9057667 -0.9078832
-0.9100132 -0.9121582 -0.9143198 -0.9164996 -0.918699
-0.9209196 -0.9231629 -0.9254306 -0.9277241 -0.9300449
-0.9323947 -0.9347749 -0.9371872 -0.939633 -0.9421138
-0.9446305 -0.9471826 -0.9497694 -0.9523907 -0.9550456
-0.9577339 -0.9604549 -0.963208 -0.9659929 -0.9688089
-0.9716555 -0.9745322 -0.9774384 -0.9803737 -0.9833375
-0.9863292 -0.9893484 -0.9923946 -0.9954671 -0.9985654
-1.001689 -1.004838 -1.00801 -1.011207 -1.014427
-1.017669 -1.020934 -1.02422 -1.027527 -1.030855
-1.034203 -1.03757 -1.040957 -1.044362 -1.047785
-1.051225 -1.054682 -1.058156 -1.061645 -1.065149
-1.068669 -1.072202 -1.07575 -1.07931 -1.082883
-1.086468 -1.090065 -1.093673 -1.097292 -1.10092
-1.104558 -1.108205 -1.11186 -1.115523 -1.119194
-1.122871 -1.126555 -1.130244 -1.133939 -1.137638
-1.141342 -1.145049 -1.14876 -1.152473 -1.156188
-1.159905 -1.163622 -1.16734 -1.171059 -1.174776
-1.178493 -1.182208 -1.18592 -1.18963 -1.193337
-1.19704 -1.200739 -1.204433 -1.208122 -1.211805
-1.215482 -1.219151 -1.222813 -1.226468 -1.230113
-1.23375 -1.237377 -1.240995 -1.244601 -1.248196
-1.25178 -1.255352 -1.258911 -1.262457 -1.26599
-1.269509 -1.273015 -1.276505 -1.279981 -1.283441
-1.286886 -1.290314 -1.293726 -1.297121 -1.300499
-1.303859 -1.3072 -1.310523 -1.313828 -1.317112
-1.320377 -1.323622 -1.326846 -1.330049 -1.333231
-1.336391 -1.339529 -1.342644 -1.345736 -1.348805
-1.35185 -1.35487 -1.357866 -1.360837 -1.363782
-1.366702 -1.369595 -1.372462 -1.375301 -1.378113
-1.380897 -1.383653 -1.38638 -1.389078 -1.391747
-1.394386 -1.396994 -1.399571 -1.402118 -1.404633
-1.407116 -1.409566 -1.411984 -1.414369 -1.41672
-1.419037 -1.42132 -1.423568 -1.425781 -1.427958
-1.430099 -1.432204 -1.434272 -1.436303 -1.438296
-1.440251 -1.442168 -1.444046 -1.445885 -1.447684
-1.449443 -1.451162 -1.452839 -1.454476 -1.456071
-1.457623 -1.459134 -1.460601 -1.462025 -1.463405
-1.464742 -1.466034 -1.46728 -1.468482 -1.469638
-1.470748 -1.471811 -1.472827 -1.473796 -1.474717
-1.475591 -1.476415 -1.477191 -1.477917 -1.478594
-1.47922 -1.479796 -1.480322 -1.480796 -1.481219
-1.481589 -1.481908 -1.482174 -1.482387 -1.482546
-1.482652 -1.482703 -1.4827 -1.482642 -1.482528
-1.482359 -1.482134 -1.481853 -1.481515 -1.481119
-1.480667 -1.480156 -1.479587 -1.478959 -1.478272
-1.477526 -1.47672 -1.475854 -1.474927 -1.47394
-1.472891 -1.47178 -1.470608 -1.469373 -1.468075
-1.466715 -1.46529 -1.463802 -1.46225 -1.460632
-1.45895 -1.457203 -1.455389 -1.45351 -1.451564
-1.449551 -1.447471 -1.445323 -1.443107 -1.440823
-1.43847 -1.436048 -1.433556 -1.430995 -1.428363
-1.42566 -1.422887 -1.420042 -1.417126 -1.414137
-1.411076 -1.407941 -1.404734 -1.401453 -1.398098
-1.394669 -1.391165 -1.387585 -1.38393 -1.3802
-1.376393 -1.372509 -1.368549 -1.364511 -1.360395
-1.356201 -1.351929 -1.347578 -1.343147 -1.338637
-1.334047 -1.329377 -1.324625 -1.319793 -1.314879
-1.309884 -1.304806 -1.299647 -1.294408 -1.289092
-1.283699 -1.278232 -1.272692 -1.267081 -1.261401
-1.255653 -1.249839 -1.243961 -1.238021 -1.23202
-1.22596 -1.219842 -1.213669 -1.207441 -1.201162
-1.194832 -1.188453 -1.182027 -1.175556 -1.169041
-1.162484 -1.155886 -1.14925 -1.142578 -1.13587
-1.129128 -1.122355 -1.115552 -1.10872 -1.101862
-1.094979 -1.088073 -1.081145 -1.074198 -1.067232
-1.06025 -1.053253 -1.046244 -1.039223 -1.032192
-1.025154 -1.01811 -1.011061 -1.004009 -0.9969569
-0.9899051 -0.9828556 -0.9758103 -0.9687709 -0.9617389
-0.9547162 -0.9477045 -0.9407054 -0.9337207 -0.9267521
-0.9198012 -0.9128698 -0.9059597 -0.8990724 -0.8922098
-0.8853734 -0.8785651 -0.8717866 -0.8650394 -0.8583255
-0.8516464 -0.8450039 -0.8383996 -0.8318353 -0.8253128
-0.8188336 -0.8123995 -0.8060123 -0.7996735 -0.7933851
-0.7871485 -0.7809656 -0.774838 -0.7687676 -0.7627559
-0.7568046 -0.7509156 -0.7450904 -0.7393309 -0.7336386
-0.7280154 -0.7224629 -0.7169819 -0.7115702 -0.7062249
-0.7009433 -0.6957224 -0.6905595 -0.6854518 -0.6803964
-0.6753904 -0.6704312 -0.6655159 -0.6606416 -0.6558055
-0.6510048 -0.6462366 -0.6414983 -0.6367868 -0.6320995
-0.6274334 -0.6227858 -0.6181538 -0.6135347 -0.6089255
-0.6043235 -0.5997259 -0.5951298 -0.5905324 -0.5859308
-0.5813223 -0.5767041 -0.5720733 -0.567427 -0.5627625
-0.558077 -0.5533676 -0.5486315 -0.5438659 -0.5390679
-0.5342347 -0.5293636 -0.5244517 -0.5194961 -0.514494
-0.5094427 -0.5043393 -0.4991809 -0.4939648 -0.4886881
-0.4833481 -0.4779418 -0.4724665 -0.4669193 -0.4612974
-0.4555981 -0.4498184 -0.4439555 -0.4380067 -0.4319691
-0.4258398 -0.4196161 -0.4132952 -0.4068742 -0.4003502
-0.3937205 -0.3869823 -0.3801327 -0.3731689 -0.3660881
-0.3588874 -0.3515641 -0.3441153 -0.3365381 -0.3288298
-0.3209876 -0.3130086 -0.30489 -0.296629 -0.2882227
-0.2796683 -0.2709631 -0.2621042 -0.2530887 -0.2439138
-0.2345768 -0.2250747 -0.2154049 -0.2055644 -0.1955504
-0.1853601 -0.1749907 -0.1644395 -0.1537074 -0.1427989
-0.1317183 -0.1204702 -0.1090592 -0.09748979 -0.08576645
-0.07389373 -0.06187613 -0.0497182 -0.03742444 -0.02499938
-0.01244755 0.0002265466 0.01301838 0.02592342 0.03893715
0.05205506 0.06527262 0.0785853 0.09198859 0.105478
0.1190489 0.1326969 0.1464174 0.1602059 0.1740579
0.1879688 0.2019342 0.2159494 0.2300101 0.2441117
0.2582495 0.2724193 0.2866163 0.3008361 0.3150741
0.3293259 0.343587 0.3578527 0.3721186 0.3863801
0.4006328 0.4148721 0.4290935 0.4432924 0.4574644
0.471605 0.4857095 0.4997735 0.5137925 0.5277619
0.5416772 0.5555339 0.5693275 0.5830534 0.5967072
0.6102843 0.6237802 0.6371903 0.6505102 0.6637353
0.6768611 0.6898831 0.7027968 0.7155976 0.728281
0.7408424 0.7532775 0.7655816 0.7777503 0.7897789
0.8016631 0.8133982 0.8249797 0.8364032 0.8476641
0.8587578 0.8696799 0.8804259 0.8909911 0.9013712
0.9115615 0.9215576 0.9313549 0.9409489 0.9503351
0.9595089 0.9684659 0.9772015 0.9857125 0.9940013
1.002072 1.00993 1.017579 1.025023 1.032267
1.039315 1.046171 1.05284 1.059326 1.065634
1.071767 1.077731 1.083529 1.089167 1.094647
1.099975 1.105156 1.110192 1.11509 1.119852
1.124484 1.12899 1.133374 1.13764 1.141793
1.145838 1.149778 1.153618 1.157363 1.161016
1.164582 1.168066 1.171471 1.174803 1.178065
1.181262 1.184398 1.187477 1.190505 1.193485
1.196421 1.199319 1.202182 1.205014 1.207821
1.210606 1.213374 1.216129 1.218876 1.221618
1.224361 1.227108 1.229865 1.232634 1.235422
1.238231 1.241067 1.243933 1.246835 1.249776
1.252761 1.255794 1.258879 1.262022 1.265226
1.268495 1.271835 1.275249 1.278741 1.282317
1.28598 1.289735 1.293586 1.297537 1.301593
1.305759 1.310038 1.314435 1.318955 1.323601
1.328378 1.33329 1.338343 1.343539 1.348884
1.354381 1.360036 1.365852 1.371835 1.377987
-0.9772694 -0.8912799 -0.8072991 -0.7253038 -0.6452705
-0.5671761 -0.4909972 -0.4167105 -0.3442928 -0.2737207
-0.2049709 -0.1380202 -0.07284533 -0.009422892 0.05227036
0.1122577 0.1705625 0.227208 0.2822174 0.3356142
0.3874215 0.4376627 0.486361 0.5335398 0.5792224
0.623432 0.6661919 0.7075254 0.7474559 0.7860066
0.8232008 0.8590618 0.8936128 0.9268773 0.9588785
0.9896396 1.019184 1.047535 1.074716 1.10075
1.12566 1.14947 1.172203 1.193883 1.214532
1.234173 1.252832 1.270529 1.28729 1.303136
1.318092 1.33218 1.345425 1.357848 1.369475
1.380327 1.390428 1.399801 1.408471 1.416459
1.423789 1.430486 1.436571 1.442068 1.447
1.451392 1.455265 1.458644 1.461552 1.464011
1.466046 1.467679 1.468934 1.469834 1.470402
1.470662 1.470637 1.470351 1.469826 1.469085
1.468153 1.467053 1.465807 1.464439 1.462973
1.461431 1.459837 1.458214 1.456586 1.454975
1.453406 1.451901 1.450483 1.449171 1.447964
1.446856 1.445842 1.444919 1.44408 1.443322
1.442639 1.442027 1.441481 1.440995 1.440566
1.440188 1.439856 1.439566 1.439313 1.439091
1.438897 1.438725 1.43857 1.438429 1.438294
1.438163 1.43803 1.437891 1.437739 1.437572
1.437383 1.437168 1.436923 1.436642 1.43632
1.435953 1.435536 1.435063 1.434531 1.433935
1.433269 1.432528 1.431709 1.430805 1.429813
1.428727 1.427543 1.426255 1.424859 1.423351
1.421724 1.419975 1.418099 1.41609 1.413945
1.411657 1.409223 1.406637 1.403894 1.400991
1.397921 1.394681 1.391264 1.387668 1.383885
1.379913 1.375746 1.371379 1.366807 1.362025
1.357029 1.351815 1.346376 1.340708 1.334806
1.328666 1.322283 1.315652 1.308767 1.301625
1.29422 1.286548 1.278603 1.270382 1.261878
1.253088 1.244005 1.234627 1.224947 1.214961
1.204664 1.194052 1.183119 1.17186 1.160277
1.148374 1.136157 1.123632 1.110804 1.097679
1.084262 1.07056 1.056576 1.042318 1.027791
1.012999 0.9979501 0.9826482 0.9670994 0.9513091
0.9352831 0.9190268 0.9025459 0.8858459 0.8689324
0.851811 0.8344874 0.8169669 0.7992553 0.7813582
0.763281 0.7450295 0.7266091 0.7080254 0.6892841
0.6703907 0.6513508 0.63217 0.6128539 0.5934079
0.5738379 0.5541492 0.5343475 0.5144384 0.4944274
0.4743202 0.4541222 0.4338392 0.4134767 0.3930402
0.3725353 0.3519677 0.3313429 0.3106665 0.289944
0.2691811 0.2483833 0.2275563 0.2067055 0.1858366
0.1649552 0.1440668 0.123177 0.1022915 0.08141569
0.06055528 0.03971582 0.0189029 -0.001877917 -0.02262104
-0.04332088 -0.06397186 -0.08456841 -0.1051049 -0.1255759
-0.1459756 -0.1662986 -0.1865392 -0.2066919 -0.226751
-0.2467111 -0.2665665 -0.2863117 -0.305941 -0.3254489
-0.3448298 -0.3640781 -0.3831882 -0.4021546 -0.4209717
-0.4396338 -0.4581355 -0.4764711 -0.494635 -0.5126224
-0.5304322 -0.5480644 -0.565519 -0.5827961 -0.5998958
-0.6168179 -0.6335627 -0.65013 -0.66652 -0.6827327
-0.6987682 -0.7146263 -0.7303073 -0.7458111 -0.7611378
-0.7762874 -0.7912599 -0.8060553 -0.8206738 -0.8351153
-0.8493799 -0.8634676 -0.8773785 -0.8911126 -0.9046698
-0.9180504 -0.9312542 -0.9442813 -0.9571318 -0.9698057
-0.982303 -0.9946238 -1.006768 -1.018736 -1.030527
-1.042142 -1.053581 -1.064843 -1.07593 -1.086839
-1.097573 -1.10813 -1.118512 -1.128717 -1.138746
-1.148599 -1.158276 -1.167777 -1.177103 -1.186252
-1.195225 -1.204023 -1.212645 -1.221091 -1.229361
-1.237456 -1.245375 -1.253119 -1.260686 -1.268079
-1.275296 -1.282337 -1.289203 -1.295894 -1.302409
-1.308749 -1.314913 -1.320903 -1.326717 -1.332356
-1.337819 -1.343108 -1.348222 -1.35316 -1.357924
-1.362512 -1.366926 -1.371165 -1.375229 -1.379118
-1.382832 -1.386372 -1.389736 -1.392926 -1.395942
-1.398783 -1.401449 -1.403941 -1.406258 -1.408401
-1.410369 -1.41216 -1.413773 -1.415208 -1.416461
-1.417532 -1.41842 -1.419123 -1.419639 -1.419967
-1.420106 -1.420054 -1.419809 -1.419371 -1.418738
-1.417909 -1.416881 -1.415654 -1.414225 -1.412595
-1.41076 -1.408721 -1.406475 -1.40402 -1.401356
-1.398481 -1.395394 -1.392092 -1.388576 -1.384842
-1.38089 -1.376719 -1.372326 -1.367711 -1.362872
-1.357808 -1.352516 -1.346996 -1.341247 -1.335266
-1.329053 -1.322605 -1.315922 -1.309002 -1.301844
-1.294445 -1.286806 -1.278923 -1.270797 -1.262425
-1.253805 -1.244938 -1.23582 -1.226451 -1.216829
-1.206952 -1.19682 -1.186431 -1.175783 -1.164875
-1.153706 -1.142274 -1.130577 -1.118614 -1.106385
-1.093886 -1.081117 -1.068077 -1.054764 -1.041176
-1.027312 -1.013171 -0.9987509 -0.9840507 -0.9690688
-0.9538038 -0.9382542 -0.9224185 -0.9062954 -0.8898834
-0.873181 -0.8561869 -0.8388995 -0.8213174 -0.8034392
-0.7852634 -0.7667886 -0.7480134 -0.7289363 -0.7095559
-0.6898715 -0.6698892 -0.6496179 -0.6290668 -0.6082448
-0.587161 -0.5658245 -0.5442444 -0.5224296 -0.5003893
-0.4781324 -0.4556681 -0.4330053 -0.4101532 -0.3871208
-0.3639171 -0.3405512 -0.3170322 -0.293369 -0.2695708
-0.2456466 -0.2216054 -0.1974564 -0.1732085 -0.1488708
-0.1244523 -0.09996217 -0.07540939 -0.05080302 -0.02615211
-0.001465712 0.02324712 0.04797733 0.07271587 0.0974537
0.1221817 0.146891 0.1715723 0.1962168 0.2208152
0.2453586 0.269838 0.2942442 0.3185682 0.3428009
0.3669334 0.3909566 0.4148613 0.4386387 0.4622795
0.4857748 0.5091154 0.5322925 0.5552968 0.5781194
0.6007511 0.623183 0.645406 0.6674111 0.6891891
0.7107311 0.7320279 0.7530706 0.7738501 0.7943573
0.8145832 0.8345187 0.8541548 0.8734824 0.8924924
0.9111759 0.9295238 0.947527 0.9651765 0.9824631
0.9993779 1.015912 1.032056 1.047801 1.063138
1.078058 1.092551 1.10661 1.120224 1.133385
1.146084 1.158311 1.170058 1.181315 1.192074
1.202325 1.212064 1.221296 1.230027 1.238263
1.246012 1.253278 1.260069 1.266391 1.272249
1.277651 1.282602 1.287109 1.291178 1.294816
1.298028 1.300822 1.303202 1.305176 1.30675
1.30793 1.308722 1.309133 1.30917 1.308837
1.308142 1.307091 1.30569 1.303945 1.301863
1.299451 1.296713 1.293657 1.290289 1.286615
1.282642 1.278375 1.273821 1.268987 1.263878
1.258502 1.252863 1.246969 1.240825 1.234439
1.227816 1.220963 1.213885 1.20659 1.199084
1.191372 1.183461 1.175358 1.167068 1.158598
1.149954 1.141143 1.132171 1.123044 1.113768
1.10435 1.094796 1.085112 1.075305 1.06538
1.055345 1.045205 1.034967 1.024637 1.014221
1.003725 0.9931568 0.9825214 0.9718255 0.9610752
0.950277 0.9394371 0.9285618 0.9176574 0.9067301
0.8957863 0.8848322 0.8738742 0.8629185 0.8519714
0.8410392 0.8301282 0.8192446 0.8083949 0.7975852
0.7868218 0.7761108 0.7654549 0.7548547 0.7443105
0.7338228 0.7233922 0.7130189 0.7027036 0.6924467
0.6822485 0.6721097 0.6620306 0.6520117 0.6420534
0.6321562 0.6223207 0.6125471 0.6028361 0.5931879
0.5836032 0.5740824 0.5646259 0.5552341 0.5459076
0.5366468 0.5274521 0.5183241 0.5092631 0.5002696
0.4913441 0.4824871 0.473699 0.4649802 0.4563313
0.4477526 0.4392447 0.430808 0.4224429 0.4141499
0.4059295 0.3977821 0.3897082 0.3817083 0.3737827
0.365932 0.3581566 0.350457 0.3428337 0.335287
0.3278175 0.3204255 0.3131117 0.3058764 0.29872
0.2916431 0.2846461 0.2777295 0.2708936 0.2641391
0.2574663 0.2508756 0.2443676 0.2379428 0.2316015
0.2253442 0.2191714 0.2130835 0.207081 0.2011644
0.1953341 0.1895906 0.1839343 0.1783657 0.1728852
0.1674933 0.1621906 0.1569773 0.151854 0.1468211
0.1418792 0.1370286 0.1322698 0.1276033 0.1230295
0.1185489 0.1141619 0.1098691 0.1056708 0.1015675
0.09755971 0.09364786 0.08983117 0.08610496 0.08246377
0.07890215 0.07541464 0.07199577 0.06864009 0.06534213
0.06209645 0.05889758 0.05574006 0.05261843 0.04952724
0.04646102 0.04341432 0.04038167 0.03735763 0.03433672
0.03131349 0.02828248 0.02523823 0.02217529 0.01908819
0.01597148 0.01281969 0.009627371 0.006389058 0.003099295
-0.0002473776 -0.003656419 -0.007133289 -0.01068345 -0.01431235
-0.01802545 -0.02182822 -0.02572612 -0.02972459 -0.03382911
-0.03804512 -0.04237809 -0.04683349 -0.05141675 -0.05613336
-0.06098875 -0.0659884 -0.07113777 -0.0764423 -0.08190747
-0.08753872 -0.09334152 -0.09932133 -0.1054836 -0.1118338
-0.1183774 -0.1251198 -0.1320666 -0.139223 -0.1465948
-0.1541872 -0.1620057 -0.1700558 -0.178343 -0.1868727
-0.1956504 -0.2046815 -0.2139715 -0.2235258 -0.23335
-0.2434494 -0.2538296 -0.2644959 -0.2754539 -0.286709
-0.2982666 -0.3101323 -0.3223115 -0.3348096 -0.3476321
-0.3607844 -0.3742721 -0.3881006 -0.4022752 -0.4168016
-0.4316852 -0.4469313 -0.4625455 -0.4785333 -0.4949
-0.5116512 -0.5287923 -0.5463283 -0.564253 -0.5825496
-0.6012005 -0.6201885 -0.6394961 -0.6591059 -0.6790004
-0.6991623 -0.7195742 -0.7402186 -0.7610782 -0.7821356
-0.8033733 -0.8247739 -0.84632 -0.8679943 -0.8897792
-0.9116575 -0.9336116 -0.9556243 -0.977678 -0.9997554
-1.021839 -1.043912 -1.065955 -1.087953 -1.109888
-1.131742 -1.153498 -1.175138 -1.196645 -1.218001
-1.23919 -1.260194 -1.280995 -1.301576 -1.32192
-1.342008 -1.361825 -1.381352 -1.400571 -1.419467
-1.43802 -1.456214 -1.474031 -1.491455 -1.508466
-1.525049 -1.541186 -1.556858 -1.57205 -1.586743
-1.60092 -1.614564 -1.627657 -1.640182 -1.652121
-1.663457 -1.674173 -1.684251 -1.693673 -1.702423
-1.710484 -1.717836 -1.724464 -1.73035 -1.735475
-1.739824 -1.743379 -1.746121 -1.748034 -1.749101
-1.749303 -1.748624 -1.747046 -1.744551 -1.741123
-1.736744 -1.731396 -1.725062 -1.717725 -1.709367
-1.699971 -1.689519 -1.677994 -1.665379 -1.651656
-1.636808 -1.620817 -1.603666 -1.585347 -1.565893
-1.545352 -1.523771 -1.501197 -1.477677 -1.453259
-1.427989 -1.401914 -1.375082 -1.34754 -1.319335
-1.290513 -1.261123 -1.231212 -1.200825 -1.170011
-1.138817 -1.10729 -1.075476 -1.043424 -1.011179
-0.9787901 -0.9463033 -0.9137661 -0.8812255 -0.8487286
-0.8163227 -0.7840547 -0.7519719 -0.7201213 -0.6885501
-0.6573054 -0.6264343 -0.5959839 -0.5660015 -0.536534
-0.5076286 -0.4793325 -0.4516927 -0.4247565 -0.3985708
-0.3731828 -0.3486398 -0.3249887 -0.3022767 -0.2805509
-0.2598585 -0.2402465 -0.2217622 -0.2044526 -0.1883648
-0.173546 -0.1600432 -0.1479037 -0.1371745 -0.1279028
-0.1201357 -0.1139203 -0.1093037 -0.106333 -0.1050555
-0.1055181 -0.1077681 -0.1118525 -0.1178185 -0.1257132
-0.1355837 -0.1474772 -0.1614407 -0.1775214 -0.1957664
-0.2162229 -0.2389379 -0.2639586 -0.2913321 -0.3211055
-0.353326 -0.3880407 -0.4252966 -0.465141 -0.507621
-0.5527836 -0.600676 -0.6513453 -0.7048387 -0.7612032
-0.820486 -0.8827343 -0.947995 -1.016315 -1.087743
-0.72259 -0.7129828 -0.7033172 -0.6935938 -0.6838132
-0.6739759 -0.6640824 -0.6541334 -0.6441294 -0.6340709
-0.6239585 -0.6137927 -0.6035742 -0.5933034 -0.5829809
-0.5726073 -0.5621832 -0.551709 -0.5411854 -0.5306129
-0.519992 -0.5093234 -0.4986075 -0.487845 -0.4770363
-0.4661821 -0.4552828 -0.4443391 -0.4333516 -0.4223207
-0.411247 -0.400131 -0.3889735 -0.3777748 -0.3665355
-0.3552563 -0.3439376 -0.33258 -0.3211841 -0.3097504
-0.2982795 -0.286772 -0.2752283 -0.2636491 -0.2520349
-0.2403863 -0.2287037 -0.2169879 -0.2052393 -0.1934585
-0.181646 -0.1698024 -0.1579283 -0.1460242 -0.1340907
-0.1221283 -0.1101376 -0.09811907 -0.08607339 -0.07400105
-0.06190263 -0.04977867 -0.03762973 -0.02545637 -0.01325914
-0.001038601 0.01120469 0.02347018 0.03575732 0.04806553
0.06039428 0.072743 0.08511114 0.09749814 0.1099034
0.1223265 0.1347667 0.1472236 0.1596966 0.172185
0.1846885 0.1972063 0.209738 0.222283 0.2348408
0.2474107 0.2599923 0.2725849 0.2851881 0.2978012
0.3104237 0.323055 0.3356947 0.3483419 0.3609956
0.3736544 0.3863171 0.3989824 0.411649 0.4243156
0.4369811 0.449644 0.4623032 0.4749573 0.4876052
0.5002454 0.5128768 0.5254981 0.538108 0.5507052
0.5632884 0.5758565 0.588408 0.6009418 0.6134565
0.625951 0.6384238 0.6508738 0.6632997 0.6757002
0.688074 0.7004198 0.7127364 0.7250226 0.737277
0.7494983 0.7616853 0.7738368 0.7859514 0.7980279
0.8100649 0.8220613 0.8340158 0.845927 0.8577938
0.8696147 0.8813887 0.8931143 0.9047904 0.9164156
0.9279887 0.9395083 0.9509733 0.9623824 0.9737342
0.9850276 0.9962611 1.007434 1.018544 1.029591
1.040572 1.051488 1.062336 1.073116 1.083826
1.094464 1.10503 1.115522 1.125939 1.13628
1.146543 1.156728 1.166832 1.176855 1.186795
1.196652 1.206423 1.216107 1.225704 1.235212
1.244629 1.253955 1.263188 1.272327 1.28137
1.290317 1.299166 1.307916 1.316565 1.325112
1.333557 1.341897 1.350131 1.358259 1.366279
1.374192 1.381998 1.389696 1.397288 1.404772
1.41215 1.419421 1.426586 1.433644 1.440596
1.447441 1.454181 1.460814 1.467341 1.473763
1.480078 1.486289 1.492393 1.498392 1.504286
1.510075 1.515759 1.521338 1.526812 1.532181
1.537445 1.542605 1.547661 1.552612 1.557459
1.562202 1.566841 1.571376 1.575807 1.580134
1.584358 1.588479 1.592496 1.59641 1.600221
1.603929 1.607534 1.611036 1.614435 1.617732
1.620926 1.624018 1.627008 1.629895 1.632681
1.635364 1.637946 1.640426 1.642804 1.645081
1.647256 1.64933 1.651303 1.653175 1.654946
1.656615 1.658185 1.659653 1.661021 1.662289
1.663456 1.664523 1.66549 1.666357 1.667124
1.667791 1.668358 1.668826 1.669195 1.669464
1.669634 1.669704 1.669676 1.669549 1.669323
1.668998 1.668574 1.668053 1.667432 1.666714
1.665897 1.664982 1.663969 1.662859 1.66165
1.660344 1.658939 1.657435 1.655831 1.654128
1.652324 1.65042 1.648414 1.646307 1.644098
1.641787 1.639372 1.636855 1.634234 1.631508
1.628678 1.625743 1.622703 1.619556 1.616304
1.612945 1.609478 1.605904 1.602222 1.598432
1.594532 1.590524 1.586406 1.582177 1.577838
1.573388 1.568827 1.564153 1.559368 1.55447
1.549458 1.544333 1.539094 1.533741 1.528272
1.522689 1.516989 1.511174 1.505242 1.499192
1.493026 1.486741 1.480339 1.473817 1.467177
1.460416 1.453536 1.446535 1.439414 1.432171
1.424806 1.41732 1.40971 1.401978 1.394122
1.386143 1.378039 1.36981 1.361456 1.352976
1.344371 1.335639 1.32678 1.317794 1.30868
1.299438 1.290067 1.280568 1.270938 1.261179
1.25129 1.24127 1.231119 1.220836 1.210421
1.199873 1.189193 1.178379 1.167432 1.156351
1.145134 1.133783 1.122297 1.110674 1.098915
1.087021 1.074993 1.062834 1.050547 1.038133
1.025596 1.012937 1.000159 0.9872638 0.9742548
0.9611338 0.9479033 0.9345657 0.9211232 0.9075784
0.8939335 0.880191 0.8663533 0.8524227 0.8384016
0.8242925 0.8100976 0.7958194 0.7814602 0.7670225
0.7525086 0.7379209 0.7232618 0.7085337 0.6937389
0.6788799 0.6639589 0.6489785 0.633941 0.6188487
0.6037041 0.5885095 0.5732673 0.55798 0.5426498
0.5272792 0.5118705 0.4964261 0.4809485 0.46544
0.449903 0.4343398 0.4187529 0.4031446 0.3875173
0.3718734 0.3562153 0.3405454 0.324866 0.3091795
0.2934884 0.2777949 0.2621016 0.2464106 0.2307246
0.2150458 0.1993765 0.1837193 0.1680765 0.1524504
0.1368434 0.121258 0.1056965 0.0901613 0.07465477
0.05917929 0.04373726 0.02833106 0.01296306 -0.002364338
-0.01764876 -0.03288783 -0.04807916 -0.06322036 -0.07830906
-0.09334286 -0.1083194 -0.1232363 -0.1380911 -0.1528815
-0.1676051 -0.1822595 -0.1968423 -0.2113512 -0.2257838
-0.2401377 -0.2544115 -0.2686041 -0.2827144 -0.2967412
-0.3106835 -0.3245402 -0.3383101 -0.3519921 -0.3655851
-0.379088 -0.3924997 -0.4058191 -0.4190451 -0.4321766
-0.4452124 -0.4581514 -0.4709926 -0.4837348 -0.496377
-0.5089179 -0.5213565 -0.5336918 -0.5459225 -0.5580475
-0.5700659 -0.5819763 -0.5937779 -0.6054693 -0.6170496
-0.6285175 -0.6398721 -0.6511122 -0.6622366 -0.6732443
-0.6841342 -0.6949051 -0.705556 -0.7160857 -0.7264931
-0.7367772 -0.7469367 -0.7569706 -0.7668778 -0.7766572
-0.7863076 -0.795828 -0.8052172 -0.8144742 -0.8235978
-0.8325869 -0.8414404 -0.8501572 -0.8587362 -0.8671762
-0.8754763 -0.8836351 -0.8916517 -0.899525 -0.9072538
-0.914837 -0.9222735 -0.9295622 -0.9367019 -0.9436917
-0.9505303 -0.9572167 -0.9637497 -0.9701283 -0.9763513
-0.9824176 -0.9883261 -0.9940757 -0.9996653 -1.005094
-1.01036 -1.015463 -1.020401 -1.025174 -1.02978
-1.034219 -1.038488 -1.042588 -1.046516 -1.050273
-1.053855 -1.057264 -1.060497 -1.063553 -1.066431
-1.069131 -1.071652 -1.073996 -1.076166 -1.078164
-1.079994 -1.081657 -1.083156 -1.084494 -1.085673
-1.086697 -1.087566 -1.088285 -1.088855 -1.089279
-1.08956 -1.0897 -1.089702 -1.089568 -1.089301
-1.088904 -1.088378 -1.087727 -1.086954 -1.08606
-1.085048 -1.083921 -1.082682 -1.081333 -1.079876
-1.078314 -1.07665 -1.074886 -1.073024 -1.071069
-1.069021 -1.066883 -1.064658 -1.062349 -1.059959
-1.057489 -1.054942 -1.052321 -1.049628 -1.046866
-1.044038 -1.041146 -1.038192 -1.03518 -1.032112
-1.028989 -1.025816 -1.022594 -1.019326 -1.016015
-1.012662 -1.009272 -1.005845 -1.002386 -0.9988958
-0.9953775 -0.9918338 -0.9882671 -0.98468 -0.9810751
-0.9774549 -0.9738221 -0.9701791 -0.9665285 -0.9628728
-0.9592148 -0.9555568 -0.9519015 -0.9482514 -0.9446091
-0.9409772 -0.9373582 -0.9337546 -0.9301691 -0.9266042
-0.9230625 -0.9195464 -0.9160587 -0.9126017 -0.9091782
-0.9057907 -0.9024417 -0.8991337 -0.8958694 -0.8926514
-0.8894821 -0.886364 -0.8832977 -0.8802829 -0.877319
-0.8744054 -0.8715417 -0.8687274 -0.8659619 -0.8632447
-0.8605754 -0.8579533 -0.8553781 -0.8528491 -0.8503659
-0.8479279 -0.8455347 -0.8431858 -0.8408805 -0.8386185
-0.8363991 -0.834222 -0.8320865 -0.8299922 -0.8279386
-0.825925 -0.8239512 -0.8220164 -0.8201202 -0.8182622
-0.8164417 -0.8146583 -0.8129114 -0.8112006 -0.8095253
-0.8078851 -0.8062793 -0.8047076 -0.8031694 -0.8016641
-0.8001913 -0.7987504 -0.797341 -0.7959625 -0.7946145
-0.7932963 -0.7920075 -0.7907477 -0.7895161 -0.7883125
-0.7871362 -0.7859867 -0.7848636 -0.7837663 -0.7826942
-0.781647 -0.780624 -0.7796248 -0.7786489 -0.7776957
-0.7767647 -0.7758555 -0.7749674 -0.7741001 -0.7732529
-0.7724254 -0.7716171 -0.7708274 -0.7700559 -0.769302
-0.7685652 -0.767845 -0.7671408 -0.7664523 -0.7657788
-0.7651199 -0.764475 -0.7638437 -0.7632254 -0.7626196
-0.7620258 -0.7614434 -0.7608721 -0.7603112 -0.7597602
-0.7592187 -0.7586861 -0.758162 -0.7576457 -0.7571368
-0.7566348 -0.7561392 -0.7556497 -0.7551674 -0.7546933
-0.7542284 -0.753774 -0.7533311 -0.7529008 -0.7524843
-0.7520827 -0.751697 -0.7513283 -0.7509779 -0.7506468
-0.750336 -0.7500468 -0.7497802 -0.7495373 -0.7493193
-0.7491272 -0.7489622 -0.7488254 -0.7487178 -0.7486406
-0.7485949 -0.7485819 -0.7486025 -0.748658 -0.7487494
-0.7488778 -0.7490444 -0.7492503 -0.7494965 -0.7497843
-0.7501146 -0.7504886 -0.7509074 -0.7513722 -0.751884
-0.7524439 -0.7530531 -0.7537126 -0.7544236 -0.7551872
-0.7560045 -0.7568765 -0.7578045 -0.7587895 -0.7598326
-0.760935 -0.7620977 -0.7633218 -0.7646085 -0.7659589
-0.7673741 -0.7688551 -0.7704032 -0.7720194 -0.7737048
-0.7754605 -0.7772877 -0.7791874 -0.7811608 -0.7832089
-0.7853329 -0.7875339 -0.789813 -0.7921713 -0.7946099
-0.79713 -0.7997326 -0.8024188 -0.8051898 -0.8080466
-0.8109904 -0.8140223 -0.8171434 -0.8203548 -0.8236576
-0.8270529 -0.8305419 -0.8341256 -0.8378051 -0.8415816
-0.8454562 -0.8494299 -0.8535039 -0.8576794 -0.8619573
-0.8663388 -0.8708251 -0.8754171 -0.8801132 -0.8849095
-0.8898018 -0.8947859 -0.8998577 -0.9050131 -0.9102478
-0.9155578 -0.9209389 -0.926387 -0.9318978 -0.9374674
-0.9430914 -0.9487659 -0.9544865 -0.9602493 -0.96605
-0.9718844 -0.9777485 -0.9836381 -0.9895491 -0.9954772
-1.001418 -1.007369 -1.013323 -1.019279 -1.025231
-1.031175 -1.037108 -1.043024 -1.048921 -1.054793
-1.060636 -1.066448 -1.072222 -1.077956 -1.083644
-1.089284 -1.09487 -1.100399 -1.105866 -1.111267
-1.116599 -1.121856 -1.127036 -1.132133 -1.137143
-1.142063 -1.146889 -1.151615 -1.156238 -1.160754
-1.165159 -1.169448 -1.173618 -1.177664 -1.181582
-1.185368 -1.189018 -1.192527 -1.195892 -1.199108
-1.202171 -1.205078 -1.207823 -1.210403 -1.212814
-1.215051 -1.21711 -1.218988 -1.220679 -1.222181
-1.223488 -1.224597 -1.225503 -1.226203 -1.226692
-1.226965 -1.22702 -1.226851 -1.226455 -1.225827
-1.224964 -1.223861 -1.222513 -1.220918 -1.21907
-1.216966 -1.214601 -1.211971 -1.209074 -1.205913
-1.202496 -1.198827 -1.194914 -1.190762 -1.186377
-1.181767 -1.176936 -1.171892 -1.16664 -1.161187
-1.155538 -1.149701 -1.14368 -1.137483 -1.131115
-1.124584 -1.117894 -1.111052 -1.104065 -1.096938
-1.089678 -1.082291 -1.074783 -1.06716 -1.059428
-1.051595 -1.043665 -1.035645 -1.027542 -1.019361
-1.011109 -1.002791 -0.9944149 -0.9859857 -0.97751
-0.9689939 -0.9604436 -0.9518653 -0.9432653 -0.9346496
-0.9260245 -0.9173962 -0.9087709 -0.9001548 -0.891554
-0.8829748 -0.8744233 -0.8659058 -0.8574285 -0.8489974
-0.840619 -0.8322992 -0.8240443 -0.8158606 -0.8077542
-0.7997312 -0.791798 -0.7839606 -0.7762254 -0.7685984
-0.7610858 -0.753694 -0.7464289 -0.739297 -0.7323043
-0.725457 -0.7187613 -0.7122235 -0.7058497 -0.6996461
-0.6936189 -0.6877743 -0.6821185 -0.6766577 -0.6713981
-0.6663458 -0.6615071 -0.6568882 -0.6524952 -0.6483344
-0.6444119 -0.640734 -0.6373068 -0.6341365 -0.6312294
-0.6285915 -0.6262292 -0.6241485 -0.6223558 -0.6208571
